4.483812124281387479e-03
-5.709383224601829454e-01
-4.979633732768484200e-01
1.191954019055422587e-01
-4.874336345349082888e-01
-8.507614339826782834e-02
3.435256505339270849e-01
-1.996336868386228147e-01
-2.659175051626123942e-02
-7.506085323495610417e-01
5.448781282506613977e-01
-3.280254968130068560e-01
3.614904135769355653e-01
4.297361873193192849e-01
1.276974542040573979e-01
-4.645432962832882207e-02
-2.075811278270696392e-01
4.158712438629010716e-02
-1.201060730793491182e-01
-1.345874677483946125e-01
-1.438136244567014554e-01
2.131648694263787447e-01
-3.294810585977228090e-01
1.968942618664920041e-01
6.684079080404555784e-01
3.816110194912523679e-01
-3.568542005084942570e-01
-3.612915546786378274e-01
3.717529269215865129e-01
3.161419370156075548e-01
3.973344046933399154e-01
-4.429540641220743313e-01
-2.946606920048244760e-02
5.385889549796243347e-01
-4.610195339128994596e-02
-3.482161707667121298e-01
-1.221216505819574250e-01
2.406983543118244306e-01
-6.243348407827455926e-01
-3.618565006600621414e-01
1.951561539734096296e-01
6.427206299651948285e-02
-2.094162247067183069e-01
-2.183906377784448904e-01
-1.352640590103192375e-01
2.491351737838238822e-01
3.267911668346983323e-01
-5.532820278893136462e-02
1.809117614265131069e-01
-3.280351867643522268e-01
2.242088977882299161e-01
-1.453795969902653695e-01
2.451186615731903717e-01
7.249219564264207660e-01
4.083348123623457004e-01
-6.596440777312211068e-02
-1.532972623558290781e-01
4.716840512031855170e-01
5.230665567712663444e-01
1.468481392189818213e-01
4.534145364324551064e-01
-5.490685397371526666e-02
1.688618731710240517e-01
3.593760009555944102e-01
9.365904296529116435e-02
8.955785405812533018e-02
4.572123162548145103e-01
1.446675237869544106e-01
-4.098813284385394162e-01
4.644187591301325857e-01
-3.357203775658372802e-01
5.231137319366350180e-01
-6.863355576016099135e-01
2.683791716949875950e-01
-2.059174961538787485e-01
3.441382696970437527e-01
-1.025118457836985547e-01
-3.419823608344920163e-01
-5.422674714956738917e-01
-2.202259532637624584e-01
1.575832521154031662e-01
-1.303206570075368942e-01
3.853609714329077618e-01
-2.137046787128381031e-01
1.360768703249287670e-01
1.472723605078078701e-02
-6.787264638630491342e-01
1.027155629993759395e-01
3.931239535269229757e-01
-6.237210693397788885e-01
-1.200061915522152023e-02
-7.053996756900621223e-02
6.014369782222428462e-01
3.882585925637400681e-01
-1.014832647626225659e-01
-4.774250364606163477e-01
3.114976940299249986e-01
-2.798032298575341970e-01
-3.810422668325125772e-01
-3.066632087289283826e-01
1.577915068222827955e-02
-1.171434143774830183e-01
3.400678496452216870e-02
-1.970428042914987299e-01
4.018507394854149983e-01
-4.654283073061876164e-01
-3.627546535070427791e-01
5.393279112669753239e-01
2.239233102504684658e-01
4.011284400256431293e-01
1.776546506894819411e-01
2.955088804486561971e-01
2.597700958410140148e-01
7.699985686266094809e-02
-1.603256456203772107e-01
-5.755992391805562214e-01
-3.320572291668352216e-01
1.722214595414334748e-01
3.613249572988303515e-01
8.200268492104491047e-01
-1.516844611519317376e-01
3.162061693552993269e-01
-1.157311363704919410e-01
7.889430561605081937e-01
6.648042713328837783e-01
2.656509120927297296e-01
-6.467503479339767880e-01
2.021429662501415814e-01
2.188853593772629169e-01
1.626117092130188041e-02
-8.072883390719617913e-02
-6.373402556996172752e-01
-1.915762657685027293e-01
2.837296996894710377e-01
1.005683591767255747e-01
-4.845824455757263838e-02
-3.890865459450141284e-01
1.908131383763896904e-01
-2.718005832370585240e-01
4.439825714986246896e-01
-6.286635949553023295e-01
7.999242204815719681e-01
6.965490225658388379e-01
1.398357179657581384e-01
-5.918093182048285161e-01
-2.364097071188462351e-01
-7.513320508729842695e-02
7.238382140607604320e-01
-1.933520802145543838e-01
1.245723229565474099e-01
1.208657593760889687e-01
-4.104925969957507609e-02
-2.868647193170753562e-01
-8.707138734842916061e-02
2.496055664918317429e-02
-2.187076852657796056e-01
-5.045635683210002442e-01
-2.989152828057445310e-02
-3.862776996807532615e-01
3.047922928807627052e-01
1.801856618267682064e-01
-6.813297227108547349e-02
4.346593738891902370e-01
-3.318649734701009102e-01
3.690416975983796810e-01
-6.376567205397714044e-01
-3.339951590256411973e-01
-1.284933441322298475e-01
4.564416921441118435e-01
-4.291373822577145836e-01
-1.381595723075418058e-01
2.515987597834547507e-01
-2.927271710145378791e-01
3.197417237725631023e-01
4.660682772391404605e-01
1.414517702716093783e-01
2.724861123898232318e-01
1.770543003017764627e-01
-4.172415977728041736e-01
-1.943880898595069795e-01
-6.161868562664885030e-01
1.433811493916080093e-01
-2.990460567994705776e-02
-1.524092130069557016e-02
2.696526550538257405e-01
3.495075178024664719e-02
-1.901823106990660206e-01
4.962638898970107015e-01
-4.564945141079126412e-01
8.853899075878038372e-02
-3.725312575732679377e-01
1.925373222350671432e-01
-4.171125983570725393e-02
-1.574170977112935854e-01
2.083386351197745179e-01
-1.299183049257575107e-01
-4.064176658499574213e-02
1.040582520398147109e-01
-3.170943826871281540e-02
4.423224990115200983e-01
-3.968983268598597069e-02
-2.788350802597815981e-01
-5.182932100864189318e-01
4.468982816807614555e-01
7.622618532146213655e-01
-2.199757919565991648e-01
-5.308334601013992016e-02
1.365804001595614936e-01
-2.553356592428503991e-01
3.191306936551579487e-01
-1.951269727358028450e-01
-2.590014922631753841e-02
3.665345761159576332e-01
-1.474281496582475204e-01
-5.256364475970760897e-02
-1.659504972150298574e-01
-3.702600202676637475e-01
1.696117999127209897e-01
6.215716991015702853e-01
-6.814866842607958386e-01
1.547709343343023070e-01
-2.108536887362619239e-02
-2.555177730377600209e-01
9.460269768311120320e-01
5.420399261769056620e-01
2.471205800174822165e-01
3.503639870403297829e-01
-1.146967877750699749e-01
-2.573348014289115193e-01
-6.770232183640625956e-02
2.479931975809601674e-01
2.470166287129649252e-01
-1.361986448630018720e-01
3.347365359459954504e-01
-4.439235477134811370e-01
1.820614360859461045e-01
-2.320673642415607418e-01
8.986225297481179042e-03
-3.933841764770629190e-01
3.708005918579343474e-02
-3.063638150214894607e-01
4.061466491326319872e-01
5.790589249966250351e-01
-6.147499970292273908e-01
8.276890824834470806e-01
-6.886070515875152287e-01
-1.250584138112324772e-01
-1.126105303144405018e-01
1.176287737835069874e-01
1.954863673139603797e-01
-6.472584887897975259e-01
-1.355016668633932109e-01
1.867897850312312813e-01
1.288750625718547149e-01
3.330792355076653832e-01
-2.206647142913671367e-01
-4.885383822743364912e-01
-3.089538322085621028e-02
7.677742150772823848e-01
1.651381877908927875e-01
-2.511543900466779444e-01
3.257998094431051594e-01
-1.207911740797346090e-03
1.330094935993889615e-01
-8.405716449000184831e-02
