-8.558872971834152743e-02
6.603092370708294467e-01
-4.600470623952646054e-01
-3.005795739686514256e-01
-1.166251602930756803e-01
-7.420486983922434110e-01
-9.536902084979210770e-01
7.378789798096045960e-01
7.102685213497608174e-01
-8.234250227932291555e-01
6.820784646476230062e-01
8.529551160047785796e-01
-5.840338322274039040e-01
-9.999632328939205284e-01
-4.106632284148696854e-01
1.285065073399311864e-01
-5.698617169241504410e-01
5.865731005981946744e-01
7.672848441256241436e-01
-9.183254612646145620e-01
-2.407687120443045004e-01
-5.391711595159893733e-01
-4.025102611487945126e-01
-9.317671118861652335e-01
6.121033535567963479e-01
-9.452289746896265221e-01
1.616670687733028355e-01
9.075545217037772616e-01
-8.653252369815289669e-01
-5.982069344709475267e-01
-7.007232777935779033e-01
-4.919443921837862721e-01
-3.456344482460182999e-01
-9.461939813820345879e-01
5.532373030273785020e-01
-9.926739259325676468e-01
9.899654679258367285e-01
-7.514396835830734478e-01
-4.030998404691163994e-01
3.213862426993563393e-01
-3.164911038361473139e-02
-9.819787295796547077e-01
-2.480509622752549159e-01
-7.215719062657346417e-01
2.734153591797809923e-01
-9.811012384841544254e-02
9.447172099366518694e-02
-8.337870971275203047e-01
5.888795720592494565e-01
-5.314650449885309769e-01
-4.565705997555182805e-01
-7.772172112283146639e-01
-8.014433644189034034e-01
-1.450195838437069451e-01
-3.475351770443768640e-01
-7.565497298843997243e-01
-4.185607347869610972e-01
2.171454571449158433e-01
-9.090984332466003348e-01
9.679818284645724802e-01
9.441360325246535012e-01
-2.011726351603011498e-01
1.177855217119703202e-01
-2.239340662895561440e-01
9.725464906608298765e-01
-9.337239367366614307e-01
9.853259105285947506e-01
-7.027387035325813880e-01
2.861175102825077587e-01
-3.970218357034092094e-01
4.383800334293974643e-01
9.172105160817061176e-01
-6.087738140477996218e-01
5.618966343359654836e-02
-1.374384642445223292e-01
-5.254534481703976301e-01
9.884530939121249915e-01
-8.009679305711951969e-01
-3.795718389525160053e-01
-2.538118896250118883e-01
-8.594840994655752464e-01
-7.710130140595534698e-01
9.279521917564852451e-01
2.081825313819312129e-01
5.866198838691221162e-01
6.952731506656353311e-01
-7.152170536358288810e-01
3.694964599722803111e-01
-3.392546355585059903e-01
2.615050726005829773e-02
-8.288420167756880286e-01
2.029626450390284997e-01
-9.391580609318956885e-01
-4.695204882758352571e-01
5.704960526151636735e-01
-2.473018838851133161e-01
2.956929836862278727e-01
6.433299375014107646e-01
-2.673235464843104481e-01
-2.860548726699887467e-01
4.467614119473053425e-01
2.558927256674463635e-01
5.390387238813247883e-01
-6.540910506507759958e-01
8.587236555729549359e-01
-3.480454043399276998e-01
4.165399939352092407e-01
1.863072179393441274e-01
-6.536227932077509628e-01
5.124820400523446562e-01
-4.256628387722236617e-01
5.584609763633909818e-01
2.206620333050384186e-01
4.794736923631208736e-01
1.779017359773151785e-01
-8.979407879315790542e-01
6.006620614966342586e-01
6.251583031784173627e-01
-3.778218948001546007e-01
9.378544749967612226e-01
-7.141106047404772728e-01
5.952232661501319910e-01
-9.869515518126392717e-01
6.963706183580598008e-01
-8.381830891637640502e-01
-8.834401051678770767e-01
-9.803159876521108096e-01
-3.847761679617232033e-01
-6.071965361610776046e-01
4.897544008810568172e-01
-5.390602758612426104e-01
-6.021340179807044279e-02
7.347824382804499788e-01
-4.844056972470383027e-01
9.495275910294938004e-01
-4.165770698105781822e-01
8.558736768903436598e-01
-2.751281198940738193e-01
-9.858333346531722441e-01
5.735026969368195449e-01
5.123429121620404203e-01
-6.099712415836864299e-01
5.693296510124585819e-01
-5.857292901267412422e-01
-4.057418013321003603e-01
-2.509687882682465343e-02
6.393174327431005999e-01
-6.482336413937386244e-01
2.128448141247760717e-01
2.169742998386947619e-01
5.963483420896424914e-01
-8.567962610369344034e-01
6.480596839138552667e-02
-1.790919791675169570e-01
3.173131513655504943e-01
-4.112810715873098655e-01
-6.764616268122292109e-01
-2.367818065482212297e-01
9.593582884369629138e-01
-4.399489392748139327e-01
-8.770704286092831925e-01
5.676078454777515603e-01
9.972683003210867092e-01
8.463973883576851875e-01
-9.731985392770203802e-01
-2.686438407262941030e-01
-9.595501033518742950e-01
-5.025064518361965771e-01
-5.784359309114122105e-01
-5.152435701735955664e-01
2.613400171250024329e-02
-7.833543267395797205e-01
-6.956600025642110108e-01
-2.048014418373096390e-01
9.203075909739921734e-01
-1.202132837358778072e-01
-1.211296848178204932e-01
-3.174644136704301012e-01
7.604199430582083696e-01
8.087194343001544716e-01
7.488189345080968895e-01
3.268761779715854132e-01
-1.270362669444642378e-01
-6.578207486997003084e-01
-9.183415446857867703e-01
7.833679652099851953e-01
8.271795837610074198e-01
-5.804157698537550925e-01
-2.179479323895345821e-01
9.265223586519377719e-01
3.900253644090185823e-01
-4.794486181097890043e-01
3.549211774381617612e-01
-3.151537753879249948e-01
6.270064238405375079e-01
3.950553459119383604e-01
-2.526415107895094714e-01
7.982443763772950618e-01
2.071825283433939013e-01
-9.626254820476312091e-01
5.424111529792237096e-01
-4.061600416493160726e-01
4.450782119040386231e-01
1.559452195427950549e-01
3.918759176459931659e-01
-6.843325874686185806e-01
1.831459456326574031e-01
7.389735634792122809e-01
9.525450363960663580e-02
2.083771658993001097e-01
4.604528205415510111e-01
-7.273342468561576624e-01
-8.940529690183316447e-01
1.819887004824034538e-01
2.980974612377602639e-01
-1.014711151610816486e-01
-9.319132905651299481e-01
-9.256288669296663940e-01
-2.604435338493455987e-01
3.483095607469492982e-01
4.511583241096521757e-01
-4.159998721194950733e-01
-4.830668763877166150e-02
5.402609386000136737e-01
9.703656183640121391e-01
-3.687223701369057860e-01
-6.656605829003003905e-01
3.081511173949225135e-01
8.563726596572276417e-01
5.580998172922013723e-03
4.877805116246183292e-01
4.813342174245054395e-01
9.808376752344110105e-01
-8.410101527931510557e-01
-7.851297871673785789e-01
-5.034871170968957532e-01
1.021956270751196438e-01
5.287816552064228404e-01
3.242978693147886560e-01
-2.992230747654756051e-01
-8.312111293299231374e-01
-6.413813974794266848e-01
-3.294061942361954376e-01
-8.988673150675365875e-01
3.050426321114900752e-01
-2.695340187224326556e-01
8.626492301162094201e-01
-7.638816491585589397e-01
-4.109766030035544304e-01
-2.291503531453760178e-01
9.347611209924744369e-01
1.477742884456147987e-01
6.053621863075342446e-03
5.926784212350266756e-02
-2.659450864643377876e-01
-7.185145700156447823e-01
-2.190501955217618590e-01
4.957655803641562997e-01
1.198609729679636082e-01
-1.200972097500789815e-01
-3.198180483131718432e-01
-2.380585006878521703e-01
-6.033484324455498093e-01
4.558595451700699908e-01
1.891140744280186414e-01
