5.253378338150693772e-01
-5.790342449542488223e-01
5.527396887915185797e-01
-1.456918014491537239e-01
1.958245260374025243e-02
-9.487772233609359507e-01
-4.416119974881416166e-01
-4.105482331282239716e-01
-4.868225258829956825e-01
-3.115105090990415437e-01
-9.093212735228208832e-01
3.800050786840674100e-01
-6.316253911609748251e-01
9.942956834410161537e-01
-6.944227712009066744e-01
5.443475334106884223e-01
6.216800057751470376e-01
2.068831124253867060e-02
9.845945339940553875e-01
-8.085508596983856933e-01
-5.907108490059282957e-01
4.171534465502267641e-02
-6.826487599369841508e-01
-4.027060242521092182e-01
9.336606432069891603e-01
-9.166864677074247902e-01
8.910563601769005970e-01
-3.957429533482259565e-01
2.221650710372198301e-01
4.341434478319786128e-01
-2.622503353411755889e-01
-1.193764014550622310e-01
-7.530254085059797653e-01
6.178327051267371584e-01
-4.962567092747305342e-01
-5.075818714622326588e-01
1.031408478043208121e-02
-3.759920411932584638e-01
3.978349215545049500e-01
5.808001011119285906e-01
3.813764239868866479e-01
6.331604577520815180e-01
-2.816391798688782644e-01
3.263688901776395923e-01
4.666137388139188769e-01
-8.437135834451869876e-01
1.903755287831747633e-01
-3.280625687183880701e-01
-7.352440077980429978e-01
4.715151192164327432e-01
9.143266148344713073e-01
-6.838058919747456166e-01
4.504234548716751219e-02
-1.623708077819951967e-01
5.929063341548541644e-01
5.689797167026837688e-01
2.081434543085445288e-01
-7.520340720002891555e-01
-6.815165932615953048e-01
-4.967302424826669505e-01
5.324690369376634536e-01
-1.271256980658259650e-01
-2.502334428121488763e-01
3.147086198444204452e-01
-6.105495111839021050e-01
-6.348657272332781654e-01
-9.666166580243373829e-01
2.219080691716583953e-01
-8.248595182642116663e-01
-5.543773191543381884e-01
-5.967798523313843084e-01
1.005642306919511286e+00
3.142202455765429336e-01
3.408311183126344623e-01
2.313412479896719276e-01
-6.982565747303541848e-01
-5.592162541573197920e-01
-3.827753928377553017e-01
-9.547134315696192974e-01
-2.644958250692033275e-01
-5.501122009882564168e-01
8.673987124051503184e-01
7.465945636104813765e-01
5.244247961507939593e-01
7.790781313458247093e-01
-5.736576530279873243e-01
-7.353000757797190090e-01
-3.648766565380203719e-01
3.770507006796317562e-01
6.141999468792199712e-01
-5.689364384300619193e-01
8.993837598354097462e-01
-7.628687842792607476e-01
9.531538350532771098e-01
2.552564324333284063e-02
8.109862197570387732e-01
6.078576805719226872e-01
3.966606851274625534e-01
-7.261220503026799555e-02
-6.226173478050119059e-02
1.941033056310439986e-01
1.329150678446298084e-01
-4.214507685477530963e-01
7.856255002585212921e-01
-5.958969223172344565e-01
-2.616637661709364515e-01
1.850404224434445410e-01
7.967861643677867090e-01
-8.785594128302323114e-01
7.387140263951976760e-01
-4.905913882993488961e-01
4.792292379595444185e-01
2.124134367613041974e-01
7.884348668945884153e-01
-8.265420925370017269e-01
3.200583003606872756e-01
-6.719539288664735377e-01
-6.983629756628133567e-01
-4.125921920871229442e-01
-9.439811844434138344e-01
-9.961669471206326953e-01
7.758949946655566698e-01
-2.846112461801248994e-01
-3.300029031370169119e-01
-7.663815966140785640e-01
1.014117285583596928e+00
-4.165126801823764158e-01
-9.230431917054081614e-01
-9.675639754117242308e-01
9.101327212165493119e-01
1.522613568992803590e-01
-8.543515696443677587e-01
1.464376106367439034e-02
8.628080354619309666e-01
-6.990205269443987568e-01
9.186328430336077044e-01
7.240796919796526065e-01
1.409452006703406646e-01
-5.712685242248372042e-01
-8.335911815192305063e-01
1.041114773191431642e-01
8.777925621563689718e-02
-3.784228138763923166e-01
9.520682630337551355e-01
-8.708587511265346581e-01
7.818228074680009243e-01
9.299197860785641812e-01
-1.043647318018428027e-01
6.953407025977311751e-01
-1.304403234224003061e-01
-6.819360311956390586e-01
4.605753509053036598e-01
6.468581359007306020e-01
-3.401056865299392218e-01
-1.821565664705686594e-01
1.152443132946359139e-01
1.049864362613052604e+00
9.695761198394415858e-01
2.585055349858504936e-01
1.070260090006376341e-01
-1.797772341596879375e-01
1.529854167350366279e-01
7.734772887093883664e-01
3.532021263982447756e-01
-1.931030266345306057e-01
-1.685864792246749566e-02
-5.833718489409298602e-01
3.100961802066557471e-01
5.289998853323707451e-03
7.438288168510287512e-02
-9.094705118416153145e-01
-9.682293197699936016e-01
-1.953100003399415030e-01
-3.017913211605343093e-01
8.386530409390857699e-03
5.877812408977385328e-01
5.654822509404429098e-01
-2.728360347827578636e-01
-7.499405638101552807e-01
3.141612088905259004e-01
-4.094523686179890598e-01
7.771143156498470095e-01
-4.314003048088344006e-01
9.582399159438548253e-01
9.426885398914324199e-01
-6.410944589072518074e-01
7.195068215516789989e-01
9.981876613631490702e-01
-8.637941013924754774e-01
-5.675251910641114783e-01
8.496827636750519108e-01
1.870680689507238925e-01
-4.539042181006687215e-01
-3.284763165207094104e-03
-1.524168095746283313e-01
8.130639578529645917e-01
1.588229265693310022e-01
-4.473003103031079064e-01
-4.631777682372917315e-01
8.843038246631207411e-01
9.659121752462631605e-01
8.081928467851933195e-01
-1.491363985315341534e-01
-8.305379703168722649e-01
1.751132819388214745e-01
-4.716876365412421279e-01
-5.546906352401068663e-01
-1.243676231711630109e-01
6.545418302574567138e-01
9.645581310567462319e-02
-8.042269692584729235e-01
1.925396527733356233e-01
-8.543609804576413058e-01
2.967345787255795120e-01
-5.960902937891616737e-01
6.826659860401466107e-01
-6.736836549772935445e-01
7.853179385281876534e-01
-5.097081887139798262e-02
-7.379978049133015805e-01
-2.210969194057187115e-01
-1.721598951031921843e-01
1.445416047427738881e-02
-7.769586290779812998e-01
2.886704383673700525e-01
-7.202270471627527648e-01
2.157776029861002698e-01
-6.879718005030044381e-01
-4.272178361173153416e-01
2.792037951437964516e-02
8.566286557967544013e-01
3.230133596317805722e-01
-3.174229774160286510e-01
2.860283800885579097e-01
-1.939361650955639949e-01
2.333950194525906685e-01
-8.690967689613307012e-01
8.598750654458124920e-01
6.900861169661962613e-01
-7.173760080810722695e-01
-2.863867130039565723e-02
-6.990162481279322826e-01
2.865747415185533331e-01
8.375144527733227040e-01
-7.178185080927323991e-01
-3.327405152635921626e-01
-2.152229099144118418e-01
-1.936696618680466830e-01
9.199592583634090825e-01
-6.910506316432136753e-01
4.553127663466620678e-01
-7.865072557345955673e-01
-4.111112070076921032e-01
-8.193583901135745862e-01
7.948826396106107861e-01
3.440783499845203597e-01
-8.977124793381281442e-01
6.730414630012833133e-01
-4.196906172204255547e-01
1.592484291716249611e-01
-8.436839418152728420e-01
9.038539911458323139e-01
2.045409281944745861e-01
8.025039653545444907e-01
5.544539500620810912e-01
