5.114593860054100771e-01
-6.962254147347572975e-01
9.346641587875803570e-01
6.602262475931298669e-01
-5.708102246586812534e-01
-3.056896798769840329e-01
1.034540555555114372e+00
-1.920668692321807203e-01
1.117406518769181512e+00
-1.081934493841204104e+00
-1.016791853068636842e+00
-7.901348886858527987e-01
1.561198919321405421e-01
5.137461990304668102e-01
-3.158487154647394712e-01
-8.519255785494719291e-01
7.994568306334142171e-01
-8.863759184911701450e-02
-6.670956300209013312e-01
5.298413243454082044e-01
2.506996713573648172e-01
-1.868172634445132152e-01
1.233885242658533943e-01
-1.691564984502970659e-01
7.847610727297520405e-01
-7.056366277369292561e-01
7.332389232740321727e-01
-7.395911647680795120e-01
8.175638982866295645e-01
-5.975653081825225144e-01
-1.090402337724125648e+00
-2.747797811449355088e-01
-3.271981258528318115e-01
8.164301158992125218e-02
-9.069487987810735952e-01
-1.293401440785130196e-01
3.308236559477597538e-01
-1.207673878603110706e+00
1.232042132115209465e-01
-4.015042079953198284e-01
-2.705281966587523290e-01
6.010116558027772671e-01
-1.905706155002875879e-02
-6.709558116564759978e-01
4.369438326528926053e-01
3.676761625976581738e-01
-3.755495817377519363e-01
-5.055414081206156540e-01
9.473937327894957905e-01
-4.849233926582654508e-01
-3.426052634874853231e-01
-1.151512259179352737e+00
8.391834082191749200e-01
2.382872426240738861e-01
1.330043235706341309e-01
-1.771602397352979585e-02
-7.745001762870457052e-01
4.022515886258631879e-01
3.552615102940726577e-01
-1.015878380670483194e+00
-1.065113159315427827e-01
3.907714547455309884e-03
5.767407139401125038e-01
7.055224742850391140e-01
7.267619944376997321e-01
-2.948032084928721708e-01
-3.189810500487383349e-02
1.099889585882815601e-02
-8.015560807441640678e-01
3.798700639110428878e-01
3.037395072087806791e-01
-6.990929406383686873e-01
6.169208439415392320e-01
8.857186509406977937e-02
1.822353563876647486e-01
-4.300371163967396937e-01
1.148065556938156151e+00
2.144304598152532160e-01
-6.259124144286416502e-01
-5.151688497461075489e-01
8.010984947762320729e-01
7.835550499810239877e-01
-3.563640922066667605e-01
-1.160937972774642724e+00
-4.999686760932178231e-01
3.938344845390485682e-01
7.985520430732676589e-01
-2.968611018723812944e-01
1.657592128353388150e-01
6.670008043153706767e-01
1.158067401836211818e+00
3.177903926886284092e-01
5.169218248941421789e-01
-1.454322846451352735e-01
-7.107088063005929657e-01
4.957844714985717993e-01
-4.048085447020298155e-01
3.407047551466568791e-01
-2.555745404746423421e-01
-9.580144300052868545e-01
9.635984596957583026e-01
-1.775177103852726077e-04
-9.674115243019346111e-02
-5.178326793821552004e-02
8.006558210463398106e-01
-6.581771380189245235e-01
-5.391526214176711740e-02
-8.600619033682745940e-01
-2.861821965715446447e-01
6.083036545185639410e-01
2.039433001630229225e-01
-7.542853898372093267e-05
-9.208335542347840796e-01
-3.147340475467668708e-01
3.806187904765971353e-01
8.802172141468884714e-01
3.600996871499466123e-01
-2.035934820440288839e-01
-5.903093819617512006e-01
-5.632773416181522386e-01
-5.294350242222929381e-01
4.113240168284234555e-01
-1.172741062866058837e+00
1.016380460698645266e-01
3.918648421210535471e-02
1.199706361448777070e+00
-5.248253262866992008e-02
-2.858855329549787605e-01
5.444873445765079367e-01
1.116358644939400291e+00
-6.831193477669553760e-01
-4.134570880031515072e-01
-5.675828234231447000e-01
-5.542744280523441702e-01
-7.631311644823112195e-01
3.198724577685420067e-01
-4.095266352923185860e-01
2.191949059144926992e-01
2.420078120682358225e-01
-1.033817665657165596e+00
7.029174063609978651e-01
-2.775716607393670099e-01
-5.427218837383249728e-01
6.136130032937323620e-01
1.409924182100926182e-01
3.371299146258003310e-01
-6.942860357151737771e-01
-5.208468456103787503e-01
4.130565989600785692e-01
8.856505458206337389e-01
6.973191900828850098e-01
-4.625404665172738738e-02
3.317020625352489205e-01
6.689088121843393964e-01
3.367390174291400307e-01
9.636379923129156921e-03
1.725928374444742897e-01
7.875578462030246030e-01
1.778777192764162129e-01
-3.387761971142946305e-01
4.635230571125051879e-01
4.169676207352455699e-01
-1.199570123347486250e+00
-6.984188207859413078e-01
7.936303139842979526e-01
1.563277373716095986e-01
1.568893694625582771e-02
4.149928785163142786e-01
-8.527132792741094480e-01
5.883978619442142843e-01
-1.509020349846079134e-01
-2.819164878988013045e-01
-2.582312575306271452e-01
2.905304068050169608e-01
1.099780611494700411e+00
-6.043282381261504410e-01
-8.945320504388578620e-01
4.564518604969322602e-01
1.175409452048034264e+00
-3.078676571007811225e-01
1.603525628623180821e-01
5.492719635364904374e-01
-8.821366144788103103e-01
-2.821106046357400587e-01
1.087257677896328989e+00
-5.861329664982679599e-01
-1.433200977785797359e-01
-1.394054955526575768e-01
-4.366728573027629512e-01
6.114628257355890772e-01
-2.026355141790789904e-01
1.072660653842573975e-01
-5.137298094846457497e-01
2.324660831574397457e-01
-4.072928149269125497e-01
-4.775338001865424009e-01
-7.364530593318433516e-01
-9.034446655100565327e-01
-7.852909444697624419e-01
1.188479059842156016e-01
-6.934438520646732940e-01
7.806737858061754132e-01
-1.019258369210677806e+00
3.439531529672495425e-01
7.373945137842228270e-01
7.058877641344656340e-01
8.100931689572927752e-01
-1.026564238691211717e+00
1.009072843230502281e+00
2.731527298235636447e-02
6.775809832644710817e-02
-1.689438558541909996e-01
-3.284410619828155298e-01
-1.066904977127291154e+00
5.815785472859531513e-01
6.536025097770685743e-01
4.836600457038029433e-01
-4.933819716485589035e-01
8.816216904462315096e-01
4.261219757284952503e-01
1.133992822722747595e+00
4.002354724887384196e-01
-7.839717549914986261e-01
-5.819356458689275979e-02
-6.077509299839860546e-01
-5.455360957316706116e-01
-7.308096029933467408e-01
-7.688702090952324042e-01
-1.052632002735975236e+00
-5.596087948090376629e-02
3.101307752007418372e-01
-2.933822895221521732e-01
5.489263543854254468e-02
9.527384123016815476e-01
7.669663716440053847e-01
-8.773328157006599071e-01
-6.692395470805742042e-01
1.536299007872565237e-01
-6.153114068919187662e-01
-3.116795639384372651e-01
5.713070134610073736e-03
2.711259206983529513e-01
2.208078561780728033e-01
8.471371217290931677e-01
1.005997239621568173e+00
-1.334186337234681552e-01
1.105120581869650120e+00
9.529050724304938269e-02
8.821849314408675147e-01
5.550190798241896317e-01
3.909779073204509570e-01
-6.891510493616671562e-01
-7.421772269226613039e-01
-1.935370171765322667e-01
-1.110207668508031098e+00
-1.111689401916875486e+00
-2.167955143603424173e-02
6.157915258806970771e-01
4.020184285412050640e-01
-1.572145848626630704e-01
1.020561152810942840e+00
-8.368624227372538638e-01
-9.405699244616043675e-01
-9.341795619173866028e-01
6.014351017593162485e-01
