-3.036875076247318450e-01
5.876265170371473001e-01
-2.216391775587618351e-01
3.146696567842208747e-01
-1.896174067598919155e-01
-9.462794148059068267e-01
8.613037349464711667e-01
-8.593005212443065588e-01
-9.295877226760027590e-01
-3.665168496173596413e-01
3.206166794638198869e-01
8.833774346594214233e-01
9.057256855710231758e-01
-3.779572219440479053e-01
-3.268118380701778847e-02
-3.880512499609871657e-01
-5.507130093222190048e-02
-2.643193938453227698e-01
2.864376892539839403e-01
9.160332313435626261e-01
-2.590884608479848694e-01
2.753194952588184918e-01
-5.663001878499025477e-01
-4.573460445235149052e-01
3.713531304429167346e-01
-5.216482013820811225e-01
9.468575656675983776e-01
1.814964400240566267e-01
6.692037209488206351e-01
-8.593132216920331690e-01
8.978310264359690152e-02
6.216977901167861642e-01
3.786457672185821188e-01
-2.247468949148612172e-01
-5.996429162839755911e-02
-2.334577041887087034e-01
-6.708808411099871361e-01
2.707345753065326655e-01
1.055702990670330799e-01
-9.492955059757679503e-01
-6.395992122363860499e-01
5.626591316207976146e-01
-3.588430010560594852e-01
-6.202587261887875236e-01
-6.977935116112496949e-01
-5.939560365918967744e-01
-9.923824340147573420e-01
4.216076279273544003e-01
-7.282534927167199079e-01
8.859313176136023316e-01
8.367891412620098723e-01
-4.688100641614112440e-01
-2.035727379433465156e-01
1.871999454889083925e-01
5.525685674832958583e-01
-5.421141685401285049e-01
3.287644613765243751e-01
-1.150596344218197675e-01
7.479344637027949272e-01
5.588067120867696858e-01
6.141258143247054768e-01
-9.056909574183222844e-01
3.023822006490191061e-01
5.590838993456745953e-01
6.027462631953370842e-01
1.961056868132298181e-01
5.299188759184936259e-02
8.529242267257184373e-01
9.211300465352503242e-01
8.441115643220726827e-01
-4.891872265714543033e-01
-9.940494361911513810e-01
-3.266887025227283026e-01
-2.513781845470173248e-01
-1.550271615272995618e-01
5.699375926290506378e-02
-5.300902041130512998e-01
6.196328755097035845e-01
-2.274201322162991978e-01
7.087118689065250443e-01
-8.168641417317767939e-02
3.766507525694517966e-02
-4.749572040644174376e-01
-4.587440224287586688e-01
-9.451128699743946981e-01
-6.131684071317626827e-01
-3.646380343150950054e-01
4.054278622562550449e-01
-6.825243452464202498e-02
-6.566581671985904922e-01
-8.234880151395895798e-01
2.937189007308200761e-01
-6.301554207821766784e-01
3.536953304725476421e-02
7.615586298559227085e-01
-5.609105873965267719e-01
1.324762020644532079e-02
1.448510993813285630e-01
-4.569629856603854012e-01
-4.384030680833295168e-01
-6.111650437755358212e-01
-5.223834160160589768e-01
8.813584492299890716e-01
9.579475355087716526e-01
6.084947647643828006e-01
-5.178653750495358921e-01
4.343309474120491398e-01
3.146652271363326037e-01
9.620135514126795240e-01
2.930619910476739420e-01
7.793987122111405430e-01
-5.579140065390129077e-01
5.179985479012869654e-01
-4.052734272161484519e-01
-6.157824956753110701e-01
4.410944979767803531e-01
-3.181675884184580472e-01
2.429160877277918296e-01
1.452321627237540547e-01
-9.985797977084254207e-01
3.238914242443367009e-01
5.009904479161888524e-01
8.273809393183846339e-01
3.917495679973648226e-01
-5.995091753477483909e-01
5.118328722970011402e-01
-8.763253495521501346e-01
4.051526034902890316e-01
1.811941088246731280e-01
1.741484326250501979e-01
2.279151152060239216e-01
-5.653532058148691419e-01
4.896443050437384592e-01
-7.818757907634887871e-02
9.341562219371040143e-01
-4.603065132926604797e-01
-4.945459781703613888e-01
-4.124743221227877843e-01
-2.324983618994025392e-03
-8.030200701701439847e-02
-7.926591128607562986e-02
3.291213645218584727e-01
-5.191921944041189008e-02
-7.929022329202055630e-01
6.613912116263207519e-01
-5.228872639780366427e-01
-1.790792100463183267e-01
6.303908924117362922e-01
-2.206303061440300084e-01
-2.280277105288395223e-01
9.225070473077532363e-01
-8.247823141788370727e-01
2.845328682780214891e-01
8.678744858231601800e-01
1.603586879756255801e-01
3.620472367909290945e-01
1.374883925686849473e-01
-1.671592787776108313e-01
6.704338837754431069e-01
3.836637475318682711e-02
-3.322276862216502202e-01
2.370510257140006072e-01
-3.760447405375406671e-01
1.010626780079237896e-02
2.153365907933051382e-01
8.333938852678410836e-01
-3.409123605853490169e-01
9.732878172720687004e-01
-5.558902698380776553e-01
-3.138285687267086121e-01
3.491588523479391970e-01
6.595855688882390488e-02
3.167139453209422140e-01
6.751069497238852968e-01
-6.366814642577558470e-01
-2.967338633214635646e-01
-6.173713876594388861e-01
4.965657290586360517e-01
-9.988318414289487635e-02
-7.267216259147761814e-01
4.608135983971841654e-01
4.872387884107751699e-01
-9.918946701386810449e-01
-5.358709819992288903e-01
-8.312444566265941859e-01
-9.288117430684503795e-01
8.841909299172876491e-01
-7.013707852284614130e-01
-4.894912148538816954e-01
-4.001993457356844974e-01
8.569966056787616804e-01
2.908768140041824157e-01
6.741497014335373628e-02
-9.863315525352855939e-01
-3.777713407540266299e-01
3.504347919045902593e-02
8.122787959763149157e-01
7.830558046091080637e-01
-8.947692821995387735e-01
6.816607470117728163e-01
-6.404162696827722101e-01
-6.652596071753282825e-01
-8.512415090792169181e-01
1.965980931758171124e-01
-1.944321061851479460e-01
-5.856498565054266692e-01
8.095468123213216405e-01
3.256355309010694477e-02
-9.168344678528426162e-01
-2.613099892574892724e-01
-2.459275618735927704e-01
2.556886714401020999e-01
-8.361038645033453953e-01
-7.692083165444407733e-02
-4.686058271384070384e-01
-3.719116658030801048e-01
-6.773911199092164104e-01
-9.504012625854569851e-01
5.247406631245619124e-01
3.785146488836097500e-01
1.791656033870749898e-01
-2.373717560365067314e-01
-7.195589632882566367e-01
-2.708594154098091789e-01
-4.693059128630974186e-01
6.995869844355879774e-01
6.831143671813502127e-01
-9.679587068104436032e-01
-3.842252259062668429e-01
2.670421483524054729e-01
-8.083288027402335540e-01
-5.550197011059143648e-01
-6.835761691756110370e-01
-6.219705928925149951e-01
5.296636998017649756e-01
5.166823790175960607e-01
-3.937681235797489965e-01
3.874850102895832649e-01
1.433356961519114403e-01
-3.457766996100402057e-01
-3.117027129648752837e-01
7.495182209535689033e-01
-9.796942181039522968e-01
6.981108749771425259e-01
-7.689246169818071408e-01
-8.176161721009091998e-01
-4.161396682479325815e-01
-4.774983847761473665e-01
-5.763626927388740828e-01
-9.736557761558024549e-01
2.985499123401380572e-01
1.865758069045639900e-01
-5.445178171673241696e-01
9.796497544824414039e-01
1.904996362781381514e-01
3.552623323223889074e-01
4.307462836177946564e-01
-5.870137066584346641e-01
-6.463133270639824790e-01
-9.303469332766096667e-01
-4.084332444027218845e-01
6.644477844126581711e-01
9.742337920038313115e-01
8.209809633505771309e-01
4.741028591458329444e-01
