1.012854963178546619e-01
-8.923367532761896648e-01
8.938975273693250401e-02
7.220844109232800179e-01
2.084435229562524583e-01
-4.741419378957758557e-01
-5.311224751765994956e-01
-7.728090193636527605e-01
-8.566018158060710874e-01
-1.964179741154814529e-01
-7.141177324959369077e-01
3.439415709745905492e-01
3.129035079716029344e-01
-9.796368927426784001e-01
-6.735175505051700373e-01
2.803746746424484737e-01
8.876932835868887040e-01
5.720987368061642986e-01
2.667660748897677792e-01
4.480947467986040600e-02
-9.941712116471581595e-01
4.205549271394724009e-01
3.396144667347356094e-01
3.158493136078452945e-01
1.160452051813682939e-01
-4.561832587601220013e-01
-3.548205884697537282e-01
-1.149695973734459198e-01
-3.932588292955694342e-01
4.946418970142989480e-01
-9.059540575558111541e-01
2.090096635094496058e-02
1.563709277225382444e-01
-9.667247632339321939e-01
-3.569072881130213037e-01
-6.412814075248607359e-02
6.722986322535007275e-01
8.902211876115613265e-01
7.069737210677218275e-01
9.786133956936196032e-01
6.992519301609458893e-01
6.260440521599532904e-01
-5.360899494901729678e-01
9.360627292191674442e-01
7.922437181831738506e-01
-4.559642968541699481e-01
2.890847648545347148e-02
-5.858268555081673767e-01
9.946917353626196778e-01
1.450462845661539824e-01
1.930159398748367838e-01
6.738425700407280061e-01
6.685064200501587006e-01
6.855483153964723186e-01
1.872080579665076350e-01
-1.135637287386432881e-01
9.892431772021825775e-01
8.641309053224242032e-01
3.502715509255087678e-01
8.965161577898785872e-01
-2.536795703879779484e-01
8.658404270790969193e-01
2.347836175150121996e-01
-1.806334761385171017e-01
1.500255019138927448e-01
-4.854833500629991416e-01
7.110159846045545073e-01
-8.573867634772038837e-01
8.596192729931564358e-01
-3.265782727481250092e-01
-7.558513528406245463e-01
-1.079098137023402071e-01
4.567335072676974583e-01
2.889940030195936593e-01
-3.156753495694220035e-01
9.599126914467894789e-01
6.948985739641910797e-01
-1.858622207412010674e-01
5.060262017462100470e-01
-4.500911874714637051e-01
4.371770938457697486e-01
8.123058308434687458e-01
-6.335385214055706538e-01
-6.624539498706110141e-01
3.360269234905577385e-01
-7.806320948313980601e-01
8.323917702537146912e-01
-9.068845320563172496e-01
-4.510712329768178375e-01
-4.138081435517677598e-01
1.354618365084583331e-01
-1.381822825318874681e-01
-7.211554577809893285e-01
3.156125682302581836e-01
-8.918440394133679838e-01
5.168060163010708141e-01
6.058673167831157835e-01
2.267902548311335198e-01
3.380913390186741641e-01
-5.264299669327010545e-01
-1.515882890106552972e-01
-7.957521670414621218e-01
9.299380353095980656e-01
4.713206567726541119e-01
3.846038098761734303e-01
2.496798418135637299e-02
-6.427837293955509512e-01
7.833144556411820725e-01
-4.546903273686723201e-01
3.665482563019470952e-01
-6.822948723763517798e-01
2.822979821900813979e-01
-9.222674475177360387e-01
2.016088866682203551e-01
-3.205248546824432387e-01
-9.750642641908052743e-01
6.444996135605172149e-01
-4.706447809667477777e-01
-2.632330378221956479e-01
6.504255876915940870e-01
-6.774951538565880949e-01
4.317808630682249543e-02
4.574062712680197484e-01
2.163796235642542753e-01
-8.801145482877705817e-01
5.837589299761776207e-01
-4.228468719175738633e-01
-8.842022542785558104e-01
4.032935907630966765e-01
7.807786753063221674e-01
6.351440781104147337e-01
6.534689223850500550e-01
-7.837323202457719962e-01
-9.422990144086784703e-02
9.428929042833986696e-01
1.872755070801466193e-01
-7.776916846194441568e-01
-4.084321114590980795e-01
7.194118651322356506e-01
-9.839723321459287186e-02
3.496991116098216446e-01
6.554501857757412120e-01
1.045837194666882353e-01
-7.471563578954383278e-01
7.164921013377039127e-01
-1.665582883691321125e-01
8.430393436903604876e-01
4.006067945443532174e-01
-9.826175834542949517e-02
-6.339082081738158791e-01
-7.012735600448092299e-01
-2.114655946203667369e-01
-3.479669117509387455e-01
4.039063556057180815e-01
-8.128965225100397429e-01
-8.369931585254699602e-01
-8.755993526933081306e-02
6.674423999830048082e-01
1.746082734295488770e-01
-4.490293071774851263e-01
6.631825304521887787e-03
7.646701107442832601e-02
1.064650791039967181e-02
-3.565338058354052819e-01
-7.449374396492929318e-01
-9.800557119744064405e-01
8.395667763955882990e-01
6.035950554468412221e-01
6.201934252958491989e-01
-7.832142205585677086e-01
-1.907297022875154013e-02
-3.339581966817362080e-01
-7.986607117477633189e-01
-5.341543927960030747e-01
2.993109070515274084e-01
2.653112000094735023e-01
3.901214935025107966e-01
2.725333560079001849e-02
-1.870207321737527018e-02
-6.149862662576746075e-01
-7.600868920528960349e-01
4.215224360227305400e-01
-6.850438579268394168e-01
7.244059523094481534e-01
-3.841839369472661581e-01
3.395427294550346087e-01
-6.847704559548997150e-01
5.385838388041830349e-02
-1.965402881680327063e-01
-9.179305965311614912e-01
-8.319042862034853325e-01
-3.430255145667220340e-01
9.187359889549258085e-01
-7.532690687119838469e-01
3.316360989078754873e-01
-4.718556415167924900e-01
4.702188888065292893e-01
-8.290959710606182753e-02
3.346390242230934398e-02
2.201508200896982181e-01
7.869519084506546580e-01
-1.513341823834315480e-01
-2.946441006776006066e-01
2.304725925646464724e-01
-7.803203684677257890e-01
-9.300909480777863614e-01
-3.991871138683193987e-01
9.231336754082541951e-01
9.454730618597402270e-01
5.411963666129810946e-01
3.301327921708190338e-01
8.028094737872759623e-02
-1.158163389820976441e-02
7.240654091845979412e-01
2.782395020820405129e-02
2.338159163528998885e-01
-8.823167716476045808e-01
-5.308900210203606473e-01
2.277773092959956003e-03
9.934695872944205863e-01
7.758731288789812996e-01
8.204323414783776247e-01
-2.386568046132022669e-01
1.052693084494347175e-01
8.516478289187621176e-01
-4.237958151598228973e-01
-9.869775748526055104e-01
4.558458148600135207e-01
-2.830288248627350622e-01
-8.731481279356270164e-01
-8.685180427936560754e-01
9.490155506457074175e-01
1.333324288368309407e-01
7.389716649752724464e-01
-5.140265965463157727e-01
9.057424391299160327e-01
-2.974137601836603917e-01
-6.582397011725800162e-01
4.019946460611740768e-01
-4.304689838631337029e-01
8.967216099321915213e-01
8.506463933109023046e-01
1.860591651155689696e-01
2.538873315369907235e-01
9.201558771574784856e-01
-6.834549232003104269e-01
-4.113392114770895169e-01
7.796362566069272582e-01
-7.844294236180207047e-01
1.599370429635760260e-01
-4.449630679532703414e-01
9.352825938546405204e-02
-5.837984666216633478e-01
-3.984670148069149320e-01
8.866019612095101810e-01
-8.009335097891168154e-02
-2.774744125847616871e-01
-2.243984915821768400e-01
9.096329320077614078e-01
9.972036378468767115e-01
5.940478823566237576e-01
-9.170845940578813416e-01
7.073108318608911649e-01
-2.611752506188860234e-01
7.746644858578730641e-01
