-1.910332327149110929e-02
-1.037364239255053056e+00
1.063319329187063067e+00
-4.421041982461640929e-01
-6.468556230206483626e-01
-2.018367039452819700e-01
1.182221085614107992e+00
3.663227068976101508e-01
-6.930001078261032177e-01
1.360163297913792979e+00
-1.659382075365976872e-02
-4.752698305905486142e-01
4.823699681240627424e-01
8.034368468671115870e-03
-5.040889950744606995e-01
-5.254368582723911718e-01
-8.905946899896427515e-01
6.722627952957432873e-01
4.769019377717993446e-01
1.049315592242564099e+00
2.064912675591880298e+00
4.167214902138368648e-01
-3.006152508761168907e+00
3.918031735112595948e-01
-2.872831627741549987e-01
-7.393029418417604859e-01
-1.171656764764273273e+00
-4.098406724221261843e-01
-4.305913885918720152e-01
-3.830007669522800251e-01
2.928448703663707464e-01
-3.520077895228982179e+00
-8.015709457284650452e-02
-6.910026301258002102e-01
-1.952243031575986443e-01
1.040273239957757889e+00
-5.250952444003916808e-01
-7.380997913649610664e-01
2.271595694153022149e-01
1.192419534287212812e+00
1.486397826117005883e+00
-1.455517078790611041e-01
-4.710731170992639161e-01
-1.335092345855351526e-01
2.299365813042379414e-01
6.233227720049002718e-01
1.003384483088654466e+00
1.077335101729181011e+00
4.258413896439739998e-01
-5.666983409341551647e-01
7.639381465814742977e-01
1.501483209232931659e-01
1.632126659689231152e-01
-3.474903145306599828e-01
8.006460408830946562e-01
-9.088865078972684364e-01
8.124396261277513354e-01
4.173330140841459701e-01
7.710187093284894821e-01
-9.126041140173962729e-02
2.084110076078534712e-01
-7.341138552955486229e-01
-7.945154906490597968e-02
3.470136757968532160e-01
4.585478778576196346e-02
-3.284500786144871620e-01
-5.242452135775045319e-01
3.687023786882398513e-01
-9.666860636783429772e-01
-8.451940957151944378e-01
6.009477269206864314e-01
-4.902519497083066558e-01
3.179352740231122243e-01
5.404375578936870816e-01
9.527524052796954024e-01
7.428357949127247783e-01
4.307000591619523089e-01
7.951557911743398765e-01
-8.618721911291196136e-01
2.064147507447828267e-01
6.205259939807972192e-01
4.585428606464995172e-01
7.867686495368043653e-01
-2.523804044399891033e-01
-3.664497978516760845e-01
-6.886670511108901049e-01
6.647238756304122420e-01
-3.110281180917723876e-01
1.301682710852860358e+00
-1.594063908875801738e+00
3.388639511154919459e-01
-2.246381675024844427e-01
9.957446344356168932e-02
8.101653489326561264e-01
7.292821792962302929e-01
-1.210230786644052481e+00
-5.459521769144448644e-01
3.807401653995929336e-01
-2.000636343499525349e+00
-6.995327919771731073e-01
-5.524388891531033519e-01
-4.857341837242145632e-01
-2.753372533149415213e-01
4.312904448216197673e-01
3.321888897378355021e-01
-2.613074341309285509e-01
1.602432894496944593e-01
-2.162076869280016300e-01
1.218070015885092783e+00
-1.918435060843041995e-02
-6.377382006251048896e-01
1.070151691421156737e-01
-5.714930831318246751e-01
6.843296820752975407e-02
-1.730403880854845811e-01
1.249402614513802190e+00
-4.293178959076358603e-01
-5.549729708235896508e-01
3.967643161961648124e-01
-5.119809188882895601e-01
1.401357955031647395e-01
1.841141311038101969e-01
-1.274676584405229240e+00
-5.234852193491625061e-02
5.882177892535772612e-01
7.475783939299880387e-01
1.005048595980885695e+00
7.600829273146553211e-01
6.393636072052605313e-02
2.702582324546784487e-01
-3.698778028413798880e-01
-1.294388701230142713e+00
-6.956471992737583987e-01
-8.483526994505415919e-01
3.997595323353009822e-01
7.844502741829115222e-02
3.473952320068542376e-01
-1.438972603177251619e+00
-1.011484745083050391e-01
4.358495876475091402e-01
-2.239625475485257367e-01
-9.267163700699702078e-01
4.125099436982083145e-01
3.409492512894862770e-01
-6.480952995816005036e-01
4.345180593663997004e-01
-1.077925709953265310e+00
6.098279385403490016e-01
-8.256810899278390625e-01
1.215588064596141160e-01
-1.573737571250590994e+00
6.915499580323763995e-01
2.110332349943535579e-01
1.808786946073109303e-01
-1.852784813252958129e-01
2.603500938116979357e-01
2.807288318051816001e-01
-2.114099393221921808e-01
7.663204672291570874e-02
1.871394668128637528e-01
7.875463850676533983e-01
2.137677699173704537e-01
6.138882949294552915e-01
1.191144938111118989e+00
7.897221269670013921e-01
2.183265855401400057e-01
-1.301083251286903941e+00
-4.400400040096353327e-01
-9.517080529355015361e-01
-6.428417629965606228e-02
-4.024135033939814088e-01
-6.128324706505747788e-01
-1.983252557044423714e-02
5.054584004826170318e-01
1.552942046114168750e+00
-6.077030190824005418e-01
-6.984695637679612101e-01
8.917777421097463630e-01
-5.801100417743741966e-01
1.348809694667870485e+00
3.925931368791552023e-01
-3.344794897961328450e-01
-5.220568146095208029e-01
-1.749444448445208078e+00
9.653618763147289727e-02
5.734382534174111701e-01
-4.491133124218182893e-01
6.712867976513157142e-01
-4.585585970325398719e-01
-8.076378862262123537e-01
-5.344084042157839498e-01
-2.200701716547864006e-01
-3.852788947882420656e-01
7.173722814796188452e-01
1.510490686205408384e+00
-1.903468245585239818e-02
-2.628431696052955235e-01
5.246805870088250279e-01
3.472488981301686262e-01
2.295183453312718835e-01
2.494501301929854531e+00
-1.405278529266751786e+00
-1.389284888536125862e-01
3.950767216434411533e-01
1.400781916069689659e-01
5.560503631430988580e-01
1.348762642479699458e-01
4.563487681502189086e-01
-6.572390345965457570e-01
-5.054504982161982518e-01
-2.959634824799234343e-01
-2.394644588631518189e-01
5.260172867392738372e-01
7.553948918785752253e-01
-2.781571294867110078e-01
-8.758361807541825694e-01
-5.180563663587253176e-01
4.552568761346835469e-02
-1.300735022146648490e-02
6.370771450308531092e-01
1.000669556532879367e+00
-6.465233904388747455e-01
7.751267087293901570e-01
5.964271168790264976e-01
6.611795705823045877e-01
1.202591967140926310e-01
-1.800386355025617169e-01
1.064594821911748479e+00
7.922809268264234539e-02
2.680514154809620631e-01
-9.774706795304867191e-01
2.706798646035590283e-01
-7.775492353329306328e-01
-7.199323182910016827e-02
6.747713501487034859e-03
-4.520504162064304388e-01
-1.170719801550137995e-01
6.938790082193129205e-01
1.039021778687322151e+00
7.915894391968413268e-01
4.449489540014662792e-01
5.489333379711753835e-01
5.322358355574673405e-01
2.257456703313491797e-01
-1.551335921772642179e-01
-5.878185372166330191e-01
-9.321933403438612542e-01
9.775114438569315611e-01
1.418149568902159763e-01
8.346815345863002611e-02
-5.376149908901766139e-01
1.131615942267909292e+00
7.213604109063815883e-01
-3.124459048005147066e-01
3.238390241488876553e-01
6.430660541352790638e-01
2.754760209443359309e-01
-4.449177947493540008e-01
-2.954242893638996392e-01
-5.223536764173781766e-01
3.625676426913457817e-01
-8.443606799382693540e-01
1.032858483160185858e-01
-8.581721947046315746e-01
6.375653305495337930e-01
