1.379929150932770465e-01
8.158701190152449767e-01
-5.874106689037318363e-01
-8.091744476840095901e-02
-9.519210221949031547e-01
-1.944826363770485178e-01
-3.738634966788804692e-01
7.779337244382635852e-01
-9.371142358031590014e-01
9.504411412762685529e-01
7.041974676451145942e-02
6.998802732270026361e-01
-2.268824055623175351e-01
6.496970024668320409e-01
1.087467818563845334e+00
-1.204516339767229827e-01
-1.427419647603050956e-01
-8.646956117310019563e-01
-8.088333164009331444e-01
8.082390000629161575e-01
-1.106868370038763399e-01
-7.372796068899504229e-01
-4.799810735609629231e-01
-7.620156890134131000e-01
8.838532378036433323e-01
-1.046043676896939445e+00
-4.627860043265783485e-01
-5.143752219958013239e-01
-1.006776345135274475e+00
3.460083215238498600e-01
7.144381479867675244e-01
-4.723416072024201884e-01
6.001001640518817126e-01
-5.367082064142174591e-01
-9.619014490944193252e-01
-9.834161650964614587e-01
-9.465205006644727970e-01
9.651767008368261624e-01
-5.422291592290673368e-01
6.655471760271531867e-01
1.655467431914963705e-01
-5.488250302003373493e-01
3.513908732862762729e-01
-8.104368834151762235e-02
-3.414781251549905416e-01
-2.292367483242234716e-01
4.653871289283357804e-01
8.186153751586453531e-01
-9.107777516948949437e-01
8.491580197882653280e-02
-9.772268020119407872e-01
9.592748711450949095e-02
8.618586388702548229e-01
8.223941863517971740e-01
-7.744956121943533667e-01
-1.899106153945137876e-01
8.725132620017470586e-01
6.653362915030291980e-02
-5.621742230550744734e-01
9.500766642005423757e-01
-4.597177968282670224e-01
9.624496142707565927e-01
6.609128263772449108e-01
2.486955273440907832e-01
-8.241823365380211985e-01
8.008141417857752575e-01
-9.901711113208679915e-01
-1.241608289010633359e-01
3.456818206056011533e-01
-2.829558016421862554e-01
8.647067894989690640e-01
1.031588539132458626e+00
-5.551339813137199375e-01
9.060165514211253601e-01
5.699431674461387098e-01
-4.257229645422642150e-01
-4.894801928832626103e-02
-7.847950230653431003e-01
4.256045507875585443e-01
-8.542183981835160811e-01
8.075923025445705949e-01
7.337241571503212434e-01
-5.517120495740908126e-01
6.470397445342523923e-02
-3.560508341867251736e-01
2.373814257210543621e-02
-4.425742355001915374e-01
5.809541204802892711e-01
7.350576947902209834e-01
-5.673451585913964756e-02
6.408779794974999167e-01
9.089037119114738716e-02
-5.954826710089505815e-02
6.926856510572335646e-01
7.351164622807275784e-01
8.956515673274660916e-01
8.426012730979055565e-01
8.867145444615783800e-01
-5.899560609840538428e-01
-6.375913972199129809e-01
-4.692489480091732723e-01
-5.613365590718918385e-01
4.943396261034115891e-01
-9.003257126795631837e-01
9.320398075318622744e-02
7.733312420693316813e-01
9.811219847602314914e-02
-5.216718438802094848e-01
8.970782560749509527e-01
-1.839834407168379482e-01
4.910331534180037427e-02
3.725337600961339257e-01
-1.985605314546305955e-01
8.857750463070680480e-01
-2.953850266843173200e-01
2.264610925915598871e-01
5.751799412921392296e-01
1.658569386184416405e-01
1.046086157269687122e+00
4.603562186794740163e-01
2.249226815799362095e-02
-4.541148512845770147e-01
2.273358662068652725e-01
4.397104373970595059e-01
5.831649342600955244e-01
-6.706584196917926288e-01
6.381691694715004859e-01
-4.915812532747206864e-01
-4.122299311162651581e-01
1.344179116702666210e-01
-8.233177756968786953e-01
6.599367505623122687e-01
1.787287304584014025e-01
-7.601598429005610447e-01
-6.590061643824007831e-01
3.061744876938162219e-01
-4.504445714482983587e-01
7.905617653291872882e-02
9.048414943174946101e-01
-5.065996642501071623e-01
9.073164008119041224e-01
-8.595188527132850975e-01
-9.815323199424590417e-01
-1.085930881497797484e+00
-3.462870026939044443e-01
6.339408874943106564e-01
7.813298657366676281e-01
9.503051115362302070e-01
-1.805469647054198934e-02
-1.630809590336422810e-01
-8.133446071990217963e-01
-8.863226580885390504e-01
-1.044260335022446418e+00
-1.929117577436545439e-02
-5.621019253360381301e-02
1.661491880984872216e-02
6.711171890623478242e-02
-4.019663455422994858e-01
2.779560825603488716e-02
7.965041136042310121e-01
7.787999297395342690e-02
3.162942412793579017e-02
-7.182795881354331335e-01
1.621341629200033496e-01
-8.242213927547850094e-01
7.221303634291956208e-02
-7.805561534014509029e-01
-4.052546951011077869e-01
5.298827851349772189e-01
-5.475768134567755574e-01
-2.667841520032542268e-01
-4.423202844860188443e-01
1.449595968203297169e-01
1.340455301536337684e-01
-5.639096944383089616e-01
-2.605432246911449923e-01
-5.877449004573336300e-01
-2.845326402648157837e-01
-7.772359332101594354e-02
2.680322467504558381e-01
6.432871504251908013e-01
5.078731967518559376e-01
1.124365904578422004e+00
-1.128650494444843666e+00
6.221401347088257872e-01
-6.822017251978109709e-01
-7.391611597465879147e-01
-3.120287114196118594e-02
4.928228244380666867e-01
-3.220886434144385468e-01
2.648952141030008200e-01
-7.853246611790059006e-01
-4.632881146229483882e-01
-6.717885572568838004e-01
5.346281393614883415e-01
-3.846544890052195353e-01
8.576044019836901455e-01
5.557765495385557086e-01
1.795125491227229642e-01
-7.937769202293354365e-01
7.887050609108883781e-02
-8.449990529988962162e-01
-5.724673654848155824e-01
6.368863293238962164e-01
-1.079004673456568919e-01
-4.464624466708957407e-01
-4.100492758893183876e-01
4.404987692083778827e-01
-5.306590693945738568e-01
-2.045908281441060350e-01
2.737671387516847354e-01
-5.311635051982284139e-01
-6.890585986833235310e-01
1.065151716601342002e+00
2.516064798486239984e-01
-1.003644463989578295e+00
7.952391926900996832e-01
8.349945184894912442e-01
7.158890583364543314e-01
3.666837730831050135e-01
-2.692157444481868556e-01
2.232066049373626626e-01
-4.692316664327579323e-01
8.823985242353276082e-01
-6.753231192587094700e-02
-4.973917724964740383e-01
9.916710613240284911e-01
1.035029016725001361e+00
1.232721335238509131e+00
-1.206060210915246733e+00
2.241796264938535344e-01
-5.908287313017788200e-01
-6.026168586060199894e-01
-9.276517463715783229e-01
-2.990692130277958771e-01
8.846180252144837386e-01
-7.923471154040926390e-01
-4.461462468231227468e-02
-5.719981996560756787e-01
1.881280937248901441e-01
-4.042848307746483849e-01
-4.060460911102351522e-01
-8.919718592622503106e-01
-3.458194072906871641e-01
6.764955261220205462e-02
-6.642733019428241903e-01
-7.346134231362142497e-01
-3.933943313658598839e-01
4.802778490263759359e-02
-3.610766294888563266e-01
6.279284436112109180e-01
5.659702156912075344e-01
9.416695682798470468e-01
6.091541921256636849e-01
8.994824626450292904e-01
-5.064624167453521952e-01
1.373652453581023503e-01
-8.180225238888684247e-01
2.388957892053960586e-01
1.059688511021382867e-01
-5.773816195303698162e-01
-6.697707892354727299e-01
7.414708459221329706e-01
7.185642999045027679e-01
-3.354265045946902002e-01
