9.956499624328376541e-01
1.734687994471233452e-01
-3.631666680529042068e-01
1.685061560704684602e+00
8.874175637024966923e-01
-8.620768614029714616e-01
-4.333490084585489566e-01
-7.066967131470303087e-01
1.177079081578992492e-01
-2.310797494565298038e+00
2.546695663668676168e+00
-1.582758240069756184e+00
-1.616328147957277750e-01
-4.185474646635273466e+00
1.633774923839741877e+00
-5.700208824345343039e-01
5.562363928635782884e-01
-2.821962562515995532e-01
1.750463553381896187e+00
-3.758537027298213262e-01
-2.385309528083793040e+00
-2.730942145136355803e-01
6.273797490153170120e-01
7.213526354055788126e-01
-4.389035230131196341e-01
-7.104520885499159277e-01
-8.861905559155762724e-01
1.061546371963681068e+00
-2.215990872513073917e+00
-2.195713864206342847e-01
5.844855598959850518e-01
1.285742350762085096e+00
5.240503131339313558e-02
7.122485668120719371e-01
-3.378915591818704378e+00
3.526808330555093463e-01
2.038988883897761006e+00
-3.066485062953061114e+00
-1.297255110366246633e-01
-2.174245635601841364e+00
1.403938460824291745e+00
1.621306870313676152e+00
-2.547868300307732703e+00
1.609259789207440339e-01
9.947903410514390421e-01
2.231651032175279603e+00
-1.101468876500129479e+00
-2.795814567072574253e-02
1.000424901049764559e+00
-1.170340572499127596e+00
-3.845873072644266366e-01
1.287562520292619084e+00
5.423296470813636638e-01
-1.052041881280272317e+00
3.620517676107743554e+00
2.390547322023651722e-01
1.041425843201568169e+00
1.051366080652617052e+00
-1.973968866765755115e+00
-3.685748274803362090e+00
-6.115388766318192726e-01
-1.522138552816866053e+00
-2.876652284257706915e-01
-3.475485540128981032e+00
1.025347664176732065e+00
1.788094015271611381e+00
1.875916790418483693e+00
3.381600396982595291e-01
2.374542611517949098e-01
8.736807450403372144e-02
-1.466897845536425660e+00
9.114997460498193149e-01
-7.211591994254443749e-01
-2.344076777642132292e-01
-4.553955018723088721e-01
5.646251753739693902e-01
6.729571869865098588e-01
-1.207410753240144796e+00
2.667674695621469194e-02
7.231465888932648856e-01
1.060109674947714131e+00
-4.236513907884153496e-01
-6.342602762042803821e-02
1.201390699459031985e+00
1.769233940236863978e+00
5.036583564251407852e-01
1.738853595079942638e+00
-1.764483720991086191e+00
4.462772434780774011e-01
8.980744628401029495e-01
-1.654711613064174802e+00
-1.180610356351275980e+00
-1.803127307326979345e+00
1.467602899648146053e+00
-1.413927178328505452e+00
2.625635044390060568e-01
2.252959598105515326e-01
2.258280703458205974e+00
1.211001764119344348e-01
1.859556040486509687e+00
-5.836463777122316010e-01
1.246812120061544737e+00
-2.194457183844490400e-01
1.496976713060956254e-01
-1.554169443273795803e+00
-2.110625352434484903e+00
-5.311711960926448484e-01
-4.762382636984147655e-01
2.065118306570016271e-01
-1.907597563321281608e+00
1.304017056535747177e+00
-1.693140245218570428e+00
-1.220524507653333313e+00
-7.177760280559009054e-01
-8.965267608616904749e-01
-1.431326628393702061e+00
-4.288454434474995303e-01
-5.522872766257602706e-01
-7.206032506245549918e-01
2.129578825438354084e-01
5.766331038328361691e-01
-4.134142139799885096e-01
-3.100887996307103434e-01
9.842289478214520937e-01
9.487770302238742737e-01
4.711305510171729383e-01
1.061018907375589126e+00
1.203815391332406781e+00
1.502288369673558666e-01
-9.056687595077702602e-01
1.002163382729661656e-01
-1.370633017380745278e+00
-3.794259629956330815e-01
3.212593414175505813e-01
-1.613802835465071084e+00
1.085655463773793850e+00
8.258684827670764728e-01
-7.930882202992755037e-01
3.498763078726462306e-01
-7.589950793027198106e-01
-1.352778122989320320e+00
-3.070850104421827265e-01
1.042182726165647555e+00
-3.631474363315857490e-01
1.871172264128120100e+00
-3.572361128789691698e-01
2.807335966931212567e-02
-2.507037937286582974e+00
-7.481851538343136099e-01
-1.618140794789691972e-01
7.173341496251220972e-01
9.134677880995147881e-01
-1.230110071961193041e+00
1.310258435707019053e+00
-1.603382521689878937e+00
2.011368880406162241e+00
8.601925499769331740e-01
-4.352409939237562031e-01
-7.103915967713754220e-01
-4.939597854223613527e-01
2.053878413329247810e+00
3.076313484754152339e-01
1.341667951159681627e+00
2.915390282552029255e+00
-1.214951468893011421e+00
-2.435929011642821607e+00
-1.480545325856029049e+00
-1.694741241796562159e+00
-4.473083617212315621e-01
-1.180384415331761083e+00
1.297898571322590122e+00
-4.416791001019595431e-01
-1.249089561465388520e-01
1.033417660744910260e-01
2.351586046946888331e+00
2.972144025017047220e-01
-8.440907152988483819e-01
4.849091082436874922e-01
-5.583555269504545393e-01
-5.212716251340320239e-01
-6.304225255928728178e-01
-1.058543965045206647e+00
-2.491784337331448107e+00
-7.356945742819098744e-02
7.186033350207953196e-01
1.084104145122816165e+00
-9.849789415835492612e-01
-7.829430054145850582e-01
-2.895878854466639174e-01
1.819674867222558223e+00
9.923697916952454179e-01
1.189145161917154025e+00
-5.563622771616452134e-01
-7.484223843060160419e-01
-1.290640570898738515e+00
1.866131648115501029e+00
-6.167994315289017093e-01
5.095662433823725523e-01
2.562431363215229574e+00
1.183869983908281132e+00
1.025054626964734483e+00
7.206657093564365901e-01
-1.429214153597820003e+00
-3.123957929532505950e-01
-1.072702063933789862e+00
7.063740336523570695e-01
-5.205854384723564987e-01
-3.957951622301520977e+00
-1.639229468197448414e+00
1.989144231298711096e+00
-1.811624726738471081e-01
-7.570038981975245607e-01
-1.424254466862513446e-01
1.014170313701225679e+00
-4.129390431362897074e-01
-6.392848784564809650e-01
3.810208930948012496e-01
1.976239801645658378e-01
1.985253414528947991e-01
2.575441015827816038e+00
1.003808936196093127e+00
1.869713464991689555e+00
1.126638436200058990e+00
2.473465171487250203e+00
-1.029315392946090757e+00
2.188459725116618515e-01
5.411329337876178425e-01
-1.249733153634821958e+00
1.786302568643464816e+00
-3.099280884419825521e-01
-1.975110892684414310e+00
2.096960912536055766e+00
3.305293587462827531e+00
5.311820143426998486e-01
6.880699301239774357e-01
-9.087162044904526503e-01
-7.227892203736014931e-01
7.445658617621455644e-01
-1.304520537193745167e+00
-6.917874704912513328e-01
-2.171108778279707607e+00
8.158155194306424551e-01
-3.996924724110795246e-02
-2.951456150300265646e-01
-5.893105239639364612e-01
2.059653335541413277e+00
-6.488745859120561565e-01
-8.930952085877423841e-01
1.703495311853477023e+00
1.413866323975395911e+00
1.990120566623303278e+00
2.085123664513075514e+00
-5.702132623318154070e-02
1.927373405127787542e+00
2.035409049530571224e+00
-6.871864388612701768e-01
2.238962559437156941e+00
4.561137599687734023e-01
1.931733393630467310e-01
5.193715399455745008e-01
-7.598298589411012216e-01
6.071094094231006544e-01
-3.539043441785104882e+00
9.245957803655718843e-01
-7.087933376913769790e-01
