7.101671187577625055e-01
-4.042083721036477950e-01
-9.493263888723790789e-01
-1.233175264745356436e-02
-4.412036163211114914e-01
1.889078958252041751e-01
8.634391762800412984e-01
2.106015326279009336e-02
1.381149907433216750e-01
-8.560509756511158752e-01
4.050386407344512829e-01
7.892877950984711344e-01
-7.849366166084736918e-01
-7.675481288904533184e-01
-1.447315608189139180e-01
1.872114189259885819e-01
-4.559684294491577194e-01
-3.584455064883202979e-01
4.457803921862513175e-01
-2.363226186033442477e-01
-1.971163241847007086e-02
8.795618178970112666e-01
5.454653955147596989e-01
6.758232690958008160e-01
-7.520064300173354699e-01
2.323621351899594067e-01
-9.415499812867356155e-02
-4.602706201312234402e-01
-8.542775883046707097e-01
8.717888894629042262e-01
-6.782845037907720975e-01
-4.389436193494509197e-01
8.983514272922259458e-01
6.266295895932749715e-02
-5.073073417848539268e-01
5.779646274110614712e-01
-8.363914210923506509e-02
-4.878493656896301101e-01
-6.237369531032401770e-01
2.278156521600309681e-01
1.029239023894601424e-01
3.372108195056027213e-01
2.943393661378033155e-01
-3.434867318039609430e-01
2.812451629783725426e-01
4.346418438298331743e-01
-3.846695993454336548e-01
-1.778971663458861485e-01
1.952357316218020777e-01
-2.057345219043298368e-01
3.017081796390486126e-02
-2.508856144280586786e-01
-7.845656525645359203e-01
-7.286951597888031706e-01
1.244209996805301088e-03
-9.331337973130773289e-01
1.650028135113450478e-01
-7.105773605903979995e-01
2.063041693998726167e-01
-5.283682748378735194e-01
9.340383351520287203e-01
6.821698757607701502e-01
2.457535006198863226e-01
-2.743295971919086362e-01
-8.263032347699807989e-01
-5.718126742944120711e-01
-5.963885195030047548e-01
5.466194904059771265e-01
-9.537158053782353040e-01
6.103769894396684492e-01
8.972982619395803994e-01
2.312164207057774146e-01
-3.025229057755414175e-01
-5.897858491402128145e-01
6.970941207097307579e-01
-8.983354187483847397e-01
3.007411051054575957e-01
-3.411684154844016881e-01
5.665533162229494657e-01
2.427273219003667215e-01
6.892804595888553099e-01
3.365905668753192970e-01
5.375812560894828174e-01
3.319284530868373828e-01
3.016590123979752125e-01
-3.777817822631612810e-01
-4.897645575864835177e-01
3.057271015134301884e-01
-3.312598028877278278e-01
-5.739255852926874457e-01
-9.768695413579504550e-01
-2.659144299888602792e-01
-4.670586466817034932e-01
-9.993172231972313746e-02
-1.231159014583689260e-01
2.089684310914130538e-01
6.467879958537112728e-01
4.574131844571021066e-01
-3.685198950349140024e-01
-9.381627253886910545e-01
1.576749326691746500e-01
-7.965904745554990285e-01
-8.644597078641376164e-01
-5.809826554934083287e-01
9.241527170908134803e-01
-7.243188167215750539e-01
-4.277905594119564281e-01
8.898572645300495410e-01
-5.268258069910138897e-01
-4.480550912455274482e-01
3.912750265752380496e-01
-9.461492846671013535e-01
4.307814625747559134e-01
-6.905691019816826426e-01
9.883987820954320824e-02
-1.406124117667630902e-01
-6.808590417036981535e-01
8.335203612114283622e-02
2.429928295483732015e-01
-5.718241983414187324e-01
-5.177069602852539809e-01
-3.522149300816399542e-01
2.250911540361975050e-01
4.444935701035943598e-01
-8.629353317712413762e-01
-4.231295883921406542e-01
-6.635665045773020410e-01
8.934866784117843075e-01
-7.665973771369987144e-01
-2.487725332162011860e-01
7.454892593080013619e-01
-5.587014826349110397e-01
-1.579854296454898943e-01
8.526583893147745563e-01
3.197773887670658510e-01
8.047612256797447294e-01
-2.783878584084580332e-01
6.863093940247368963e-01
-8.479214810815420833e-01
-9.322600602560311422e-01
6.936803797406883021e-01
-4.639611279533948363e-01
9.804837434389406248e-01
-7.052831593778241537e-01
3.903618384725890955e-01
6.784455304913807883e-01
-1.346854570845916754e-01
9.809954848293513940e-01
3.302685919878478593e-02
9.794085829183036829e-01
-9.219571258425200977e-01
5.859336927383382854e-01
-8.506111910689195810e-01
7.294589919026592817e-01
7.017998331971104786e-01
-6.214252876235448753e-04
1.327570816189227454e-01
-2.572871309463007350e-01
8.295850257169050668e-01
-3.378732543632332330e-01
-8.163708942721430439e-01
-6.166637198102995487e-01
-9.731895607420681937e-01
-1.469764826913206868e-01
8.070709376314408878e-01
2.657020502800420125e-01
8.061388671913198856e-01
9.570492618798862594e-01
-4.811703648783804965e-04
9.566534143097757958e-01
-9.506770237868944484e-02
-2.896186915623160107e-01
2.574255357896144680e-01
-8.710554844449485135e-01
1.847704797028979495e-01
4.421867399764336515e-01
1.498716445918879536e-02
-3.885873718724497383e-01
6.269845849647581737e-01
8.003942250479041398e-01
6.015497831149756447e-01
1.094785386341905475e-01
6.836721349837999728e-01
6.668859741255086515e-01
-5.531488456848776547e-01
-2.945696048399741862e-01
-1.628111827351554908e-01
-5.909357340119951729e-01
8.074937181548347276e-02
1.300384156295264493e-01
-6.696146080321725425e-01
-9.589299086109461800e-01
-4.360515524196697523e-01
6.504449631318527381e-01
-8.342761970960477225e-01
3.312705985506172457e-01
7.450085600844731371e-01
-2.501497973683075582e-01
1.254691499442581737e-01
-1.809075781000373251e-01
-7.773997382648547561e-01
-3.673465028568489998e-01
3.774396960292771830e-01
3.418525429529419846e-01
7.309128672190658982e-01
3.337410580535418170e-01
3.877131784075047438e-01
7.401204105305869696e-02
-3.337644732078299814e-01
-2.807791713327358885e-01
2.071950374336228862e-01
8.258584152340464613e-01
3.208003237133749685e-02
1.395358786272642426e-01
2.614967469243452136e-01
6.972521616623625906e-01
8.527901747534825105e-01
-8.835913909860542148e-01
3.076424268982700383e-01
-4.766457623103261820e-01
-2.293736452920192015e-01
3.336943503229403696e-01
5.075801281928051800e-01
-1.471189262383958418e-01
5.540281310784345159e-01
-8.977983238810740563e-01
-7.225897961395442159e-01
-5.069243057540846475e-01
9.641589749230776718e-01
4.124277438580372657e-01
-8.144408467188053447e-01
-9.864765588895485493e-02
3.776699638451097574e-01
7.247214580143819251e-01
9.002262541564047815e-01
-1.408332104228187109e-01
4.646190413387096818e-01
5.515285843773365393e-02
2.298021118849562505e-01
6.177107403142616526e-01
5.958032797945376213e-01
-6.264753498728496961e-01
1.666047128525278698e-01
-1.914810339125323502e-01
6.978317724329909932e-01
-4.595160192203842087e-01
1.475516733507717948e-01
1.609682090952402334e-02
3.515625553002725834e-01
-8.205146873065836122e-01
-8.089429826742848828e-01
2.473312386270798413e-02
-5.571927937821019583e-03
7.212298143281601348e-01
2.795990897530540309e-01
-4.571122828640605817e-02
7.040012443729404268e-01
-4.415643356298071254e-01
-4.826653557156619367e-01
7.511898561321470602e-01
5.136760445337067438e-01
-5.555989107419976314e-01
-2.505615914804666389e-01
5.339699320510971070e-02
4.821408428695419524e-01
