3.053982987326615550e-01
5.322945536055958549e-01
9.628352609095514048e-02
5.987773254619424002e-01
-4.892001304163087205e-01
-3.220686184654839579e-01
8.270908559727163656e-02
-3.909462451246683568e-01
7.302434117506528821e-02
-1.763313398807437871e-01
-7.179921754940239431e-01
-9.416327380069200448e-01
-9.722126375650874675e-01
-9.389627729987677363e-01
4.124480728474482216e-01
5.298553324782921958e-01
1.795036025500464927e-01
-6.456605988122010586e-01
6.893980644022379423e-02
7.796862417128247458e-01
9.245224940530460955e-01
-9.179503970574136584e-01
-5.520279502714506847e-01
1.202733610246609075e-01
8.602171883151168430e-01
-7.341967874097943270e-01
-2.923857145316901551e-01
1.411996847459804361e-01
6.912604884582482789e-01
-4.387192485571853595e-01
-2.895423198164988055e-01
-6.701368702821326462e-01
-6.416131550584180943e-01
-6.404925371229592823e-01
5.180628829913795919e-01
-7.811286281688643029e-01
5.840168462907653346e-01
4.489872690662528587e-01
-3.834038525583505219e-02
1.917784830829663001e-01
4.923153641132915759e-02
-7.896980350215243583e-01
-9.088569255791982826e-01
6.492775667555679142e-01
9.062050260022975756e-01
-4.237454599367955765e-01
9.149564352465111572e-01
6.478563466519924319e-01
9.633785775321768163e-01
-1.997631552178469327e-01
-4.837060055043085338e-01
-8.061906439008739156e-01
-2.059355708735610690e-03
2.446541369169497049e-01
4.944671030267919765e-01
1.517275378925182494e-01
-6.499511769855608190e-01
5.128369643741808037e-01
1.730965178146253169e-01
7.544766897608905509e-01
-1.113569715857738451e-01
-3.115830110996931079e-01
-7.860595640929901595e-01
-5.546018250999160681e-01
3.457828167741068270e-01
-8.643211431073098971e-01
-8.000846075731271601e-01
5.083162927304551992e-02
5.932813916420378586e-01
6.649177845824145727e-01
7.076511179203319735e-01
-6.390311203370955262e-01
3.739232995697128192e-01
5.255744559834978347e-01
-9.113449646493774203e-01
-7.920016265747562567e-01
6.084748439621279203e-02
-3.198467489506087169e-01
-1.279158339191122096e-01
1.476589235869556482e-01
8.254167616895506931e-01
-8.050077487707341106e-01
-3.894305408568001781e-01
3.398240919926074355e-01
-9.050858967603201410e-01
8.922648930933243516e-01
4.688256897774436549e-01
1.847447572486138334e-01
-3.303215045843479469e-01
1.835973101286698661e-01
8.801355707563720543e-01
7.685105798721403314e-01
3.618406259936042257e-01
5.019192866889692350e-01
-7.210197943270726384e-01
1.132215472110325027e-01
-8.835179852596450889e-01
-1.041779251448669008e-01
-3.822801579637902236e-02
3.038174770084596243e-01
6.041507099697909222e-01
-6.385779315379729315e-01
1.252091601964309131e-01
5.890937976019752220e-01
-9.602688043764726622e-01
4.334923997365180970e-01
7.574945228093794558e-01
-7.750622373263336140e-01
6.386426222987180434e-01
-2.287753772162186561e-01
-3.280918179703740112e-01
-7.675013483129868863e-01
-4.106602495831261912e-01
6.055310166097938041e-01
5.261398836969406467e-01
-7.124176663737451509e-01
-3.617684195015975490e-01
-6.539041549730941760e-01
5.487661530402196952e-01
4.522413367770492520e-01
5.505030258530581033e-01
3.600829744350781958e-01
-7.806510759835116886e-01
4.493680998483704503e-01
4.240223403359568710e-01
-5.098835060388402507e-01
5.351076437720561074e-01
-4.809929464756368400e-01
-5.334130202639779661e-01
8.569301045672037542e-01
3.790807208154278740e-03
3.168002395272977445e-01
5.885286593355760765e-01
7.681112920814983092e-01
-6.701040780468026092e-02
-1.546793824637942016e-01
2.682624548567211775e-01
-5.227457255168450612e-01
-5.504048864043067368e-01
8.656182363755839937e-01
-7.340929991537343824e-01
2.894321135701867220e-01
4.697215585166500951e-01
-1.056534913909690232e-01
4.329355639129481848e-01
-8.332314718236817352e-01
6.146013782235257850e-01
-7.233312817556942775e-01
5.389130568218158945e-01
-2.515489837423801056e-02
-8.050988210520544364e-01
5.281270684651120373e-01
9.676520196370812510e-01
7.833793304773566391e-01
6.857041763525535405e-01
-7.316431971772263676e-01
5.630217665134964466e-01
-6.948131798902903444e-01
-2.764063151905713500e-01
8.754690617196381197e-01
4.298138170880072551e-02
-4.908807657727465301e-01
-2.675175692831210927e-01
-1.449886406351172941e-01
-1.138158182070967417e-01
-1.886225325524271135e-02
-1.205659101636016306e-01
2.542530547409720398e-01
8.256847754888099189e-01
3.125775844177003382e-01
-3.293826028341722001e-01
4.219652143150585122e-01
6.109399476349963720e-01
6.530063780380614968e-01
-7.832842300060789409e-01
-9.004971347790240443e-01
6.280497153610462568e-01
-6.988900378644877787e-01
1.852189992712094391e-01
3.237956040861922347e-02
5.310385885938919692e-01
-4.084945835091831068e-01
8.276998088318499036e-02
-1.218943540350283516e-01
-1.293080962092707509e-01
9.975138755563410786e-01
8.667476920183592171e-01
-1.685649445443446748e-01
9.790674949611173350e-01
2.741856006241967236e-01
-6.695649152308620344e-01
-5.296228395390158994e-01
6.830991112996498416e-02
-7.724509892070718919e-02
2.491405317036674560e-01
-7.984867336536214388e-01
3.420310005779421125e-01
-5.084441413160381007e-01
6.925276548286123379e-01
-1.357510866485864831e-01
9.563846256362655840e-01
-6.440460115578623412e-01
1.566506614289258081e-01
3.074934917282783342e-01
8.465068129176926970e-01
-3.151197928753584065e-01
-4.534883211841820305e-01
9.023456856534886050e-01
4.720217040271641462e-01
-8.970034411483107650e-01
-9.762798264662302383e-01
-3.850554657257114766e-01
2.744638226903015621e-01
2.267807347755872449e-01
4.168887532500373805e-01
-3.206418971137214857e-01
5.711107076407120342e-01
7.946249872310644502e-01
4.648113599797705220e-01
6.485187326028962751e-01
-9.422413517950412043e-01
-8.609300327193050162e-01
5.964022311694259226e-01
-5.646887778123588220e-02
3.660293699522378930e-01
-2.451145897909587923e-01
-3.465687623474746903e-01
-3.564328126402009911e-01
1.438772141532362880e-01
-4.597087564789008596e-01
3.322716454463447988e-02
7.887939270772925671e-01
6.074716695800885802e-02
9.948042298321841947e-01
-2.308349665712059462e-01
-4.603661963515612854e-01
-3.625231823874852655e-01
-9.287580756171229801e-01
9.708221632873113016e-01
5.521963806474805558e-01
-3.571603733726818053e-01
7.665976306326867107e-01
-5.768259974115328426e-01
5.324610361266532976e-01
-2.090339538502219430e-01
-2.795159517001064575e-01
-3.333991479495888033e-01
7.165310146545920134e-01
-1.408048836654416380e-01
2.880685808328711239e-01
7.291466729446687278e-01
1.503450896405091886e-01
3.389393081866198809e-01
-8.436627061230226321e-01
5.992261046581996986e-01
-6.931760824159109990e-01
9.606994686413652396e-01
-4.153788613305555710e-01
1.638018287606874956e-01
5.300779977605625248e-01
-8.069608404959165426e-01
-9.126407940012770670e-01
-1.274768076774881465e-01
1.004721627628606395e-01
9.111684686418253243e-01
