-9.088260457167762763e-01
9.231827422192002697e-01
-2.956957818570708774e-02
-6.852359865363292224e-01
4.136710446645197603e-01
-9.937592587920200948e-01
-4.274535170350556024e-03
1.193866299353272931e+00
6.936568023048599319e-01
-2.688263982761307513e-01
-5.883805361544782730e-01
-1.287683222630864766e+00
-1.817934178012707624e+00
-7.622560653747927351e-01
7.291370550109501636e-01
-8.969644662705141824e-01
7.704429133704981947e-01
-2.116129847853861712e+00
4.633542614294478001e-01
-4.285356854366568768e-01
3.342421731201230539e-01
1.714186144514626697e-01
9.303645217533768053e-01
-4.370803246427117927e-01
-6.108174191139946752e-01
5.410891709739513722e-01
-7.760218782937634563e-01
5.055776204041051436e-02
-8.421888764924827520e-01
-7.690001658162962106e-02
5.633966885772414557e-01
1.462687034129895647e+00
-1.335055770492303839e-01
7.195004193962141192e-01
1.689804312480429616e+00
4.421817488980794852e-02
-1.880240790515009808e-01
5.799703181971638255e-01
-5.456846029697897116e-01
1.023095344730002854e+00
-1.051608430461691057e+00
1.627810565973878409e+00
6.780838814397200931e-01
-4.899357657196597438e-01
1.106629112592368624e+00
9.136574301570197232e-01
-1.245041968734283522e+00
-8.991399415753787983e-01
8.771735612564843243e-02
2.525953440861187227e-01
4.457391454231895978e-02
6.638276938981074737e-01
2.031710962620958849e+00
-1.316332025482315204e+00
6.972916009933066706e-02
8.467762859176654056e-01
2.932695636747166823e-01
-5.098494857387478874e-01
5.992093339671282770e-01
5.788724123556597823e-01
-1.856840041526041762e+00
-6.792874749367445730e-01
-3.889576772256104764e-01
-9.678016736120550467e-01
1.972808096864919092e+00
8.949850333755419163e-01
1.000857694228914019e+00
5.216863355388127177e-01
-8.958539143427792784e-01
-2.075171995479331288e-01
3.504139638815531588e-01
3.880526331898936920e-02
-1.996306654853434448e-01
9.463385476631127613e-01
-4.068478874818043933e-01
2.318968433222238223e-01
-1.547009674697260861e-01
5.020143979671281009e-01
-1.714532318882001083e-01
-2.990774680825300513e-01
-8.707736780338158900e-01
9.343457923238067675e-01
2.690816480542766342e+00
8.227619512749200226e-01
5.070474052167994738e-01
1.129799781551710680e+00
-2.971515305807065910e-01
-1.150751208325702546e+00
-1.402549361724526156e+00
-2.038311905422204973e+00
1.553226015122336490e+00
-4.449134661261389123e-01
-4.648572999702476061e-01
1.090949281317619146e+00
-2.799630648319477721e-01
-7.495441711347068381e-01
-2.692217008235533449e-01
-1.074613131904592622e-01
1.834198566442049705e+00
-1.225681679038633787e+00
7.396879704673637868e-01
-9.942054440447356534e-01
1.967914613888549213e-01
9.042064022803842915e-01
-6.514655180809245660e-01
9.505268021039348092e-02
6.003962158085629497e-03
1.483009406858127210e+00
6.789056293435744571e-01
5.189901618021774965e-01
-8.160951705449506210e-01
-3.018807244684310609e-01
-5.108199337327404832e-01
1.567215837477045959e+00
-2.169120614837283245e-02
-2.795771839324148189e-01
5.624965994653126078e-01
-6.397239028024330754e-01
2.505321971729959074e-01
3.306999928947922385e-01
-2.130091756562465521e-01
-1.261562996401428993e+00
2.348516952755936860e-01
4.213174670607608974e-01
-1.052606595013617419e+00
-4.830868806986043928e-01
2.523462872983417427e-01
7.584669861389109480e-01
8.228919140682162681e-01
-6.894505370791110810e-01
-8.930253792192170970e-01
-8.828968623761990209e-02
-9.043573375873735776e-01
1.773438470923412558e+00
-2.511444116641872171e-01
1.234011861448295111e+00
2.847818021212588646e-01
-1.374140259832177025e+00
3.321363327389979525e-01
1.792442692146404282e-01
-8.550791515525872910e-01
-1.074901418069704295e+00
-2.921480789667484590e+00
1.159645793514934908e+00
-5.003652942148135718e-01
1.681336880559791691e-01
9.880250495189516480e-01
8.909099681073207044e-01
-3.859821328659047701e-01
-2.396487893877222164e-01
-1.724881312927233901e-01
8.843737809459542021e-01
-7.377807124699519159e-01
-8.591047934180799928e-01
1.217556945355182663e-01
-7.853802895493657843e-01
-6.339959975678467474e-01
-8.771753629732446100e-01
-1.186985558519819905e+00
-1.022251256886143711e+00
-3.209624396083137210e-01
-1.820099377317889733e-01
-8.946899615401104899e-02
-9.283654407450772084e-01
1.900625753074265400e+00
2.060518049283297071e+00
-7.497166993973554128e-01
-1.056451836974994229e-01
-2.887797089305399467e-01
-5.657336067101279564e-01
1.445913166253683380e-01
-1.676362242576138473e-01
2.512325408767290824e-01
-1.718519777798948600e-01
-1.109563131013203696e+00
6.087008201412640318e-01
-1.207098326926561827e+00
1.155965925615938694e+00
-3.408555151319909715e-01
-4.214728914674590876e-01
-2.481364155085149792e-01
-2.587626873169973862e+00
-1.924321868979635974e-01
4.856037237151237251e-01
-6.955408105033411559e-02
-1.688957575756119045e+00
-9.517046800981714405e-01
4.284387803049871657e-01
5.891269573501266565e-01
-1.697350633838055955e+00
8.411104515379566049e-01
5.909081103527024093e-01
-3.481196999933109937e-01
9.188885606377044102e-01
7.032137886582079389e-03
-4.491302436843510604e-01
-4.943963939420541465e-01
5.637910463984349141e-01
-2.028344732317223453e+00
5.440689446410301722e-01
-1.283041455382311291e+00
-3.142054972726870954e-01
-1.684102518480141031e+00
-4.215574128909171936e-01
-2.401491276864975433e-01
-1.130772967733587597e-01
1.443644871322201428e+00
-3.989193839858740098e-01
5.570616380854001015e-01
2.051454537910022968e-01
-5.488184545349680254e-01
3.916826326221165555e-01
-4.350737416586931694e-01
5.858568655906508660e-01
1.493903745624861390e+00
1.499857210000757668e+00
4.549831574388101263e-01
-1.131091555101601864e+00
8.247832376609525173e-01
3.119844992978371145e-02
-9.154002751631448165e-01
3.065290705869128107e-02
1.685391217243182194e+00
1.034574850533407364e+00
8.030376448890417240e-01
1.722196782557085193e+00
9.584908255572749392e-01
2.114484926104361673e+00
4.419464115808922899e-03
-9.534602042862175830e-01
-2.202229143297853575e-01
1.051872358463265655e+00
9.815542017005249864e-01
2.319816515777720634e-01
6.516785975295157352e-01
6.544753770906150958e-01
1.144099055739472348e+00
1.196102479821827824e+00
1.740468175810742646e-01
-1.439396957684682121e-01
-2.617036571534260059e+00
8.117226467716369687e-01
1.649399351273227454e-01
1.343326028182657783e+00
-2.676617142629384993e-01
-2.110033845679086528e-01
9.511710008616800494e-01
-8.480453095356155213e-01
1.161917010827187458e+00
1.245705422801268725e-02
-9.052705058872061450e-01
1.088522816771801738e+00
2.582008672091571921e-01
-1.555812524204003955e+00
-1.966097768133740209e-01
5.631558255934088209e-01
-7.947682511731581911e-01
5.371554608794789631e-01
4.708823196717104587e-02
1.502513588195329985e-01
-2.846470189549710761e-01
2.352946922742087388e-01
-3.281874654609931441e-01
1.222555007214112921e+00
6.365172759890114218e-02
