6.083124789713700853e-01
2.426186855260590303e-01
5.569771731148429605e-01
5.984240157532512150e-01
9.999430976472707400e-01
4.036008362180545372e-01
-5.305664626515893545e-02
-2.761606120174775469e-02
7.703999283435474243e-01
-4.613835215162240821e-01
1.552201756617166417e-02
6.782499461000979224e-01
-5.233980451022404168e-01
-4.928553088267706439e-01
1.662742154375584924e-01
-5.123933840350274327e-01
9.726866566128897773e-01
4.434154274670243367e-01
4.354165279189794457e-01
-1.400981898069966203e-01
-3.170792425792350322e-01
-7.918978887886736207e-01
-6.925549196600020441e-01
2.339655286156245850e-01
2.278545957200812655e-01
4.978641022988079534e-01
3.169929058568035085e-01
-6.731363338808649122e-01
6.914713907765706047e-01
5.771477912003728505e-01
-2.360988282079783396e-01
-8.748915552735965218e-01
-9.698033026274492929e-01
1.101071781889786383e-01
-4.798314265514720400e-01
2.133751656615510139e-01
8.583643408077878956e-01
-8.479822167041226599e-01
3.880570643325556013e-01
3.853318568503913966e-01
3.394688423462088878e-01
-8.965190177660051774e-01
-1.244069600775010720e-01
-3.987722115282683610e-01
-4.175696971793851908e-02
-3.185193414788800581e-01
8.140706469799696698e-01
1.975989855451241173e-01
-5.973346317287031582e-01
1.128245445174591577e-01
7.680927644020951739e-02
9.679452005847466456e-01
7.517794801345205613e-01
2.088739931498575508e-01
4.040665190237198168e-01
7.697907786835738175e-01
-7.398793209433467410e-01
-8.859213011243400882e-01
-9.189538455085282109e-01
-8.492250283526767696e-01
-2.406605623798920846e-01
-7.993668562307503223e-01
-1.866653103469393393e-01
-7.151544508652609711e-01
4.987218501507071355e-01
9.228339911779104288e-01
-1.515539013659386036e-01
3.082752278815832359e-01
-5.433884908847144146e-01
-4.358699382201483008e-01
2.207744879945348071e-01
-9.788691981329931124e-01
7.049115649528969740e-02
7.832289208537759340e-01
4.844881027955671993e-01
6.496686504398521134e-01
7.756329079957162698e-01
8.976950383058304173e-01
-2.114486480573996019e-02
3.267242406970265467e-01
-7.942477725897543195e-01
8.693317577690640174e-01
-5.204385802095656821e-01
-5.994932686407963285e-01
5.828659688281037088e-01
-5.981616912689950993e-01
9.853448081007292192e-01
-6.563233841965141480e-01
-2.047190328830099659e-01
4.121407466671229702e-01
2.147213729940742333e-01
7.056141177613370896e-01
5.398806265684952255e-01
3.041415710274502082e-01
-3.852472427348754280e-01
6.770080717472626297e-01
-1.330685807551603705e-01
3.473773399496549175e-01
4.200036046733361950e-01
-7.110238334424348050e-01
-9.873582287446851513e-01
4.520308020462788789e-01
-8.169434926364105287e-02
-1.525976167375879822e-01
7.641667830919873783e-01
-5.570066523744794384e-01
3.673308156047707662e-01
-4.293050486793648091e-02
5.822136361068290800e-01
3.603934020099235358e-01
-6.360356862425957658e-01
9.738843544123561013e-01
2.506360779193497201e-01
1.021000330137433743e-01
-7.008985269906333748e-01
1.366835943369562045e-01
8.989289243638676208e-01
2.789686411431142599e-01
-9.242690249287675019e-01
5.590964163451239699e-01
-4.521588466915640314e-01
8.770893953280465283e-01
-6.260866097888522219e-01
6.044086905268561960e-01
1.319089326239539783e-01
9.150704265373921231e-02
3.309286672649927041e-01
-9.538599436067332071e-01
-7.472216002753293562e-01
-2.723484682440286964e-01
9.504410986680165152e-01
2.866067068196145318e-01
-7.304681495325249241e-01
-8.790836404792248260e-01
7.383090619966452550e-01
-6.164544068145205724e-01
-6.329375725505075323e-01
-1.977106009754143745e-01
9.884993210104504602e-01
7.189111826687777373e-02
-7.769542192614984355e-01
5.084792822047499161e-01
-4.205152021709008814e-01
-7.982635888873370611e-01
2.853112652184675024e-01
8.160690651670681195e-01
4.956529073310271816e-01
-4.533784523315425030e-01
6.414890070473087125e-01
1.289028943265824179e-01
2.878275805887593464e-01
3.938663067925247674e-01
5.212461567093533699e-01
2.588118701222079654e-01
5.730473342987918439e-01
-2.504970294564130562e-01
-6.410912899273479848e-01
-9.775719458027340991e-01
2.100171540115363111e-01
5.394047618409305578e-01
-6.797600554186475907e-01
-9.222455799446116487e-01
-2.073899752298020704e-01
-9.797532695843356176e-01
7.809937007756739824e-02
9.182261960933895129e-01
8.682132579130152905e-02
4.765589976265995897e-01
7.477776085250780191e-01
5.485557554029214522e-01
3.429083245057773510e-01
-9.376470077295053773e-01
-2.501386347244101138e-01
-4.966974863269246754e-03
9.986402041528810170e-01
-7.180362483068167823e-01
-2.234728986094625114e-01
-4.313567831586058166e-01
-7.380995191820742818e-01
8.012609507010635124e-01
2.009404670192762588e-01
9.107224319751001662e-01
-1.791815786734303195e-01
9.889704214961583251e-01
-1.684252266530548159e-01
8.245709466909094676e-01
-7.366833137339503512e-01
-7.463504373600227115e-01
-3.168989504876325025e-01
-6.308553656805382381e-02
-6.334576256649000481e-01
-5.995902483831314633e-01
-6.413550792712978676e-01
2.663841873146786110e-01
8.155926258548540364e-01
-5.653438823843404126e-01
5.253677638456191179e-01
6.232071903604927687e-01
2.535443120869365075e-01
-1.086138588918639236e-02
-4.752554164199731535e-01
5.385187114579419454e-01
-9.789701901939544815e-01
6.088548710029391131e-01
9.320042047884053993e-01
-5.638944502323557373e-01
-9.548560965689916191e-01
3.053355290678547718e-01
7.011376467865857443e-01
-9.017759720480555963e-02
-6.432394848376750129e-01
-9.955613366403042175e-01
-2.644645666032141573e-01
-5.490206117781841755e-01
7.564295276956749525e-01
1.767299175060514926e-01
8.994616416847334150e-02
-5.822940527071345240e-01
-6.780508984070352518e-01
-8.750142340633300098e-01
2.403626549441761906e-01
-4.720742631972414394e-01
6.884476732298532298e-01
3.537431891049775956e-01
5.397471215612230644e-01
5.242928252637344411e-01
9.846802988488869701e-01
-9.064462657531289214e-01
5.540456782345044573e-01
-2.471598716550122976e-01
1.807200923198803988e-01
-6.809834186038070669e-01
2.847614023905273850e-01
2.233041617558784164e-01
-2.341434093953731477e-01
-6.703716877555114806e-01
8.538131569949871658e-01
5.011254573870846940e-01
1.564065259891898041e-01
8.207359286648179264e-01
-8.871454335117032741e-01
3.689798379406363793e-01
-1.308240052763234296e-01
5.882699766752390591e-01
3.540252874182374665e-01
8.499363528687342573e-02
5.262090217156654148e-01
4.549534500541414506e-01
1.658648233473003497e-01
2.999992029211915323e-01
-9.645107161559152154e-01
9.110813185816253323e-01
-7.942791416656800330e-01
-7.010549180764165111e-01
4.720929106004350118e-01
-2.485984023184810709e-01
6.140964368132415530e-01
4.648048241300468675e-01
-9.738968970156691718e-02
-2.232731716136893141e-01
-6.156338271935581918e-01
3.746759287850898179e-01
-6.352763634061440179e-01
9.321479496007329946e-01
-3.934368140044872675e-01
