4.611416457237016431e-02
-1.189151311181469994e-01
1.356029339970607595e+00
-5.064507317047899360e-01
-7.506669620125616671e-02
7.515795044065577413e-01
-4.238971691602868574e-01
-1.637444928358047003e+00
8.073120697696041237e-01
-9.070032711415215720e-01
3.976036487447330847e-01
-3.352532605068629934e-01
3.077645322071760337e-01
1.313834467689821039e+00
-1.297136487473342648e+00
9.879543371542738317e-01
8.061646125651578121e-01
-2.895676501814152815e-01
7.643547428040313729e-01
1.289563807103953685e+00
-8.297726546429087247e-01
-1.249581804286721720e+00
-1.538297061423658185e+00
-2.339131547184848614e+00
-1.823734816991116059e-01
4.959128945324391413e-01
-3.091488071148665306e-02
-4.317246679048302727e-01
2.002987453489702974e-01
6.893719404809610651e-01
-5.012826006582513649e-01
-9.316376854796228901e-01
-2.784815798606676829e-02
1.050816812390904298e+00
2.446001483574128388e-02
-3.537881246439877891e-01
-7.554336077169914176e-01
1.890318498999530306e-01
-3.053620145914748285e-01
-9.264364153376387634e-01
2.465008156796948402e-01
4.274821137059360288e-01
1.648503918181336014e-01
-7.626533402847353038e-01
-1.781563110058378696e-01
7.537747505742232734e-01
2.882578303637304273e-01
9.664567375462107535e-02
2.571244116592659168e-01
5.246930945203425178e-01
4.995011776575679630e-01
-7.572331479518119579e-01
-2.241495744868851059e-01
-4.289495072508294760e-01
-7.735597943440499780e-01
1.877974555084338970e+00
-9.166197089428329559e-01
5.911013801375639698e-01
-9.334766136216763321e-01
5.785939271507944959e-01
-6.160167957256467153e-01
-5.986990455488427898e-01
3.433208326987918779e-01
-4.602888068954864575e-01
-1.038880826034488614e+00
-2.772084370389771291e-02
-6.253874092645682614e-01
7.335885195596911768e-01
5.833947847050142688e-01
6.723178432087193457e-01
5.395912215985428917e-01
8.386076778338853455e-01
1.637891737364771672e+00
-5.415272592336278779e-01
-1.550028354415741383e+00
6.418681426088991282e-01
-5.819534743267942289e-01
1.066745741736753406e+00
-1.306855059984282974e+00
5.318327326014582468e-02
-3.620242843514810960e-01
-7.041487686554561698e-01
-7.825922371328771776e-01
-2.225418229202137388e-01
9.096736770295058561e-01
6.416672787301332948e-01
-9.436099278473830676e-01
-3.310776077063837253e+00
1.147161133984101244e+00
2.451348468189071816e-01
2.655404330088856901e-01
7.333584102622372480e-01
9.385730842029424981e-01
-1.948605034099788691e+00
-7.372059302962818972e-02
3.331646290891349671e-01
-2.648672635026949607e-01
7.580359148620668952e-01
1.158407903835353636e+00
1.326073933545755423e+00
-5.954837073569166361e-02
-7.656201571910863368e-01
1.001709998104067800e+00
2.753024608561578379e-01
6.704760763052287631e-01
-7.085650810563430824e-01
-1.141209194756139800e+00
3.200083397956690057e-01
-4.384312014540040492e-01
-1.270271426465908293e+00
3.148600427815306801e-02
8.403350071384712017e-01
-1.844154331025675830e-01
-3.324894791777177616e-01
7.600862539793256101e-01
-1.210852116498005726e+00
-1.051483073243839605e-01
-8.420642631600634420e-01
5.650169448478272738e-01
-1.534071460115885022e-01
9.685126454968463472e-01
1.234540389557749140e+00
1.196842888158373697e-01
7.772795620233776681e-01
-9.906312612488205049e-02
3.086941566571292928e-01
1.017707496453091887e+00
7.936468525855788769e-01
1.080987449347662999e+00
-2.162554506326785919e-02
-5.452739437978681991e-01
9.450955823506861364e-01
2.393077238080316971e-01
5.163679372552594238e-01
-2.797507272597760664e-01
-4.963102144579664698e-01
-8.455978755627902022e-01
-5.297868249234358728e-01
1.372159335782669576e+00
-8.629053340646635206e-01
6.743050720759204975e-01
1.389410035063565196e+00
4.480063280248002267e-01
1.204592462134296937e+00
-6.197417040302721780e-01
-1.817732909261748908e-02
-7.564764691153138543e-01
7.342436118610531359e-01
7.120415932985630914e-01
-5.319294887616428102e-01
-8.093054196296027847e-01
1.938568585841794256e+00
-1.222066001370273103e+00
-7.054067627846999367e-01
-5.828175093767011816e-01
4.145810713882420728e-01
-1.437194591823992562e-01
6.596674402046248664e-01
-2.618679169130089801e-01
3.631184742215232131e-01
7.971496122047909694e-01
-1.974269005682619316e+00
-5.211689022850363173e-01
1.015823772594519614e+00
-1.134753004789325947e+00
-7.289521587891480969e-01
5.120083636544630057e-01
9.878432107004511131e-01
1.971085691409715790e-01
2.201064394062455243e-01
-1.289544299116682780e+00
-6.077182286503231001e-01
-3.785027412491746013e-01
8.454484336072596307e-01
-9.393165810818808747e-01
-1.430768684443043393e+00
2.251391914031396491e-01
1.550109150901990640e+00
-6.316489734597227623e-02
3.481424120947243517e-02
-4.995366958755877440e-01
-8.867213957065434027e-01
1.153371872157983091e+00
-8.952849155973017226e-01
7.612837466527507813e-01
2.281434158726033390e-01
-1.029727485913898288e+00
-9.525477541721982799e-01
5.530138402230093675e-01
1.594763617465189132e+00
-9.277722163125187160e-01
5.496540419654776244e-01
4.655197986498084139e-01
-1.292275148912362948e+00
-5.660042556447846263e-01
-8.311447955982673164e-02
-7.790870660770510270e-01
-5.208747753876252773e-01
1.721295632104034301e-01
8.100290985564312374e-01
5.205619498339228990e-01
6.098095605417525045e-02
5.192194947115955639e-01
-1.555029324948405955e+00
1.407502103597863208e+00
1.159632790271409197e+00
1.018366333678208946e+00
-7.163894211848833571e-01
-2.455453826669662387e-01
-4.783018651977773428e-01
-6.683604847542161664e-01
1.016665887814403035e-01
2.649840431889640691e+00
1.116857450250662520e+00
7.464036265062268249e-02
1.096081079355673449e+00
-5.362154621597758908e-01
-1.733705464447844458e-01
4.295445136341413672e-02
-5.987565446225162624e-02
7.201202862427027451e-01
-4.678978705147701644e-01
-7.484083687665010753e-02
-3.612378489984246488e-01
-4.650536296568969497e-01
1.436672353631958110e-01
8.920963384489761783e-01
2.919432994938386816e-01
1.072374717043408143e+00
1.411416323947293439e+00
5.722985203285119171e-01
1.258726036392502357e-01
6.937568813631624920e-01
-1.721059381924239240e-01
3.054434312999408929e-01
-3.785767312146495200e-01
-7.517191012465033184e-01
1.499084763366736461e-01
-9.345411603687701074e-01
-8.118101117132401345e-01
-4.338770980290778123e-01
3.156871839788301104e-01
8.146035569076078842e-01
7.008152466905802624e-01
-1.173783486472634863e-02
2.221647403166247536e-01
-3.657692213581031915e-02
1.083912615216535258e+00
5.610862348211009820e-01
1.369777581447099379e+00
-3.645452807758259306e-01
8.478223498034846983e-01
-1.750001806605478771e+00
-4.859050270191123122e-01
-9.042260799062278309e-01
-4.003242060966426541e-01
2.998981170573374322e-01
-1.453656919833676620e+00
8.206266813382222525e-01
8.864869892104677573e-01
3.125058875631305799e-01
9.998752298823054829e-02
3.045547130508430289e-02
-6.387440170644511639e-01
6.186906600370516429e-01
