1.584639819962803120e-01
-2.552144149404822482e-01
-9.216746619495910231e-01
3.219141353308541120e-01
-5.477262355491794299e-01
3.236176646383792654e-01
5.098775155799095682e-01
3.034767119544166114e-01
-3.471247272255628680e-01
8.314040395393493821e-01
1.338559618361980785e-01
-9.255092790758543408e-01
-9.951537931468179554e-01
9.178385194946689918e-01
-7.777157404376899841e-02
-4.634579264490863437e-01
1.598888709278067921e-01
-8.845160737299886389e-01
1.585594102980314446e-02
7.333743772056997567e-01
8.130956987737492092e-02
-9.500367101846796114e-01
2.966766777147047396e-01
2.998563587906457606e-01
-1.025254079613002745e-02
1.615598118005914241e-01
-6.177978014909215609e-01
2.165691807424450221e-01
2.838200110151274380e-01
-2.679898294754456956e-01
-1.163525437413279739e-01
9.825629975182723630e-01
1.712371682410855911e-01
2.802749028696500666e-01
1.795459152481184706e-01
1.595109215021111027e-01
9.896357040113430426e-01
-9.432836620409867923e-01
8.112928568225505899e-01
-7.091853372060663574e-01
1.275659998376383886e-01
8.698106250284776131e-01
7.567503596164357749e-01
-6.569624386017300921e-01
-5.830775796723244309e-01
-6.954572654784536567e-01
-3.250896691389837390e-01
-7.265673450287504220e-01
-4.827216982378967902e-01
9.781501901695488499e-01
4.556306760881070339e-01
2.616524729514524417e-01
4.110487718516604438e-01
7.669426507039873719e-01
-4.514136085923787789e-01
-7.726640704177052399e-01
-5.037407144058168029e-01
-3.792569670376304547e-01
3.253837841003586195e-01
-8.871271487294938307e-01
-1.967838797709031695e-01
6.882186647022938697e-01
3.247373230058143712e-01
-6.474507842140200253e-01
3.729151656414932958e-01
-7.559774410823427715e-01
4.243378128419095230e-01
-7.827662145580243092e-01
8.977064943161729982e-01
-2.218012849086441474e-01
-3.624830824060421008e-02
-3.460876565442592145e-01
-5.232826161250809793e-01
8.787555211438671243e-01
-1.239985396828671149e-01
-9.520464273817956791e-01
7.818358824368947246e-01
-1.579021900489472330e-01
-4.728720289888619366e-01
-6.325868733292419055e-01
-1.301778725846300944e-01
-9.372325749712302478e-01
-1.663537696477215277e-01
3.162413436348299189e-01
4.900271088567780264e-01
-4.175424061679362531e-01
-9.785031385309166385e-01
-5.374922439504554728e-01
-5.927317090925288134e-02
-7.380721761279904758e-01
4.976930985077263614e-01
3.676855517464407974e-01
5.655290682790863332e-01
5.408733654300224014e-01
5.669441824021088649e-01
8.651133083503597110e-01
5.629477129920492651e-01
-3.197867909227134486e-01
4.690999285439174660e-01
-7.808227075042120102e-01
-5.125837370865269360e-01
9.701961619817478510e-01
-7.306372147253696880e-01
5.550897805075374336e-01
-5.013213750782508082e-01
1.831378762274704641e-01
-9.181520749846117102e-01
7.288304378210506140e-01
9.932931453366422581e-02
-2.936150204086587223e-01
-4.221337291609377207e-01
-8.880063783379965603e-01
7.643375929824749448e-01
8.111973604157540763e-01
-3.521426765386870272e-01
6.957393387387966754e-02
6.993155238898085546e-01
-6.114363399061899518e-01
-8.325360121811355985e-01
-7.354191961230949204e-02
4.182946065705999139e-01
1.014728781777800570e-01
-6.209424167449757448e-01
-9.451010925548808395e-02
2.824984342598846343e-01
-9.416793323937342475e-01
-4.093193546245650349e-01
-7.480371802577743257e-01
-9.060597549489453062e-01
-8.315612528596045827e-01
-8.572222887800617919e-01
-1.703032434996991640e-01
2.353009198254452095e-01
3.764141184811742313e-01
7.177126837496816680e-01
-3.073752588701139654e-01
-2.672790108129377007e-01
-3.277247158592961895e-01
8.786304944990730448e-02
-2.477642007109119859e-01
1.831369962131463858e-01
3.415488426446704473e-01
-3.950106848995704745e-02
5.791842922865628740e-01
4.683521798787848578e-01
-8.086006987935279167e-01
-5.057531439168885257e-01
7.087548700083132758e-01
1.173487675744782077e-01
2.860108801820322455e-01
9.174771877599177117e-01
4.784153757409403962e-01
-3.868065095717272417e-01
9.221074085929474862e-01
8.920900444031063525e-01
3.759659833507700277e-01
-4.714735574287143294e-03
4.484685503470857704e-01
3.457157183328525285e-01
-7.887512708452351085e-01
-8.902801234465942404e-01
-3.489763119623097154e-01
9.642850977877335250e-01
1.284704174579462954e-01
-7.618485561256067573e-01
6.874028475390276949e-01
1.825079276092811398e-01
-4.083793620243481026e-01
-7.830926650105503040e-01
-9.161888035348433323e-01
-5.680395652379273130e-01
1.048509180490411197e-01
-1.387022740967651657e-01
-1.277528423118849954e-01
8.178518139304862267e-01
1.913217091867680519e-01
-9.087696736623587235e-01
4.909093765716583402e-01
-2.646654078811661037e-01
-6.188761402174631776e-01
8.348184634358333245e-01
-3.487298880838860526e-01
7.797531712652425728e-01
9.316700758566565099e-01
-1.499898318726429203e-01
4.752442500283915461e-01
-9.847955195415440954e-01
4.871112172003786434e-01
8.301797993395956254e-01
-9.795301161286809055e-01
-9.014273593133315110e-01
9.208944384205977052e-01
5.882666714635822469e-01
2.225205979882207696e-01
-1.924382242690891864e-02
4.773641616689179301e-01
-2.148281921066783617e-01
-3.116319072385689282e-01
-3.643730864032379557e-01
-2.908401905028301648e-02
-9.017268833563487629e-01
7.442643401994073482e-01
-1.782075361835466776e-01
-6.412944112598049085e-01
-9.718542032219648075e-01
7.932292699786323009e-01
1.361377454667129783e-01
-8.049002093913271150e-01
4.779336137754022218e-01
-6.563646399993849911e-01
2.274044795832437238e-01
-6.512593098658010504e-01
3.847139936666870152e-01
3.085907265849936465e-01
-2.617155760165168488e-02
4.891484573350377563e-01
2.152943157755009551e-01
1.748255603731578844e-01
-9.626633444549219654e-01
9.938220984466168417e-01
-5.588196105794094315e-01
8.265876658002917488e-01
9.093798460027571195e-01
4.936550561564931883e-01
1.106317124914510952e-01
-4.545681275778428176e-01
3.972001949575389990e-01
-3.163997093630039892e-01
6.231132998569406389e-01
1.040723621026042878e-01
-6.079431716961929411e-01
-4.296234860020049506e-01
-2.461834562118296876e-01
3.717175382141253426e-01
3.357994195474172106e-01
1.703286871935616453e-01
5.236776772802527180e-01
9.212941365882749700e-01
8.841666973369390892e-01
-4.533069357136954025e-02
-3.978948582712966697e-01
9.177159844830473645e-01
-9.943320459726161520e-01
-3.072468227913780492e-01
4.541376064895907838e-01
-3.162992844125802616e-01
-6.562002732389768944e-01
5.119024283784037177e-01
-6.892715282299268775e-01
-4.357179929863510548e-01
-4.036585273417259145e-02
-3.557241239331447868e-01
-4.813620460926113509e-01
-9.039612707383783974e-01
-6.881465089888949560e-01
-7.388465451884245194e-01
4.104994514950486284e-01
4.749424887435902409e-01
1.930103850990456671e-01
4.363207691666382004e-02
-1.667535617499409373e-01
9.665302233678250143e-01
-7.663986017463786382e-01
2.968188527029596013e-01
3.962586961046037359e-01
