3.147392005924554148e-02
-7.496229144318899973e-01
9.674982216929950418e-02
-6.142214898760651742e-01
7.834867778893650492e-01
-8.586263681035342099e-01
-5.884797500739393783e-01
-9.131673648680209698e-01
-3.324336167875565629e-01
4.262108557851251867e-02
1.778200023736711266e-01
-6.938458390671435883e-01
-6.025764913771813891e-01
-8.060432235480428087e-01
-7.496191845052739833e-01
-6.253742964151751682e-01
-1.698093626741821183e-01
-6.538802769787821489e-01
4.071174786728115613e-01
3.989433718222090697e-02
1.245517842673491415e-01
5.492149247944817514e-01
-2.585020209683801529e-01
-9.513192113116988313e-01
-3.989523041824520888e-01
1.657127656528225579e-01
8.528434443795414044e-01
7.694762368367420446e-01
-4.479562933416936232e-01
-4.897081855211586898e-01
-2.261809024925260925e-01
5.528188163264116106e-01
1.953375696149395324e-01
-2.343090395606233223e-01
-2.915940558911780389e-01
5.334231592635341190e-01
1.038046831221874911e-01
9.421629433758633709e-01
-5.666563668091146866e-01
-3.074913050926229019e-01
-1.019694219258038270e-01
-2.634787241741680663e-01
-1.311663658895780848e-01
-3.195413462831671048e-01
-2.299017401578375974e-01
5.913444129440659225e-01
3.019279198400159903e-01
-2.270126389858726501e-01
1.388919911889852088e-02
-3.102075801098476138e-01
-1.325502549471468949e-01
9.665317903667856037e-01
7.555424169455398076e-01
-5.493400671165051818e-01
8.433579065603116209e-01
-8.343754607531657097e-01
-3.387779667094983349e-01
-9.279517101898067111e-01
-8.536161419123202698e-01
2.977551313826241053e-01
-7.618468453550728547e-01
-7.435870312745429533e-01
7.215543752620616758e-01
5.712021804923805846e-02
6.888774383787119593e-01
4.820278735780647583e-01
7.600945638090668144e-01
1.907390764860052990e-01
-1.443071831830033958e-02
3.094533974191069348e-01
6.069382006512360483e-01
5.655419891972746083e-01
8.007833862023101545e-01
-7.705196363467592402e-01
-6.830774274269395541e-01
4.697084183843678318e-01
-4.842053951592162342e-01
4.658429720451808809e-01
5.131490466261887651e-01
-3.998382601040026962e-01
-1.189794629219464994e-01
-7.964766043690227892e-01
-3.805533970077104033e-01
1.998067329944517301e-01
-5.514105078968201124e-01
7.232234709663616368e-01
7.043489027972291705e-01
7.262453766440504221e-01
7.840928567565632612e-01
2.322276734403190268e-01
8.045482719917844694e-01
6.143188607423222258e-02
-2.379471958968322198e-01
-1.664038839877555187e-01
-3.491392279191756209e-01
-5.075093595049136042e-01
1.276811503683068505e-01
-6.043829411298591303e-01
-4.808607171124692492e-01
-8.391065640162320705e-02
-6.291648089007093603e-01
-2.205473230575782928e-01
-8.895289199359659449e-01
7.048445153856695011e-01
1.357729234793445539e-01
6.924140058886567584e-01
6.042062946027748627e-01
5.821514415370823148e-01
8.343764711608263607e-01
-7.573936217780701252e-01
7.269257475164265792e-01
4.793636080151975065e-01
-8.346459561846408803e-02
8.930593972481313259e-01
7.005783078708904821e-01
-3.499045724479792341e-01
-3.395567521773095176e-01
-5.502173005183448318e-01
-6.105218884122336487e-01
6.114278997380815373e-01
5.654788854671524145e-01
7.731782323081981545e-01
-3.912626771554534866e-01
-7.891885592853771225e-01
2.334681300710150786e-02
4.528631103045319684e-01
-2.741565869015636370e-01
-3.937769577300951340e-01
-2.349348259354158142e-01
-2.492199118022482285e-01
9.715193939177302340e-01
-3.426758305855894804e-01
-9.751921276421644524e-01
-5.245698451280520480e-01
-9.888043593087254557e-01
-9.649705454179060560e-01
3.542402656054743915e-02
-7.827018730020789405e-01
-3.199217509408793791e-01
-7.559917241965310453e-01
3.773387480643857206e-01
-2.967407483968702575e-01
3.320775880244684064e-01
8.696012363484506569e-01
3.744803832991026038e-01
7.208562801827056443e-01
-3.551394654824895358e-01
3.996569590191914045e-01
-3.606121309726144641e-01
-8.472158523151895881e-01
4.214506125080954568e-01
-3.501637213605057752e-01
-1.806213002833605419e-01
-3.055297479371332781e-01
3.979130082771222821e-01
-7.184990693908184234e-01
8.548324652716035033e-01
-2.761880238502452123e-01
-3.750042879172730270e-01
7.976949531395203241e-01
-2.100061615075723420e-01
-5.455009810202100518e-01
5.096378613301801863e-01
5.471690948543332933e-01
4.004905841513823894e-01
4.392525704450820356e-01
4.003507935491961156e-01
1.437984515583421441e-01
8.065690555580484755e-01
2.540875484027480535e-01
3.553774173171486694e-03
-2.530675256474177459e-01
8.133236214585803925e-01
8.330541882621773642e-01
-2.569884471194270326e-01
9.151415455169988888e-01
4.522417325066245830e-01
-2.019388788376945687e-01
6.797460806861601590e-01
-2.413024317965350996e-01
-4.629205020716773422e-01
1.178273280268482548e-01
9.042128429349116647e-01
-9.267018329483702743e-01
-3.460386756070878977e-01
-2.170724704524591431e-01
6.835505314339638261e-01
-9.982552091553367202e-01
-4.088329986021164153e-01
8.489058024528768343e-01
-1.555912679945452570e-01
6.426691272195002025e-01
-4.154319808330517727e-01
-4.184937431318471734e-01
4.071625872461384077e-01
5.793330285836661986e-01
-1.966244917134787329e-01
5.366279538115976688e-01
-1.917492875427715404e-01
4.456222972543733007e-01
1.270838879854347958e-01
-4.368255150112374530e-01
-6.398853955533407856e-01
-2.851901974378394655e-01
-7.671044927785055645e-01
1.302494568915348871e-01
-6.015875736812497099e-01
-2.771026925346615766e-01
-5.968136192730499889e-01
7.608503608251471206e-01
-2.415526663148153119e-01
3.406899319794338687e-01
2.184525597768405270e-02
8.040774280938940421e-01
9.130267498444430974e-01
3.907640815099178155e-01
-3.859869915937281792e-01
-3.918845141088014294e-01
-1.798844103996561916e-01
6.054100416430117093e-01
-2.118687804865497792e-01
3.848420156652037072e-01
9.700289832988484573e-01
2.119904944011108405e-02
5.293249871199212642e-01
-7.145875291379597538e-01
8.303675509790298115e-02
2.326342394302054473e-01
9.562954986457832263e-01
-3.135081657795988352e-01
-5.991753916366424626e-01
8.041953425357868390e-01
3.791806781675033378e-01
-3.499198144309112468e-01
-3.322117865671088133e-01
9.236021125639519713e-01
7.833485146415832823e-01
9.457777941971734492e-01
3.932995315877718667e-01
6.377527772532400885e-01
5.802052651711262499e-01
-2.264891012828751382e-01
1.752818721820799119e-01
9.362656823794535121e-01
5.962117533584796458e-01
-7.402090044682043679e-01
2.975119154096625973e-01
5.123620646584539085e-01
1.248616052757471895e-01
5.170091523077897655e-01
-8.503076502341573306e-01
-9.018740740951274315e-01
9.287049258030843912e-01
7.590826054167096881e-01
-6.657499464733767081e-01
-4.018079087168724417e-01
9.779852618663744668e-01
-7.649397537963202875e-01
8.308463129380347922e-01
-7.959350043628661275e-01
4.255048713146194483e-01
-4.301938418601392033e-01
4.452107358662262815e-01
8.508246852243950276e-01
-8.563345723964206346e-01
