1.904227104659650394e-03
-1.212385305683054693e+00
9.393878746749249886e-02
9.126998996951611876e-01
8.573588146358646078e-02
1.030195503292261616e-01
6.600693314890582197e-01
4.250426632111325986e-02
8.244564291952876101e-01
-1.223040836506446905e+00
7.046922334093910223e-01
-9.700818109329545358e-01
6.137033336806989592e-01
1.413099147005861145e+00
-7.721741338711896052e-01
6.218661456988854308e-01
-1.091196693154595554e+00
1.268079460028953553e-01
-3.552368299045937761e+00
-1.199559938932740044e+00
-1.167385926245112060e+00
1.071559440809657371e-01
7.987865831152296536e-03
2.621962830509754205e-01
-2.009395343235702014e-01
5.690948919655347549e-01
-1.552635086192695191e-01
2.732292044815612719e+00
-5.054174125823889252e-01
-1.470320895841569664e+00
-8.971725813984665621e-01
6.988835023698369842e-01
-2.150113860465653115e+00
1.468391793011528002e+00
1.488627881725561597e+00
-1.685568672942614032e+00
3.223500736373968945e+00
1.569009400232807883e+00
1.386728859963135108e+00
1.337384070842420059e+00
-1.195099858499992784e+00
-2.299876703939960354e-01
-7.242642579187916763e-01
-6.480204960847143481e-01
-7.037342370202346320e-01
-7.057671167752992414e-01
-7.028959631249484530e-02
2.045645287223386566e-01
-1.853549042533353397e-02
1.772130203713072394e+00
3.868433564938877911e-01
-9.896825964330573377e-01
1.441387291492675082e+00
4.704297979003086105e+00
-4.008468002851742762e-01
8.672591217517092721e-01
5.602478989980894664e-01
-9.905105026780547384e-01
1.415961577702795626e-01
-2.947753799717462986e-01
-1.496528721815474361e+00
-2.300072962885399086e+00
2.170920568634168824e+00
2.848141492555814391e+00
6.152103156364034930e-01
7.449740474849547711e-01
-2.037469090989739051e+00
-1.267149500630318504e-01
-8.946474690805028551e-01
1.040921672464666159e+00
1.034803568777955540e-01
3.082793080818135856e-02
1.746694186176263486e+00
5.408696215047941180e-01
-1.132573841718735874e-01
3.527942581066143557e-01
-8.995212237274941014e-01
-9.115161410303920242e-01
-5.206550896097298375e-01
-6.547532884152420518e-01
-3.204552924896450161e+00
-6.522851464049521653e-01
-5.334159450480033815e-01
-5.039473033272163782e-01
5.422438866582788286e-01
1.174864362728973211e+00
-3.410174304790605238e-01
-8.484087073785104849e-01
2.851836828616318709e-01
1.355721059288820474e+00
3.935980037682896837e-01
-6.786923747923996331e-01
-7.083245281898642443e-01
-8.044334837828042151e-01
-4.747389670658528349e-01
2.279452855626762808e+00
-2.898513179025368203e-01
1.733307886348390392e+00
-1.520578538344911967e+00
1.091542887835768028e-01
-1.030615327408776150e+00
-2.891426013776898785e-01
4.776451060970761664e-01
8.438213304323279873e-01
8.487255025501931893e-01
-3.119221604064495779e+00
1.131517616490445022e-01
3.112680136106584228e-01
-1.212498624246814316e+00
5.618856047727601721e-01
-8.538461160976780207e-01
2.370508757404461431e+00
-4.287673746637692407e-01
7.415043330222239604e-01
2.979764018758420119e-01
8.665450490709994402e-02
-5.525208221082802407e-01
8.048007304289021002e-01
-9.713718936338903154e-01
8.143513650367817380e-01
-4.139640449534968125e-01
-1.852602909032257328e+00
3.050133895170019024e-02
-1.130674894253208107e+00
-1.647434651138855122e+00
1.239599524010000176e+00
-1.335438630328301457e+00
6.201561030746730596e-01
1.857206795425201395e-01
-1.249599511894188275e+00
-2.285114687196720951e-03
-6.158215688382465691e-01
6.649763214762620667e-01
1.480409007120535136e+00
8.957071033715187092e-01
1.033555068421410317e+00
2.096747079138530978e+00
2.126319100294049580e-01
-2.747097971840581465e+00
-6.478718995569736627e-01
-3.279790941051282438e+00
1.266577286173493633e+00
4.678536110468758391e-01
1.194707920134806312e+00
2.337610303849727345e+00
1.425890154012685818e+00
-1.292388614907853395e+00
3.974652469420791423e+00
6.830242693155103018e-01
1.531485924273280341e+00
-1.255424745916958518e+00
-1.436629013188720716e+00
6.470541570138346188e-01
1.300902951705367183e+00
-1.994262943915843245e-01
1.217486573334248590e+00
-7.784434926198846583e-02
4.373224205858908809e-01
-2.385072527193218939e+00
-8.475804769149654083e-01
3.296498539334713485e-02
-9.666961460577712106e-01
-5.103203428238920480e-01
-9.303389008523728076e-01
1.167114802831998421e+00
3.646775700330007641e+00
-5.676383163893683470e-01
1.749456007139292835e-01
4.404364655427396302e-01
-5.378228099106946436e-01
4.921183727128208840e-01
-1.458986882551355002e+00
-1.494056741921189646e+00
-2.819515411939742755e+00
-4.406217205530170489e+00
-6.773989856825478606e-01
-7.230816465603447929e-01
-1.985753907437526333e+00
-8.451323868470829170e-01
-2.329912551337423032e+00
2.522964820339885339e+00
-1.904639275680742108e-02
-5.536476787226827234e-01
1.183269860224216652e+00
1.891197414197826054e-01
2.297060659676419814e+00
-1.797916607772351849e+00
-5.137436303813442962e-01
-2.363771628634293576e-01
1.575847941581367539e-01
2.717636231830926619e-01
2.415112302284362578e+00
-1.408162070718413705e+00
1.833050618969847889e+00
-1.259742824560497354e+00
3.147940020484349954e+00
5.084576483513900680e-01
1.342372555941964585e+00
7.130115948217767841e-01
8.039686973733317643e-01
1.222955810944153843e+00
-3.662600693002423524e-01
-3.820614477544239662e-01
-9.778101403577306172e-01
2.008839584997071270e+00
-1.004282186186729264e+00
-2.756782555579828653e-01
-9.427098145323227207e-01
3.183879467860970536e-01
1.170791176682037360e+00
-1.041524296735763855e+00
4.097185958452080889e-01
-2.715087255826682533e+00
5.819970609465198841e+00
-2.949591033232134563e-01
-1.394458465307411466e+00
3.782413112508320907e+00
3.869702277958123049e-02
8.853037863153341291e-01
2.761130648870728788e-01
-2.474236962837805809e-01
2.730788940442656187e+00
-1.375386830908051028e+00
-2.068059431005942805e+00
-9.535789650414300267e-01
-8.621597900549424764e-01
-2.653507859653649881e+00
5.349048034438863564e-01
4.297263718816288769e-01
2.001410633752391810e+00
-8.860390053003670552e-01
-2.957338154653230133e-01
2.858167244666154350e-01
1.593499199400660427e+00
3.786702774152690409e-01
-1.212112264568503850e+00
-5.710501846011505345e-01
1.379526668616460672e+00
-2.817712655516477760e-01
1.686929167085537973e+00
-2.098222038126084321e+00
-7.599845003514726915e-01
-2.100849127593143351e+00
-2.205050704309195808e+00
7.412499831382639570e-01
-4.094889888175952120e-01
-2.035553838889034295e-02
-9.545167977742223808e-01
3.030991660999894366e-01
9.000593949290440765e-01
-4.378480949682905798e-01
2.063128599968429455e+00
-1.845385629348792467e-01
1.177993541238853359e+00
-9.462484051432066279e-01
-8.665171425141660055e-01
3.737316071704822051e-01
-7.971988955366577922e-01
1.822404692083941513e-01
-6.579281832077435999e-01
6.546918846591258667e-01
3.621919312528687485e+00
-8.916675401030177417e-01
-2.272114352766296252e-01
-5.541228746647912651e-01
