-9.665494338954676579e-01
3.454815553990688848e-01
-6.938882519619886668e-01
9.925468538020301157e-01
1.451169049431564329e-01
-6.540806230631386331e-01
-4.752686020767988850e-01
-6.920576696811804318e-01
-7.613838090823823457e-01
-5.809235569396071774e-01
-8.526366635311499742e-01
-3.924488940176869001e-01
7.138442749150248900e-01
-5.501998221232131669e-01
-9.915512873908074454e-01
-5.748296941068118393e-01
-8.511234170860912940e-01
1.277802538571404245e-01
-5.331570444761353222e-01
9.227363465925675357e-01
-7.417749037309684379e-01
-7.052783550693841885e-01
4.196853741644779312e-02
8.095159950779955427e-01
-5.818625995944106677e-01
-3.616540572873288006e-01
8.663519963691852510e-01
9.606447627149705681e-01
-1.625037159397701991e-01
2.031813648973634923e-01
-2.104246996534151481e-01
1.448509266827520126e-01
-3.017988161491429455e-01
7.449281629386190762e-01
5.063682150991835051e-01
7.571884161432365090e-01
-9.448486524840680190e-01
6.659963730193632081e-01
4.487644616724013602e-01
-9.633658044852058122e-01
4.265271452405678954e-01
4.867704393826064457e-01
7.903532010279505915e-01
4.541656833487415224e-01
2.605070730967373738e-01
9.861497092418645138e-01
7.312398668631454601e-01
-9.745880327117586450e-01
3.837617433247111354e-01
-5.239188495447759664e-01
-8.953696838408560232e-01
8.983961611034865236e-01
-2.098125525840957017e-01
7.010868816782158675e-01
-1.757418074375338701e-01
-2.562807850353210348e-02
8.288384012299709891e-01
3.175636886612298593e-01
-3.445352753293737802e-01
1.620757003148254327e-01
6.423405689272279062e-01
1.774790935109982204e-01
2.546665631616735759e-01
2.673328564945698371e-01
-3.458144684943591507e-01
6.885974381244164277e-02
-9.500555654607147904e-01
-2.384352278340118314e-01
1.849471561240780826e-01
2.297221244974065879e-01
-2.619781405725585266e-02
3.220031944505552524e-01
-2.201753423480081739e-01
-6.723063244722655707e-01
4.678145074296768957e-01
3.856656953537351828e-01
9.263826724382622224e-01
-3.088938142746786575e-01
9.929071575516525971e-01
-7.038424799855624858e-01
-1.733757192779352696e-01
-9.465515849802297321e-01
3.036747527233758515e-01
4.737568951543755791e-01
2.623095475476988625e-01
-1.028709237148521805e-01
4.410549402925436624e-01
-5.395573163179510079e-01
7.684741276995403769e-01
8.938250407525740737e-01
2.007193907459294824e-01
4.439857307718131363e-01
5.309712915094535468e-01
-9.714380811994605125e-03
8.531726465057598574e-02
1.411974048721063024e-01
-9.997730410913725496e-01
-2.519376063657159381e-01
-8.951415587158664255e-01
7.448111651497346664e-01
-9.275507582708757415e-01
9.542781305067562503e-01
7.979938245264757146e-01
-8.872481677173089665e-01
2.047286441583167083e-01
-3.729355678828871756e-01
-5.860368200530086114e-01
3.241107885321639070e-01
-8.150104063786594022e-01
-5.134588400585311518e-01
-2.412080652892689692e-01
-7.109514316186713589e-01
1.581552495938363112e-01
8.408322947662305591e-01
7.215577479153885143e-01
2.900348391750118271e-01
-2.252487517414829554e-01
5.035336192137318534e-01
-2.671660067011687456e-01
4.105618078897250722e-01
-1.478971451314332608e-01
-7.602243833259787475e-01
-7.855205773367572863e-01
-6.430505314190584354e-01
9.009951701750620323e-01
7.547498740535982797e-01
-3.312919958352034122e-02
1.062336057549817525e-01
-2.347211728314140267e-01
4.632606381482551328e-01
-1.547602513105585942e-01
-9.418473580367383580e-01
8.033058955527145883e-01
5.807755801121583517e-01
1.607811888662862287e-01
-8.184750753739520324e-01
-9.827584907481634602e-01
6.518879913444373120e-01
-4.922770641253906287e-01
-5.531837366168037562e-01
-4.103372885857976549e-01
-5.288657194894241798e-03
4.249099174166437454e-01
8.108737387007856068e-01
-8.633331649742903569e-01
7.382139519765007485e-01
4.810161500305700777e-01
-9.589510628892923272e-01
-4.938714910781438761e-01
-3.174886997388397525e-01
-2.227306589103394963e-01
-8.311207742170214630e-01
6.876841074447592739e-01
5.305336994825873287e-01
-4.978550540658552848e-01
-6.470608793407350845e-02
-4.440023945791882198e-02
1.346690795346368041e-01
6.396319224073758747e-01
-2.013657624235887234e-02
1.589229126022082550e-01
-7.302805630381259405e-01
-5.590231951406883226e-01
4.983387695243326476e-01
8.282917621049596946e-01
-5.816667857339927750e-01
-4.315634891340964785e-01
3.182545096069360202e-01
8.179305854046334812e-01
-5.119315506520951686e-01
1.497771884841789802e-01
-5.406538935195657203e-01
-1.299365336208104793e-01
6.216147301899090927e-01
4.598757294267605822e-01
-8.281150390239133685e-02
6.534660578673636699e-01
2.950204806968976801e-01
-7.265742671325763347e-01
7.356007451187394075e-01
5.226263274969991102e-01
-7.425437842837918634e-01
7.236261255355191935e-01
-1.267338420509622754e-01
2.407203613303656731e-01
-4.725552370733419050e-01
-1.880505901424520676e-01
1.051629237851670062e-01
-2.050727237337124365e-03
5.104621540919840328e-03
8.289909631734491136e-01
1.817203251841006395e-01
-5.675879536205377107e-01
-9.471725443120813104e-01
4.865807647253150847e-02
-3.514865595761693662e-01
4.728747712870076114e-01
2.995694783345843604e-01
-3.484859478514192865e-01
3.860824619934641877e-01
5.068754086280582438e-01
-7.225527715475730250e-01
7.095595459136130323e-01
-8.541955282488031820e-01
5.185184324315841309e-01
5.008480255338090270e-01
9.222676978777812895e-01
9.656324468331911604e-02
-5.261854599656157205e-01
-6.025860381112158048e-01
-8.485555709326004781e-01
-7.445362266625199510e-02
-8.175358543811124257e-01
8.746250577940564153e-01
4.014972775197176436e-01
6.629953875552985210e-03
-8.128846655744370597e-01
-1.157674351447046668e-01
1.925651660795246745e-01
3.341490329496221712e-01
-4.734407595170320171e-01
7.849460022545680093e-01
4.844516281830673066e-01
-9.333307302450768450e-01
6.085958691249508945e-01
-3.869175131249829036e-01
-3.657300523909152723e-01
-6.436627968431138935e-01
2.473919830812087994e-01
-6.934074969803269983e-01
-2.260428280573600901e-03
1.069206519464671601e-01
-7.854776663714135854e-01
6.546122964567784308e-01
8.758100753539566075e-01
-3.987117353163762701e-01
9.235009942727303578e-01
3.533680010861022236e-01
8.480801063985778931e-01
4.461412257255903402e-01
-8.786829671524989394e-01
3.261395395536677011e-01
-8.640346806490097897e-01
-8.478195424095080757e-01
-7.410200421014523364e-02
-4.205489387176375438e-01
3.706344225107194301e-01
1.030753181953802944e-02
-8.255020098107523907e-01
7.553090339996635372e-01
-9.320779032996451274e-01
-7.074061883385671656e-01
1.046347361420241207e-02
1.291535146712969873e-01
-9.224987605014534076e-02
8.058981954158395133e-02
-9.689200221797644730e-01
4.297386121955180105e-01
4.105164366879132665e-02
-4.775664918829067851e-01
-5.586183112857541211e-01
-2.759610710923596777e-01
7.447225214717201336e-01
7.776681790161426022e-01
-8.338529196394188769e-01
