1.677150540993437300e-01
2.186714381136172225e-01
3.514085041149910271e-01
-3.468027412908087914e-01
-3.241617579694771045e-01
8.539475366987216987e-01
9.848967071728020883e-01
7.061089390859613957e-01
-1.757538269330831682e-01
2.305036883306037510e-01
-7.152863087476013515e-01
8.519801368308055345e-01
-3.468403402178150685e-01
-6.519391356820047889e-02
-7.414508648213726794e-01
-3.617539072289110980e-01
8.110182552975642167e-01
-3.810216846265939150e-01
9.869503237121819428e-01
2.890048800844824406e-02
2.611971451750798590e-01
9.973512905112291715e-01
3.687935189529143454e-01
-4.990112032259503838e-01
-4.892129870291261895e-01
5.134157224516757712e-01
-1.783105309102612779e-01
2.514757674187402259e-01
2.600882277427569722e-01
4.372210436387660160e-01
-5.259480779195385702e-01
8.930716104834472979e-01
4.708979513774007586e-01
-5.380566320808313208e-01
-5.792708105918404904e-01
-3.485094060292370788e-01
-9.016433742391323225e-01
8.492866249718971083e-01
2.641189096995322227e-01
-8.219581628526479999e-01
5.268654535998809063e-01
3.655095997314592449e-01
-6.820484378352478227e-01
-6.329843086140969355e-01
-1.815054468312198299e-01
-2.556852666156017584e-02
6.671018410657114650e-01
-3.609084353208029672e-01
3.951550674957489129e-01
-8.582332297312620373e-01
1.062874986839142277e+00
-8.639957721054867257e-01
8.249935115315865097e-02
5.229146142581022616e-01
1.906923906431658988e-01
1.977312766687255863e-01
7.409440344980517956e-01
-8.691742161615612083e-02
7.496673037580618981e-01
-4.586001294350849911e-01
-4.625977910889036426e-01
-1.536240317542520994e-01
7.536207464754319796e-01
-8.157559521904886868e-01
-9.353619778888295766e-01
-3.166778928044498009e-01
-6.519023917047048755e-01
-6.927955074730223206e-01
-8.798566925243542780e-01
-6.877525513814868319e-01
-1.355097132560172390e-01
2.157648658387594232e-01
-2.998179079168883376e-02
6.080645137030176173e-01
-7.336364373978538911e-01
-8.588193028940018792e-01
7.490542983375543251e-01
-8.695962376453814091e-01
1.300648665788155522e-01
-1.429614484127796237e+00
-5.596318869819201236e-01
-4.346105782458498101e-01
2.628836574250217328e-01
-8.849308621789957474e-01
-1.533066309606359034e-01
-4.812159378343292548e-01
-7.179663204128525766e-01
3.701584253734389041e-01
5.537054142655211120e-01
8.166361193208744318e-01
1.110466376807579536e-01
3.503075535104580585e-01
3.590356106509975387e-01
8.218376925584213177e-01
8.957845064735143747e-01
9.355665099012044905e-02
9.534018803535869724e-01
6.898186185585819530e-01
3.240811113691792755e-01
-2.430951080274672549e-01
-3.622463920728868914e-02
-7.165783126490805621e-01
-2.711575663538516867e-01
-7.783987702371903961e-01
1.273440208634526449e-01
-8.226531074194176618e-01
6.142044138789271024e-02
8.539291076800719082e-01
-8.428746844094026081e-02
-2.269687788072796142e-01
6.583028427225947610e-01
1.520501906452586427e+00
6.843312001438397463e-01
-4.123080697814558437e-01
-5.074749032701770801e-01
-2.714001797162834961e-02
-9.135596738752993495e-02
-3.730257695753707026e-01
7.838652825814682590e-01
-3.236723355304185201e-01
-9.146268554008980534e-01
-5.607166802297729458e-01
-6.035547702358932121e-01
2.537488023950207339e-01
1.475140854120978173e-01
2.682122596476166909e-01
5.890731639359931826e-01
-1.200927247400684905e-01
-4.511017065467533005e-01
-5.182498083380275844e-01
5.355267566780905764e-01
4.906784596861055725e-01
-1.407568791192808089e-01
-9.284158261283674829e-01
-5.170962606847293586e-01
-7.652808210757011675e-01
-7.370596689307045146e-01
-8.894242460360377578e-01
7.365944933631816127e-01
-2.766679176642292681e-01
2.959789905937055821e-01
5.231917329360209479e-01
-5.119416188493997044e-01
6.780154064525236723e-01
-4.172887267948499068e-01
5.764126790920276466e-01
-1.941391778323824369e-01
2.459532586355877015e-01
4.180365333925339932e-02
-4.975528596368505863e-01
-5.960312833464678217e-01
7.019226415773691663e-01
1.526486262836370233e+00
1.193006377806977714e-01
1.825177012198440085e-01
2.873097279953995553e-05
-7.316175925933678936e-01
-2.632688921457337905e-01
8.383438618681215981e-01
-7.952301512564912134e-01
-1.090407528410075599e+00
9.857167506659225698e-01
-9.061302708088481150e-01
-7.341032869612040823e-01
-3.818938028124412298e-01
3.637414648361569913e-01
4.898776402103379723e-01
1.824550231058132965e-01
-1.387437682224672564e-01
-1.205733429931321599e-02
3.565055006033344132e-01
-4.384176396846097834e-01
6.279295584376620720e-01
-3.203239295536444153e-01
-5.463574375949313833e-01
-3.408764022160606366e-01
-4.459518418691492680e-01
4.067351601570570185e-01
2.776197565761744368e-01
5.550601815805444872e-01
-6.035207116633392044e-01
-8.095746588488454965e-01
-4.282471309382822611e-01
-9.964417819617250593e-01
-4.468785685636367244e-01
9.867942345325111386e-01
1.233017282964610217e-01
-3.630586055150319957e-01
-1.781426100960825654e-01
-7.011443560553001220e-01
-9.602824485311645120e-01
-1.213940378152477795e+00
-7.349960345887713853e-01
6.492071208861553977e-01
-6.898321980934267739e-01
3.479336799302892302e-01
5.442295837990196450e-01
3.829087211565354032e-01
1.200751067384653314e-01
1.869229283764063387e-01
-1.769129668042603298e-01
-4.568738788166837317e-01
-1.006738562380404822e-01
-2.859128239779273883e-01
-3.167255535902462338e-01
7.928353184727920944e-02
-6.321907530176924528e-01
1.546802341721760232e-01
-2.423603562837861602e-01
-1.125368072122336915e-01
-4.609084475433753436e-01
-2.985326767360114708e-01
-2.236855166710778331e-01
6.600095209381557915e-01
-8.773162692843203825e-01
-2.557479784717586746e-02
-6.945636984781271561e-01
-4.772592384844962510e-01
3.124216342784142952e-01
2.393384774181361863e-01
-1.908326024727058368e-01
-5.659005513302275414e-01
2.966588228921860360e-01
1.152208143266461038e+00
-3.314836221859205345e-01
-2.326478880641680291e-01
9.310178008058798138e-01
3.197159481573437212e-01
-1.812659549346259946e-02
-4.697462450115863497e-01
2.505673524604639102e-01
9.904237429916433744e-01
1.050629362441845460e+00
-2.589514132845012195e-01
-4.796182297317752585e-01
1.646233455117553923e-01
6.880812216410769899e-01
-7.616445742170729893e-01
-9.941711581283145804e-01
5.215102105979718683e-01
-9.344862511416849316e-01
-3.704663405005550469e-01
-4.165106201278370168e-01
9.345984135585516661e-01
-7.250121440447938603e-01
1.592561191212639837e+00
9.561732637536064505e-01
-6.486863927902162263e-01
-8.049285325313846329e-01
-1.773492254117119415e-01
-4.164915754377824797e-01
3.807670384606502978e-01
-7.452790549865901948e-01
3.660655816516650285e-01
9.548291253739149553e-01
-2.948388283213929095e-01
7.583153123272874385e-01
-6.825663641419623673e-01
-8.794578130237107327e-02
1.278857544925839917e+00
1.750343392748334725e-01
-3.097472200630546624e-01
-7.664779614144692221e-01
-6.580915885680655997e-01
2.367748182294635573e-01
