-3.499172672362160785e-01
-6.450769274054459768e-01
-9.790311860278955169e-01
-4.269374510446706239e-01
-3.617170648397030064e-01
-9.840912468938325386e-01
-8.132520120958270926e-01
-1.233571906053989586e-01
7.112403129811049052e-01
1.201934683178296215e-01
9.016757823954177908e-01
-6.316662146333080763e-01
8.314493631271311358e-01
3.353419579214260704e-01
4.817457371688318446e-01
3.262977862822291630e-01
7.189900113173113283e-01
-5.385635299618940497e-01
3.880945423553994189e-02
-9.311867136518210408e-01
-8.563538297668336075e-01
-8.276838745109982298e-02
2.161489847810349474e-02
7.786672020244869152e-01
2.426041549500577155e-01
2.205755831432711922e-01
9.459279260900155251e-02
-6.653672944249864329e-01
-4.625262687349744883e-01
5.148264605368175761e-01
9.541968286128492682e-01
8.301327205351529681e-01
4.137427539191778081e-01
-2.390313248651110278e-01
-2.652777465595623774e-02
7.672631426051066406e-01
9.879087172222669189e-01
-3.584325521757034672e-01
2.599297776817213190e-01
6.061958325891714239e-01
-6.391196565138712593e-01
-1.518569679780288340e-01
-1.918050803826463202e-01
-3.825469959857403790e-01
-3.395293211134158273e-01
3.230617247879323806e-01
1.103318836838009798e-01
-2.513271298384132102e-01
3.341782032262292645e-01
5.043471537451946762e-01
-7.855241417177629693e-01
-6.661647158517023382e-01
4.085501347025219943e-01
8.669938652303694759e-01
-8.717037446155186942e-01
6.423476161217944735e-01
-4.806692306670448112e-01
-3.790450107859197892e-01
-3.940075233286413070e-01
7.898810779343388155e-01
-7.880484161085627992e-01
-2.340606549935260183e-01
-5.109884691179855665e-02
8.486556650516605682e-01
8.166215940782783900e-01
8.922035202641069862e-01
-6.288661644164239561e-01
2.198605898152035110e-01
6.158923981313981777e-01
9.987733454987623993e-02
-9.600692292287849039e-01
-6.373149654369814066e-02
8.118125246845497855e-01
5.032427234344634126e-01
-7.928676951770470271e-01
4.751267740610054524e-01
9.735483784754108694e-01
9.852503552199192161e-01
6.189503985799544861e-01
-3.007063208379059382e-01
-1.688118604449835303e-01
1.165290521413402391e-01
-7.288361889039072228e-01
-2.501093041501689651e-01
-9.576105023760439483e-01
-3.215873336195183008e-01
5.042174328782240700e-01
-9.526837234100609120e-01
9.361198968297506084e-01
-5.370457740339684705e-01
1.501239718514095767e-01
-5.147129970940100829e-01
1.349594206777686711e-01
1.784456901225788261e-01
6.500970465646873642e-01
-6.322407379910042202e-01
1.396940884111561587e-01
-8.405479113453837581e-01
-1.584594376266876825e-01
2.531008140203194756e-02
6.240041100214279712e-01
6.036784844629754510e-01
-7.288444002847043190e-01
-4.580818902672527670e-01
-6.667208455277542356e-01
1.295528463978226075e-01
2.563666622226765668e-01
-8.725891324755672418e-01
-9.939091641281370126e-01
8.011106555668250362e-01
-8.165954755152837752e-01
3.363062047683962330e-01
-3.621772939866785279e-02
-1.023915622990994034e-01
4.487081846680718300e-02
2.877240852467199961e-01
2.805140551548122030e-01
6.843887088574513999e-01
-7.532511997728950082e-01
3.138815175966958027e-01
5.315468587068976625e-01
-5.038132098363179434e-01
7.196942457173716168e-01
-4.296236151417103244e-01
1.129407212226773982e-01
6.697099763213112400e-01
3.510762943246987788e-01
-2.593841690494067542e-01
8.649402512829837963e-01
7.671942265394520177e-01
-3.050040956093373890e-01
-5.216358448707536510e-02
-2.759190515071399119e-01
2.564524711096398679e-01
9.252453890308729445e-01
3.357241881600707689e-01
-3.289308608612213636e-01
4.148884445143317112e-01
7.921464210383053484e-01
3.289980327987644948e-01
1.053285962467072068e-01
-1.841921803795394386e-01
-4.234897911827730788e-01
-4.877506230046164681e-01
-9.156754577971202291e-01
-4.163570780763667933e-01
-9.602232955209877296e-02
3.191992200226663190e-01
5.328274345623620345e-01
-8.726405409588124940e-01
7.527727935658594660e-01
2.373027647454319933e-01
5.872546464811905231e-01
7.877047836268487035e-01
4.761981703911499775e-01
-6.399506190917727544e-01
-9.073763868541226962e-01
-1.502187042364739877e-01
3.025826216672629076e-01
-3.534864492100706634e-01
4.368729825260331268e-01
-2.830290257099323803e-01
9.193265732734059448e-01
1.392653820127116582e-01
-9.993581504770379098e-01
-8.851411465551697333e-01
4.008976219211235481e-01
6.695967349695808313e-01
7.079402509441539149e-01
8.413674593130278101e-01
-3.216792521271860661e-01
8.140076949884036406e-01
4.965984883649185999e-01
-7.782390338014417708e-01
-8.085729158551502316e-02
-1.891529848146551451e-01
-5.296742995808982890e-01
9.685544444687568255e-01
3.738952872695433527e-01
4.699185516655375316e-01
-4.319585023553560443e-01
2.549042736653357455e-01
-8.800360015987869211e-01
-8.284933021227354200e-01
-4.752213431553282685e-01
-6.211031018288977190e-01
3.712867990391650608e-01
9.652558114326217353e-01
-6.602578365519771175e-01
3.521515159419543739e-01
-4.728331696422287678e-01
4.586967278691900241e-01
-6.406824361731233708e-01
8.103710895120608271e-02
-4.364972542206155826e-01
-8.225606735708457240e-01
-9.186768506819713576e-01
-4.801802116784956720e-01
-4.107149186953094055e-01
8.355843003913721034e-01
1.524541937876537911e-01
-4.813966993876017675e-02
-3.052294666118038347e-01
6.120828305416050608e-01
-9.949980536893914262e-01
9.208089047405043637e-01
-1.898249035056072120e-01
3.697087010776689553e-01
6.406984057184996750e-01
-2.503258162700094935e-02
5.041889322360848524e-01
8.589488361508739178e-01
6.140291867405462956e-01
-3.604006619703736813e-01
3.952315410468385526e-01
-5.014571833636796150e-01
-4.543455403984442142e-01
4.370940010888002547e-01
4.245433572720471727e-01
7.918296129831956520e-01
-7.968623234252314447e-01
1.123246113239142474e-01
3.820238678871004101e-01
5.198627469621490693e-01
-6.972016348329024282e-02
-1.041002225106517631e-01
3.546558747326760130e-01
-4.146336190996116056e-01
5.238625398606837624e-01
6.080877636001009723e-01
6.414217736368916789e-01
2.108439645459838641e-01
-1.920579870477689965e-01
-6.500940476901355680e-01
-6.677005531708553043e-01
-1.368067973921196501e-01
-7.687870812928787601e-02
5.698061376719782967e-01
2.288635914467711530e-01
7.136230622928139145e-01
-9.670542434302760171e-01
-6.884349621940839548e-01
-6.345848370057782795e-01
-2.863212324684787369e-01
1.327936381755847606e-01
7.726606116655130307e-01
3.086585479899461859e-01
4.273641047924037206e-01
9.662951273301829680e-01
6.059830066329752185e-02
6.626991318433823608e-01
7.670666532565544316e-01
4.918760396575376781e-01
5.338907141499602549e-01
6.688924288087449987e-02
-4.733863889238523193e-01
3.344817124263075314e-01
7.028842731268549748e-01
5.318080863765550781e-02
5.500369308379566835e-01
-7.068788159625685186e-01
1.602321728866085149e-01
6.830582964404920965e-01
4.037348910434608307e-01
1.319965079291296473e-01
