-7.953920115603327901e-01
3.884118228029722619e-01
6.984251261500196151e-02
2.719679290258307791e-01
-7.636946082737938735e-01
-1.761810455928130015e-01
-8.231602012256127310e-01
7.356440875758940567e-01
-7.057684378985245033e-01
5.027510755234423367e-01
6.745744764989995979e-01
-2.674511917498036961e-01
-6.729789722370569383e-01
2.790905852918545982e-02
3.812375154772091879e-01
3.489630004396859775e-01
9.198272650904506520e-01
-8.855281491952713413e-01
3.242129594243303714e-01
7.859971577620914474e-01
8.771282574787575559e-01
7.903290147469643756e-01
4.297070577540607061e-01
-8.995566834947539281e-01
-8.527577848496654678e-01
2.105074885968916121e-01
2.756589889871532417e-01
8.550948005802920804e-01
5.361147393267007288e-02
1.622457263191947607e-01
-3.309699082574171225e-01
-1.798551169804161187e-01
-7.946513659112026673e-01
5.669000279943929854e-01
-5.635164402969499164e-01
-7.303138985872554834e-01
6.934825157445261290e-01
-8.956853957128787513e-01
-5.586566513321700178e-02
6.081435097520357935e-01
-9.653637669313019920e-02
2.832778604505961084e-01
3.784922326516571012e-01
9.429462639782564271e-01
-6.749547396724990822e-01
-4.402134289905372810e-01
5.208366506198001122e-01
1.672082873212055176e-01
-2.048036276534586086e-01
6.277666948548574766e-01
-7.204886260843776924e-01
1.990160510477974043e-01
-8.531556852200607999e-01
-2.159875055919613374e-01
-5.064609451694490616e-01
-8.460293107663985346e-02
1.729125752512765679e-01
6.132507801520872270e-01
-4.228102709823100547e-02
1.356250347574756709e-01
-7.076689910345186352e-01
2.546886979506297610e-01
4.357038420944741031e-01
-1.334086720213385480e-01
4.278094255672499902e-01
2.061583703553651059e-01
-3.859692502614633369e-01
-7.533853210920979926e-01
-6.323345787410397101e-01
8.273467370484519634e-01
-7.384617022911532658e-01
2.140126554983150520e-01
1.589514042030102381e-01
-7.036918772329574523e-01
-7.983607108332408941e-01
5.567872586664768253e-01
-4.198651996938926878e-01
-1.581470815039607292e-01
9.659885502524627743e-01
9.126865724960142590e-01
-1.180675165226150458e-01
-8.109026383554154283e-01
7.808417509128038336e-01
8.148189459938739443e-01
9.092689971550882433e-03
3.232374295971323086e-01
9.819690917310719414e-01
8.048231525003681774e-01
5.631200162101832607e-01
9.185687291953847922e-01
-7.916530778767969512e-01
-2.633780840403698864e-01
-3.905418013946726496e-01
8.191053015206739563e-01
-5.525584559193141843e-01
-9.342071264750952952e-01
-7.492592387744836380e-01
5.591467595003316582e-01
-1.811557247774813195e-01
-7.869545841117442375e-01
-8.869439957071476588e-01
-7.119387893649387067e-02
7.563863386088802709e-01
4.590071695035358168e-01
-2.630574356339574482e-01
6.534106897147733406e-01
3.216431254936948925e-01
-5.275196300364233259e-01
-4.535382280644078001e-01
-4.509229541895629634e-01
-3.566644480212539658e-01
7.401193543535433683e-01
4.551905267019258350e-01
7.674211966995785339e-01
1.578647597236337852e-01
1.990084023609963726e-01
-1.037496737158036808e-01
-8.959829338640741270e-01
-4.590226637627248252e-02
-5.782244547394934653e-01
-3.018956898144702361e-01
2.874666450185929811e-01
7.800068593555735674e-01
7.503335401385859971e-01
7.920433133738384868e-01
1.016391284726643196e-01
3.410166095784550322e-01
-4.148722629315397814e-01
1.807835849128618388e-01
7.064399672539709574e-01
2.655537784687485026e-01
-5.499370323739238842e-01
8.768011636088852701e-01
4.820236623837903522e-02
8.940190292229357460e-01
-4.700587725062814748e-01
8.193371345933786465e-02
6.803335091300204418e-01
4.661992063537672148e-01
-2.514139127046337574e-01
-3.432979674249849733e-01
2.842283544452539612e-01
5.713530033034233124e-01
6.003341582268832965e-01
-7.959139007701510060e-01
1.172624851238290855e-01
-9.521323179670955206e-01
-9.112075882994141729e-01
1.521192067465833020e-01
7.693736896951008930e-02
4.217513098514817926e-01
7.874137288834974768e-01
-6.813457140682799285e-02
-6.115458083716585058e-02
-5.871920542425836942e-01
-4.652661086392300138e-01
9.767522950524012426e-01
5.089133334268365338e-01
8.612476204612733444e-01
9.072370136657734729e-01
-5.486160575823213481e-01
3.332018041650866014e-01
-3.814203718958655287e-01
-1.466400688892188775e-01
8.328813589528762940e-01
6.258147599596337596e-01
2.635324395422795618e-01
-6.154225776877546572e-01
1.291197538946182721e-01
6.423850226582774603e-01
1.385454369327068225e-01
1.696009027643854417e-01
4.734523827637755478e-01
-6.874449602253474012e-02
5.657398007089886605e-01
-4.087265525224403895e-01
-5.355109317224577836e-01
-2.164136463911321417e-01
-8.209003410108606236e-01
-9.367800129514816110e-01
6.122902628510600298e-01
1.747786128716244392e-02
-1.398443004651825916e-01
2.880393556052212034e-01
-9.109124460220958674e-01
8.393196778916094392e-01
-5.335585895395471567e-01
5.039459208099450471e-01
-8.264514588625069269e-01
9.874015664150961324e-01
-2.370817865843029004e-01
6.175808026728764055e-01
-5.221290367717925651e-01
5.839666676517372146e-01
2.619679659290183871e-01
-6.431778049323622071e-01
3.543770449698639968e-01
3.549534142394481506e-01
-7.285252117463063559e-01
-7.400430696699444866e-01
-3.454677831914065855e-02
-3.553300990369365753e-01
4.195257460209782518e-01
-9.450702251649643060e-01
-1.980196905747035885e-01
-3.859211730802754037e-01
7.330272274088711626e-02
-3.339498689452709002e-01
-2.980238058982094262e-01
2.893167835498033913e-01
-7.914675820183501020e-01
1.185011419775179320e-01
-8.654095318997894193e-01
7.020484233605894797e-01
6.893485552584479592e-01
7.786127336499513163e-01
5.346809358495250297e-01
4.651038686451591797e-01
9.843523686633128822e-01
2.049798071136006428e-01
-4.022227863415728244e-02
8.833383387696971401e-01
7.572986801666232726e-01
4.536883505477897760e-01
4.005523461638282878e-01
-6.483834322142205675e-01
-3.017304126350350835e-01
2.383462295471667769e-01
9.681324439637470913e-01
2.318959956960862101e-01
-2.406161144223326609e-01
3.026746197209246869e-01
8.177810386590347314e-01
1.254289073217362827e-02
-6.071920278232914026e-01
-3.556735770251404638e-01
1.545088174444908535e-01
2.198178483497983393e-01
6.686481525161771522e-01
2.523177807258365490e-01
-5.517643208162068547e-01
2.055313636081681494e-01
4.914979278365692039e-01
4.854439943890693776e-01
9.565877517948642161e-01
-2.991527225719352590e-01
8.435473579479384476e-01
2.246917721978287652e-01
6.453854281956525885e-01
5.780532409831107277e-01
1.068971079157565729e-01
5.651012272341460196e-02
-3.335883647786663797e-01
4.739452655960432192e-01
-3.779595584979091871e-01
-8.602411136453138596e-01
8.221895703062618299e-01
4.002420670953004134e-01
-7.831838765047018924e-01
6.662019541757355778e-01
4.967447742222907969e-02
7.662718158150296777e-01
-9.930192744507673197e-01
5.377284163811406614e-01
-7.346869210967954533e-01
