-4.834339702697610264e+00
-1.609125869910749351e+00
-3.359828804794453005e-01
-1.216053960387486699e+00
-1.141998483156201782e+00
-7.806060803337735443e-01
9.078124617592064904e-01
6.194238362076966986e-01
-2.898701350972290314e-01
3.929767482270205115e+00
-3.973760285593320951e+00
-3.170751624475849351e+00
1.310290481417011543e+00
1.577435386382842086e+00
1.396065946369869470e+00
-7.229409412701917059e-01
2.146073318856303591e-02
4.305349874299480017e-01
-3.823450774405245944e+00
9.119597422535015152e-01
7.812574245505330417e-01
1.496540291066418948e+00
-1.832237725356059554e+00
-3.866595667508142764e+00
3.433915642185473960e+00
-7.583585002839714484e-01
2.462609305095803391e-01
-7.292140579090018448e-01
5.189939790297418698e-01
-2.100870436544753639e-02
-1.536661358684318301e+00
7.691087108119404325e-01
-6.024402055586204341e-01
3.320656838266000110e-01
-5.987982221765363322e-01
9.205496682448779944e-02
6.893107484808943752e+00
-1.725683588172186866e-01
4.041818383563632322e-01
-1.103240717008284966e+00
1.912748911552226705e-01
1.044834665555869624e-01
-3.493045200545475737e+00
6.005927310385203999e-01
-1.714370897856723142e+00
-8.579975005867802595e-01
-2.467778000237458969e+00
-1.998666289418259412e-01
-2.289686210997935234e+00
1.654374908655238396e-01
1.875011485518147114e-01
1.200561960161511621e+00
-1.163016730354114125e+00
-6.212868620678532738e-02
7.691301974434637811e-01
-1.431806935608952891e+00
1.112439535513542355e+00
-1.225290392680213891e-01
5.300627461859834799e-01
7.249759366163965879e-01
8.573132599268211695e-01
-1.542904482627795781e+00
-4.488788694650917677e+00
-3.292548686075035258e-01
3.970729579755846839e+00
-2.945182129912587987e-01
1.202982955468338666e+00
3.013509475500514845e-01
3.308305639768446271e-01
1.000996834340431185e+00
-6.909977153161902530e-01
-4.114321314605049018e+00
-2.372701251725783944e-01
1.174491966149597000e-01
-2.164375203811395032e-01
-2.496729280433659937e-01
-1.022223731521675616e-01
-1.211450531378684969e+00
3.407900738527807061e-01
2.647200748217706234e-01
2.179422348820000188e+00
4.796083128802290929e-01
-4.219385158337707331e-02
-4.697652867765532925e+00
-1.784291303292938613e-01
-1.005911544547090086e+00
1.154175717126070921e+00
1.864780362566551553e+00
-1.116153009975435068e-01
-7.057620872037155824e-01
6.820570965459116231e-01
-1.554906985058702062e+00
-5.407873908163651766e-02
3.384552588001108919e+00
-1.619051318190108946e-01
-1.536835059608125942e-01
1.566763640551708248e-01
-8.077945155381983933e-02
1.608584641527732728e-01
-2.959247892747402631e+00
3.705850328216103717e-01
6.172935801692418512e-01
3.831259564373935556e-01
4.225438262599615080e-01
-3.316124079810617298e-01
-8.734785988310245219e-01
-5.909494867283539676e+00
7.060988083980057617e-02
-6.523545115283313489e-01
7.396091868857016527e-01
2.160649315069276821e-01
-4.720222507051381466e-01
-8.274120235087976116e-01
2.329343353988001519e-01
-1.862949939627872586e-01
-1.257587217957205850e+00
1.226193262203082723e-01
4.410655327376111212e-01
-3.062531103776582775e+00
-4.871782594892311025e-01
-1.370667486015464398e+00
9.965178613908181049e-01
-4.031922573286353284e+00
5.296148385594796615e-01
1.309337167927164369e+00
-6.898770618539213917e-01
3.600744867120602710e-01
-2.122803034403406564e+00
3.143188082715876464e-01
-8.849722349751177886e-01
7.093155244481583743e-01
4.177303361727996212e+00
2.344988219606012336e+00
-2.289713301511942800e-01
-2.271437907124496114e-02
6.883718606899763559e-01
-3.209793555977722423e-01
-1.516018074240740976e+00
-1.031640649705954926e+00
1.107073854893312559e+00
-2.346597318574705771e-01
5.062159524705538871e+00
1.139731296235516611e-01
-1.061042353717144282e+00
-1.843567984501521817e+00
7.456382653577012798e-01
-2.412979062175518719e-02
2.772012732298410609e-01
-2.423773130548711574e+00
6.004120469148215289e-01
-5.827591040350432738e-01
9.523995520846738616e-01
7.998288986587880345e-01
-6.462118479315321906e-01
6.877113030397150606e-01
-2.056000920194863690e-01
-8.471513870295683812e-01
8.369240121996122106e-01
1.586079451277875974e+00
1.331465406738689961e-01
1.968397234408870711e-01
-5.061785886977583360e-01
-3.092541159134115092e-01
2.330981383399590268e+00
-3.817129608736646862e-01
-2.243120499279884772e-01
-5.739091138196360520e-01
1.967251958730780848e+00
2.301019383815619435e+00
1.809403515069978541e+00
-5.696722104630428385e-01
-8.882931199379588971e-01
1.198051735951780605e+00
-3.157859592025350715e+00
-5.812937946823915958e+00
-2.535751344808932384e+00
3.421378109136350432e-01
-8.477859433533603273e-01
4.950136965175572223e-02
5.083115772798058041e-01
8.258548107113163894e-01
-1.214160817477398097e-01
8.133755231522585838e-01
-2.357750869586616282e+00
1.304220969556625143e+00
5.795378413275134033e-01
-8.223245165681258850e-01
-1.313699881435568706e+00
7.391014655558714175e-01
-9.408252459151802416e-01
-2.400106329914694914e-01
-3.585817805480031595e-01
-6.091984415230242700e-01
1.369619845844624928e+00
1.877765244644729492e+00
-7.810985818815614490e-01
5.807765409844088955e-01
2.075171958097423164e-01
6.695419906158187606e-01
6.271846600585586629e-01
1.180832285619319855e+00
-8.494547226414362884e-01
-3.767786131033276087e-01
4.659313294011288020e-01
5.039439629824075118e-01
-2.952711293685321703e-01
-4.860645823820496370e-01
-2.923365340758433906e+00
2.220264639550110886e+00
-7.530192125197624486e-01
-9.880388543824207837e-01
7.244711594608521654e-02
-3.059431570169295345e-01
8.832080711933565365e-01
3.483659712808703013e+00
-5.529154317045553713e-01
3.516921624532153512e+00
-7.379040083313245235e-01
-1.950488543853565071e+00
-6.597286706881329010e-01
-8.503321624142745616e-01
3.785924098041348884e-01
-9.163587181234975620e-01
-2.614996925665913796e+00
-1.555866117954559646e-01
5.260587548563993021e-01
7.024312066968296797e-03
3.909082070535955244e-01
-3.844958833090160955e+00
-7.917084553227515809e-01
-3.652340301199462402e+00
5.274110319803671842e+00
2.805972341563445771e-01
8.309637990089863147e-01
-1.083616211816381014e+00
-1.245854047496398609e+00
7.184858512292946475e-01
1.085763916668935347e-01
3.089448171984083835e-01
-6.350523097314053622e-01
-5.428770369489405390e+00
4.732896566344823586e-01
-1.156211346875336554e-01
3.290322034217102676e+00
3.066662115216504780e+00
-7.235018152910934752e-01
3.643787376400041134e-01
-7.056794590216866059e-01
4.963518705498418671e-01
4.825520617722501626e+00
-1.735138203102606580e+00
-3.240856732773456983e+00
6.981383746777770627e-01
1.398481319837388881e+00
3.604647003889613344e-01
-2.556011500971194228e-01
-2.139575715498994057e+00
-7.059353424097771779e-01
2.430587446306492261e+00
1.355120726750619342e+00
-4.941872653095449319e-01
-3.145434147574353578e-01
4.030329270184386914e+00
1.356561086287046969e-01
4.483822820068669168e-01
