3.849498058033697934e-01
5.594248030360726709e-01
-5.354034429057175082e-02
2.693054429126824356e-01
-5.547519435348473582e-01
-2.620918701231966796e-01
-5.229237800162591654e-01
4.724600231221138813e-01
-5.689021053356584368e-01
7.222603857176010944e-01
-8.617700852931022837e-01
7.508280207024913278e-01
-9.020746480764376685e-01
-3.063690851043585628e-01
9.913797906068653187e-01
-2.159578594916056193e-01
-7.766724485308769133e-01
8.783970110806493814e-01
-2.211530237093959350e-01
3.729824306763613873e-01
-5.091204526094650351e-01
8.194098234522395607e-02
4.138366777098316796e-01
-6.922803768812493264e-01
2.764687242403054412e-01
-3.419326337704542418e-02
-7.151738581607061107e-01
7.013497013730163321e-01
-4.514281291379107497e-01
5.530651989064210294e-01
2.745073989640234302e-01
-6.836591413981734089e-01
4.988141582155471987e-01
-1.461846048063097925e-03
2.809641373850966239e-01
2.928543070635289958e-01
5.568159375499703856e-04
9.376524211228116634e-01
-7.316052318269499199e-01
6.429292656049130361e-01
-6.743267865091640001e-01
-2.901728310392970300e-02
-9.543092269588075993e-01
-4.065905233829050225e-01
-3.745636976151154318e-01
6.282850804843056469e-01
4.444115650187889788e-01
2.286808254364818271e-01
-2.793647878406591012e-01
-2.352862222572094097e-01
2.630277398247771181e-02
9.543442824507677447e-01
-1.886211372933321861e-01
9.601364944500991871e-01
-2.390679332263188073e-01
-3.895465420199302198e-01
4.184957037894165843e-01
-9.954604062131964248e-01
5.886241803678937679e-01
2.616524848355550326e-01
6.079094748539823900e-01
6.138472021568310844e-01
-5.020133546984761885e-02
-1.232917777767350564e-02
-2.199486028181762975e-01
6.788587001091677120e-01
-2.592936100070242222e-01
-4.916040868576554423e-01
-6.588048534542370049e-01
2.781738801472852796e-01
6.071150888714331728e-01
6.581534856768724850e-01
-8.791807166914744620e-01
-5.969353861608952538e-01
4.379556161501603206e-01
-4.430691335948775400e-01
7.051878852230593075e-01
8.842732507016255461e-01
-3.861459457036853227e-01
-7.621684514746351891e-01
3.217596358884922125e-01
3.234364668164266821e-01
5.639821639119830810e-01
8.956903496332087045e-01
5.723499865148518051e-01
2.837060134936020273e-01
6.324651675872738910e-01
-6.514688864755768805e-01
4.636712141833188028e-01
2.174584675334045869e-03
-6.757113338164839611e-01
-8.759408483540864765e-02
8.198305985334384260e-01
7.421154544384942486e-01
8.994070089558743319e-01
1.112327071315655225e-01
-8.232097591661753366e-01
-7.952687069431330080e-02
9.765520222306962594e-01
6.477703929000158123e-01
2.048964134246447077e-01
5.640329578931024823e-01
1.015460075386689365e-01
-2.476423127841986815e-01
9.797682261934896886e-01
5.627347527568995478e-01
-2.220387141029525058e-01
-2.775606295397130552e-01
1.279486748330194157e-01
2.119836858254229295e-01
4.523361170701627465e-01
-3.256387370745987830e-01
5.614410397850833068e-01
-6.092357564445467499e-01
8.335686709684193563e-01
8.084487237194082354e-02
3.783329601895717431e-01
2.813079627864927268e-01
-4.537174419402427716e-01
3.288358965283684210e-01
3.308949819728819186e-01
-6.583418466423207605e-01
-9.223700234563536604e-01
-6.662741968123313541e-01
6.794485424422096465e-01
-4.598134245311691348e-01
3.247447628402997388e-01
9.259400463350830890e-03
4.624407060556927629e-01
8.532304593422861405e-01
2.366111927303808926e-01
-1.170280475113580909e-01
7.816885417489261023e-02
1.792061396035824483e-01
5.189907224936540775e-01
6.432138016424486793e-01
-4.429094027173534620e-01
-7.657018158397344010e-01
-5.079943139492175685e-01
1.846281321776872542e-01
8.525548503470119499e-01
8.160241663157723480e-01
3.976857657251680056e-01
-5.817762891340236830e-01
-8.023089805732090962e-01
-7.558167011725409612e-01
1.163361393419020118e-01
1.920322711313660058e-02
-3.508193244676554023e-01
7.326127012297614094e-01
-1.355325595105152381e-01
5.622590814152539362e-01
-9.903064056776673674e-01
2.198094542283701713e-03
7.124660732041709910e-01
7.996767242629700956e-01
4.499328003502063300e-01
-5.179236953466404003e-02
9.820673442764842331e-01
8.776342739424378703e-01
-6.069171945350142483e-01
-4.111193161287913789e-01
-6.910730543235448220e-01
-7.311967621913340043e-01
4.420762235308932642e-01
-4.447445712411575158e-01
-5.928456304931040144e-01
1.898184284663657628e-01
-1.511979278590700471e-01
7.345613949890277272e-01
-6.659231066430049140e-02
-9.166822493405539785e-01
9.071009906403171286e-01
3.605547949434773081e-02
1.864055258880801258e-01
4.972834953658173962e-01
5.330492475148338460e-01
8.139812028661115306e-01
4.411649457888882075e-01
9.941575408905150013e-01
7.127742053795262933e-01
5.069738840332713714e-01
2.406237592446620610e-01
-8.133722249368360302e-01
-8.809116657453708310e-01
-3.440590497291351468e-02
2.549198792442652906e-01
-1.511906685953872120e-01
-3.988143510472077491e-01
9.133214314427957614e-01
2.304153912165034512e-01
6.764709253552201318e-01
5.899511842377689330e-01
-9.910657948731143030e-01
2.315779390420957817e-01
-9.325964603364218508e-01
-7.300947150588563694e-01
4.274863174650158637e-01
9.424869673636933065e-01
4.989290839770910146e-01
8.787643088069450048e-01
2.286400438748894537e-01
-3.988957216284561014e-01
1.559950568527337378e-01
-3.637151661220359156e-01
2.154567430209093359e-01
-2.660805010228428635e-01
1.355266915603638989e-01
6.451944680035426316e-01
-2.376281056869662400e-01
1.024512500402470216e-01
6.554658784836997487e-01
3.736219115009498104e-02
9.868320670013173146e-01
-8.821461115968163291e-01
-5.965541896685562229e-01
1.228066032882322300e-01
-3.329267450656432370e-01
3.432921355164675337e-01
-8.673821967443182679e-01
5.644576205830131865e-01
8.540965465556500380e-01
4.775969535099415797e-01
6.149950667079020494e-01
-6.621282338706300230e-01
3.273265039504407170e-01
4.380460406404684814e-01
-8.017847420884416376e-01
7.268949848395052094e-01
-4.343046067188265358e-01
4.950420554392360728e-01
9.381992558138321225e-01
-6.017170661950062005e-01
9.485140647776511003e-01
-3.196164751480854438e-01
3.565729417247258670e-01
1.387797518909852368e-01
-7.057018805216701551e-01
3.707763533004129197e-01
-2.628972896179788687e-01
-8.877748803501119834e-01
-4.941227458082972923e-01
-2.644047176680608402e-02
4.447341823082346934e-01
-7.002647737706138020e-01
6.674720730742784713e-01
-6.278370193312217129e-01
2.693599830604433976e-01
1.944390694703956868e-01
-3.243497051415749066e-01
-7.772640430369452957e-01
-8.530181672573902141e-01
-8.334589479120042554e-01
-5.351507195090858815e-01
-2.691291937705291293e-01
2.284345517767001343e-01
3.590050018847681379e-01
3.515168011058062980e-01
-5.728193116560074127e-01
-1.702167808898089607e-01
-6.744721592420508394e-01
5.195859651309375771e-02
-5.192217382126409486e-01
8.011308195871436055e-01
2.804007400244052928e-01
