1.772863965895812299e-01
-9.310575775204823490e-01
-6.262343021816227928e-01
-2.320408971570480094e-01
-6.422975162417976502e-01
4.442116715415243000e-01
1.322866269214277857e-01
3.395420905194512784e-02
2.801643335102523835e-01
3.310918094763544151e-01
-8.973411238027688697e-01
-1.462311646325502590e-01
-3.860693425774597287e-02
2.332174225748113727e-01
-4.503973998240813348e-01
8.600748863846296999e-02
2.977751082827317930e-01
-7.282396632589305252e-01
-1.490594799794493497e-01
7.777871196976755552e-01
-1.866719052058773975e-02
9.790870977201242553e-01
2.468997647817012808e-01
2.380926439225405922e-02
-6.287894606742854275e-01
9.321482512185641500e-01
-2.853705200888041471e-01
-8.006312196276530457e-01
8.761064889124816624e-01
1.900041285711047134e-01
-4.619660663689981739e-01
8.062511244452816861e-01
-9.099712991399571127e-01
-4.931489625079450434e-01
-8.489829660634991004e-01
-3.445128421257941387e-01
-6.224065270112808523e-01
7.948726285977762984e-01
2.687598640641832848e-01
-2.970644233437838011e-01
-1.775540150092784764e-01
-4.799570063952356413e-01
9.643912910826324403e-01
8.962430821551952143e-01
-6.354042000704038795e-01
4.118796081419635602e-01
-7.039546354611490031e-01
-2.434791458561003097e-01
-3.577787491772665973e-02
-9.128007911053976908e-01
-1.222987813536093871e-01
8.488473062198989005e-01
-4.385011383458152778e-01
8.052542756017626591e-01
4.951421967223863518e-01
5.411055697004725218e-01
9.152823223586936674e-01
-9.111694795236573441e-01
5.789595994200842366e-01
9.378270916876034757e-01
-7.456647409907237734e-01
-7.268073596457045316e-01
8.716125870581894475e-01
-4.412557703945425569e-01
-6.609385870392416873e-01
-2.545925661712777899e-01
-7.130241116298896564e-01
3.256524485466771868e-01
8.746238468621987394e-01
-5.547349710819335922e-01
2.363494370977576864e-01
-5.080172596547560815e-01
8.609665291857448999e-01
4.974466112549642549e-01
-3.827596586844306259e-01
5.457443587521402240e-01
9.658571235340045469e-01
-9.697655701510485837e-01
7.142520466169166582e-02
4.773659624050674566e-01
6.385227719432133853e-01
-9.083148601130055511e-01
1.004659995343659684e-01
3.961588661316890470e-01
-1.435762841995102956e-01
-3.075429509192770805e-01
-4.254833180143222648e-01
-6.148196253485893603e-01
2.947631591480770474e-02
-9.852713927174987507e-01
9.182306261517829693e-01
-9.157582458132740300e-02
-1.597905925631322166e-01
2.084062747098869295e-02
-4.569931673905385239e-01
-5.776919629711767534e-01
2.992069880169105911e-01
3.400800106568511172e-01
-1.624568128606949102e-01
-3.010366925633474189e-01
-1.472327735224661094e-01
-4.988848679950481646e-01
-9.171778300599351397e-01
-6.498750213366881745e-01
-3.136127489518698574e-01
4.531347683056894393e-01
2.093147473015342097e-01
4.428183089975972209e-01
-8.656356334938752894e-02
-9.987933911273587650e-01
4.653700488614576081e-02
-7.223836092110209606e-01
-1.832338152589796376e-01
-5.148107915254001021e-01
4.294941971347550069e-01
1.475369663199597170e-01
-1.154857867078158407e-01
-2.665741325361736802e-01
-9.570479788493675422e-01
-1.773505271191950783e-01
3.304679433276285216e-01
-3.000743305080066925e-02
-8.690295110279229185e-01
3.202496201044084945e-01
2.020564569706888580e-01
5.702126023679139344e-01
-8.474312862963093718e-01
7.940970663458002399e-02
8.077634182319803902e-01
1.671750933911182457e-01
1.303558454996911475e-01
-7.882869344628362640e-02
-5.986039170977841550e-03
2.225883479831116674e-01
1.181039776612886616e-01
5.518866350860318626e-01
-7.311099305612980270e-01
-2.664900829724521358e-01
-6.384298072509375643e-02
-5.006871901513609835e-01
5.580851544674287901e-01
-4.725686880983819282e-01
-9.875788132044087675e-01
9.279492746382644874e-02
8.882760916150158614e-01
-9.664210542537183812e-01
-4.349135620575264038e-01
-7.338937499980566770e-01
8.612034412478208889e-01
-3.758436794164545791e-01
-7.879375781602591111e-01
6.460722491855488414e-01
6.571017636301366149e-01
8.453577540862884376e-01
7.932400651649631484e-01
-5.237432624400955028e-01
9.504651249435798199e-01
-7.005905957543794305e-01
-3.509937473941007191e-01
6.588798294924025356e-02
-5.824758148771012056e-01
-1.773710628520654975e-01
-2.711550016385957385e-01
-6.229597178010370939e-01
-9.443641687701780363e-01
-8.882188758090103775e-01
-2.344436423857085838e-01
3.048028280567420811e-01
8.479739830181971527e-01
9.935128858057895584e-02
3.425015472085728430e-01
1.030302446257054250e-01
-5.096636236986524793e-01
3.090691188475498397e-01
-6.257261231388508982e-01
-1.844091434577403987e-01
-2.183665871774993494e-01
-6.087425212726345070e-01
9.656757639076793964e-01
7.420343320467333026e-01
7.125748720561266847e-01
1.387199974345332265e-03
-1.967637029762363543e-01
-2.801931568065174627e-01
-3.741672728428409034e-01
-9.593526724899474889e-01
9.116153611714727933e-01
-9.444939366526701185e-01
-4.201194015385483205e-01
9.220235460908869918e-01
-6.633595027959990897e-01
-6.611334655118874526e-01
-2.103051729186513619e-01
-9.581895270241287399e-01
2.635507983932328102e-02
-4.222636034389222193e-01
-8.117016883020482521e-01
6.681570324666958882e-01
-1.061593285835173983e-01
-4.897207913847430039e-01
2.795961088406209161e-01
-7.579202755230503019e-01
-2.479800677188450653e-01
-7.942470080452106451e-01
8.698727604731681939e-01
-9.826024547799978581e-01
-9.409001583508243005e-01
1.551743712499220607e-01
-2.691758203524932114e-01
-7.589563264694598743e-02
-9.012148967478061934e-01
-9.134638402366968002e-02
-2.499407152639501195e-01
5.538689281475008830e-01
8.307545747862536967e-01
-1.037862954310648789e-01
2.566074143612657732e-01
-3.453482690190667892e-01
-3.221149282797286517e-01
7.597045982761250205e-01
4.428165201061078360e-01
-1.515303337922155880e-01
8.143561249737032437e-01
-8.033295529279318448e-01
8.715375598058121565e-01
1.716611131991294670e-01
-8.536488091246214882e-01
-2.305413006966614553e-01
7.655482537720932346e-01
9.767084740456208891e-01
-4.962127477814901599e-01
-8.099033685404564142e-01
2.621002986782374755e-01
2.953673927547377787e-01
2.050898493055746119e-01
-9.579846331667234427e-01
2.868109572527870466e-01
1.198571804050239109e-01
4.965281090908124639e-01
9.930054117575279893e-01
2.130261646640403406e-01
6.976993337761250302e-02
-3.973709365842781338e-01
1.033468718965366850e-01
-6.260533225688209580e-01
1.912624421961985899e-01
-7.787963867465719225e-01
5.596341414121712710e-01
6.156870276063421965e-01
6.981755063086303448e-01
-4.047537042802338281e-01
2.495495326021934801e-01
5.373305847479497022e-01
1.583050564844841190e-01
-8.447988744246659465e-02
-8.266226655284882874e-01
3.155380601573072319e-01
5.772760861610577443e-01
-5.031299405855467199e-01
7.698574539207270195e-01
-6.715177698073266921e-01
4.061844919704655776e-01
-7.217188910539120705e-01
6.731301855384574928e-02
5.474303906256092755e-01
