-8.507795899798897832e-01
-4.934104647736643479e-01
8.678962265468548321e-01
3.517871915764498869e-01
-8.726120520812385983e-01
6.141798145117018937e-01
-2.541193290391370874e-01
4.478434428161228720e-01
-1.765789114462110176e-03
2.156284966991831309e-01
1.103652264553049767e+00
8.458042512975645355e-01
-5.094275978332746257e-01
-9.222983498273431557e-01
1.031552011532353097e+00
-7.145263649584072674e-01
-8.689715549052358101e-01
-1.595731828060784341e-01
7.326498196344239933e-01
-1.264663838805374918e-01
8.653407560587215164e-01
1.623550584287635490e-01
5.377163375470439544e-01
5.005920525183188419e-01
-1.352167858055755845e-01
-5.108013793847592243e-01
-4.166077989145542393e-01
5.518987954460027323e-01
-2.951680000034889728e-01
3.610958494570402910e-02
6.071372856105725635e-01
-4.226146700329651978e-03
-2.539954845222810453e-01
1.022563616353334703e+00
-6.525153681375942538e-01
-3.171055772886343105e-01
-5.308722901949385342e-01
1.823343190402050007e-01
-8.141002514116889577e-01
8.669372812032455355e-01
-2.816426916835750305e-01
-3.879709042872175884e-01
9.111585591520732219e-01
-9.013474811213340043e-01
-4.305755040609581807e-01
-4.077499251796606328e-01
6.270814602912649915e-01
-9.413058827580699228e-01
-3.429757454585888321e-01
-9.240377602968660176e-01
-9.636260814822067422e-02
-2.962119850115338959e-01
5.842704331230225145e-01
5.992781204504269432e-01
-2.995358543620799119e-01
7.606924441098172895e-01
-1.071133562100402337e+00
1.203899335855581842e+00
6.445019037836020592e-01
-8.030209653472692999e-01
-8.782442376908274895e-01
8.050699202634770124e-01
7.480331690342817419e-01
-7.848656673760668889e-01
9.136661024728517377e-01
1.079373993155874345e-01
1.582592820436865555e-01
7.034549575725909110e-01
-1.895938411058367690e-02
5.077483978365151390e-02
-5.466421497372599136e-02
1.013976513138123536e+00
2.639056952038787429e-01
1.000054932443533051e+00
4.203465405158153256e-01
-1.440269350324541175e-01
3.336174486258194349e-01
-9.866463934492244459e-01
7.273723511333640701e-02
9.082946045150017689e-01
-9.217101811132401012e-01
-8.685245087769537520e-01
7.916911925985127274e-01
4.065242826100730067e-01
1.647208918961368951e-01
-2.529823543436082733e-01
9.333331249961179799e-02
-2.174668059697696665e-01
-3.751357168601773123e-02
4.091547478758670864e-01
1.055542030306994672e+00
8.306522277378620700e-01
-1.340136734440735278e-01
-4.501870124626707326e-01
-2.633160466973512581e-01
-1.040411208938065490e+00
-1.790455869081725992e-01
-6.695139329152369756e-01
-8.737942240230694990e-02
9.510227112620177614e-01
-4.751626801090688690e-01
8.658826220225561698e-01
3.437451566970762817e-01
-1.350322367530597256e-03
-1.792790901958875027e-01
-2.580095461672269330e-01
-2.735234802792317343e-01
6.198359127401051882e-01
5.208083260611557908e-01
-7.999666967447275345e-01
9.520698320483413912e-01
7.740491046500400651e-01
1.321144015252360970e-01
-1.940021617984163393e-01
1.231893358692440321e+00
-6.179474783570684804e-03
7.083968095319820302e-02
-4.292563888117170157e-01
-8.177143501708813433e-01
-7.053329810625528218e-01
-5.867877035787328888e-01
-2.537255017719387551e-01
-4.888774138357031285e-02
-6.549916798477171120e-01
-2.551461425019778684e-01
-7.601934432219111804e-01
-7.049840601509917981e-01
9.934260544242483615e-01
8.040324198433190794e-02
-7.177008234880231097e-01
-4.574701167468301910e-01
-4.379887425141790747e-01
-1.587190919393682842e-01
-9.024585819042985069e-02
6.550016096487747408e-01
-1.254866428919499122e-01
7.791829239110572569e-01
6.436552625233540326e-01
1.399303686725403006e-01
8.978518201614763550e-01
7.214171317169522091e-01
3.666474427047075602e-01
1.352308321808541880e-01
-9.928327688395930384e-01
-2.004135994059645376e-01
-5.505086444884351726e-01
3.657839799323285845e-01
-7.258172916589920032e-01
7.669611195310451768e-01
3.032475727434511548e-01
5.676603172209460091e-01
5.862697044890295972e-01
3.244781996285259762e-01
-6.306544525425509251e-01
4.861717263310640358e-01
-8.850861794748818845e-01
-7.561846333833587286e-01
8.120809205385700613e-01
9.209324066860141711e-01
-8.899681192533316354e-01
-8.323815458011376567e-01
2.093344078970460487e-02
-4.620616009797525736e-01
1.222414494919103478e-01
-2.165045762137640106e-01
-1.051379774527435862e-01
8.240281446222385009e-01
-3.533863506798774756e-03
-8.936528114860059491e-01
-3.496599929760111358e-01
6.815577359378621747e-01
6.072665507843245658e-01
8.288983270572739537e-01
8.021755518941996455e-01
1.201776528942483990e+00
-2.375158417381036946e-01
2.224276740861462209e-01
-8.197479676487866573e-01
2.907040554734268561e-02
-7.790685856587376001e-01
-3.524359699227042619e-01
-4.346673323996156357e-01
-8.845035267824875591e-01
2.734345341107180527e-01
-7.504419580760163244e-01
6.405874173146444139e-01
-7.609038140826083207e-01
2.254134066566906847e-02
-3.916961296160832440e-01
-2.072382991321213841e-01
-7.694902568551437172e-01
3.064830708274726145e-01
7.762027991407166594e-01
1.602346451361295887e-02
3.893674994062306105e-01
3.550143533266151286e-01
1.969157573183844268e-01
-3.077309911112242058e-01
-3.006061642273535339e-01
-5.745465388356988390e-01
5.210809598164637402e-01
-5.773684835674999238e-01
9.162450242347359719e-01
-3.184465833924890465e-01
-6.340185627694178150e-01
-3.200208937371701312e-02
-4.837348526613786115e-01
-8.520416159280335133e-01
8.452070565657979206e-02
3.689410357451294309e-01
-3.566253076230239127e-01
-2.697880777598411495e-01
5.147446067382357437e-01
9.683745067888761549e-01
-1.188340221624464288e-01
7.342422837572529781e-01
4.114364325545863399e-01
4.459660679791996318e-02
1.555208944566093543e-01
-6.739771192947350276e-01
3.419384896017896303e-01
6.649118060525832652e-02
-1.036863217455820108e+00
-2.563528470724736330e-01
-1.307769864791659131e-01
-9.721597262212572366e-01
-3.476712953627390523e-01
-8.041997255407083989e-01
4.143104807942697421e-01
-2.647345344950247786e-02
-4.222561419808312233e-01
9.220388680208175813e-01
-1.824540177174575339e-01
1.076567573624337637e+00
2.780215735918243336e-01
-5.659420244160037194e-01
4.714464877135590148e-01
4.371650349707509320e-02
1.026323073830170962e+00
-2.815538946510713902e-01
8.898425370223610464e-01
-6.377467743454567906e-01
-5.972086298794352377e-01
6.264179486944937425e-01
-6.322200261262236332e-01
7.700218115313384182e-01
9.540357820525205979e-01
9.813076979794050914e-01
1.042401911780673623e-03
-2.182147645313174400e-01
-7.386533435384018409e-01
-5.035362349517674696e-01
1.032609324627825065e-01
9.464053097493255740e-01
-1.004118674103080977e+00
7.499575477611748475e-01
-3.884684334233430847e-01
-1.415051714836052243e-01
-4.879738288511151212e-01
1.017930743143465877e+00
3.737867040787740125e-01
3.123855801467247950e-01
9.837224378790269952e-02
1.092053940644291066e+00
-9.689504059369082878e-01
