-7.936223091414538189e-01
1.313155671926542478e+00
-1.312873870197703297e-02
-8.667674810058324519e-01
3.600182584105814376e-01
-7.217635078949051763e-01
2.607899144443756589e-02
-5.458873532455893463e-01
-8.814582051425097209e-01
-9.714011084910074700e-01
3.833469717389799136e-01
-6.762543973246978313e-01
-2.469337521534894359e-02
9.240573144938636629e-02
-1.287017306036570274e-01
1.055209694090463612e+00
1.090191049924764233e+00
7.753665154520115177e-01
6.295585657972890825e-01
-8.944566238874570585e-01
-7.050228523186966578e-01
5.759164931707784207e-01
3.171918146433275187e-01
-2.552335298374090455e-01
7.144496358805615399e-01
-7.596083132321709286e-01
-1.554571081821672640e-01
-7.028824197536438501e-01
1.548322371988918034e-01
-1.084247175678167086e+00
-1.811908254738606727e-01
1.682814677818467997e-01
5.824071277369841093e-01
-7.338257700237013070e-01
2.892629431824594310e-01
-8.406537035714922723e-02
2.019368153609664152e-01
4.891015235077899037e-01
-2.580006977240294486e-01
-1.931093333647567190e-01
2.185571605272159101e-01
-1.849758331809082390e-01
-5.226907214618926600e-01
-1.553006696317190544e-02
1.263317901724560155e+00
-7.426382237611083015e-02
-3.308265178914925886e-01
7.763428083797379031e-01
8.927161846555807800e-01
-2.328781800381964084e-03
3.853319726700226711e-01
-1.524904077545711223e-01
8.220704316096149045e-01
-5.113797372336855718e-01
-6.885220033516645799e-01
-6.586938441683055645e-01
-6.520075405532692603e-01
-8.088029691792099074e-01
4.623977873636767044e-01
-2.804710341987575184e-01
9.602243401236922882e-01
-2.924653988504103408e-01
7.060479956956607073e-02
-3.061510879713721933e-01
-6.694768516482986209e-01
-7.530764826023013114e-01
-1.843049958459295479e-01
8.086442778394833386e-01
-5.041149245476542751e-01
2.805062673963337749e-01
5.789246953916430405e-01
-6.893353076441239846e-01
1.180698307343480469e+00
-5.996490416176846611e-02
1.913062929908131982e-01
1.214091222405986770e+00
3.783415133279999232e-01
-2.207005131648055035e-02
1.897421295443963984e-01
3.189306019286197169e-01
-1.090666930714000726e-01
5.982512503335022380e-01
-8.952045318948687047e-02
8.420728394954232199e-01
3.634163520267741365e-02
4.477591492595806022e-01
1.014193695546201424e+00
1.000031714577090253e-01
3.734052049441559662e-01
8.524995405182451691e-01
6.675961556738223557e-01
2.893500512591676843e-01
5.965946754765739657e-01
1.312993699714823270e+00
-4.903672947090206846e-01
-1.517103358536545932e-01
2.925138644799007426e-01
4.561266221688184408e-02
-6.276387467823878463e-01
3.108905477986422250e-01
2.931224375939516236e-01
1.031316971480539024e+00
4.516193195987917575e-01
-1.105767664233538561e+00
-5.065196341995070739e-01
-6.167883986095069604e-01
-4.258033473175445449e-01
4.305481378432569617e-01
-1.848498506567483324e-01
1.094448085159130279e+00
-1.296414537498797870e-01
-2.520835374087665448e-01
-6.835907028252554696e-01
-1.334592201740811557e-01
-1.744384701494903211e-01
6.221359465502586117e-01
9.395756415195903877e-01
8.968885957594382452e-01
3.428976133968416051e-01
7.368875776793395449e-01
-3.474196208051164025e-02
-7.159875237462364206e-01
-5.121261849845486214e-02
-8.071285344596007549e-01
-8.151960235814614819e-02
-7.362457584486934437e-01
-2.744490757971621564e-01
2.665528796551728252e-01
-3.784406522165015829e-01
7.037011854165179381e-01
4.812401234209031653e-01
-3.264764176334288281e-01
9.636980394287655294e-01
-3.966421875588769796e-01
-7.287032796078480867e-01
-6.423281700995651100e-01
1.207823969653981422e+00
6.256175115322532010e-01
7.924802693469887860e-01
5.678767193627884957e-01
-1.397494787486027956e+00
-2.642365814963685278e-01
-5.624452270029686174e-01
-9.081976615588904789e-01
-5.555662877962335156e-01
1.204298415178671477e-02
-9.148800909473862042e-01
4.474986086582761757e-01
2.220242807559722198e-01
-5.136534511559592842e-01
3.787125573562510894e-01
9.175876505257228588e-02
6.606644341737742954e-01
4.586459099824813368e-01
-5.873186782821769869e-01
7.542282557326026593e-01
7.352989898352442211e-01
5.358084049005340521e-02
-1.765164669791058349e-02
-5.139483090209078231e-01
4.575448673387123022e-01
-6.761842409536308329e-01
-2.470064874276521327e-01
5.670262398554909433e-01
6.751486999447562365e-01
3.720930699794766650e-01
-6.129884815175750123e-01
3.367558444919636074e-01
-4.760511919548892079e-01
-3.820503186078604285e-01
1.067243235053315420e+00
7.109040836788705908e-01
-3.468131832359703237e-01
-1.718137623238932474e-03
3.082897778338358208e-01
2.694275980801668080e-01
-1.221481331235938633e-01
9.656615128537310300e-01
5.339412338648732437e-01
8.321190104290634298e-03
6.550761555442219386e-01
-8.434906121563039427e-01
-6.467750432398351457e-01
5.366974945780611517e-02
6.332026881361634274e-01
-8.338865461245932309e-01
-7.576628165849922381e-01
-2.994117133096130257e-01
4.549803214607467394e-01
-4.081349640534284728e-01
-6.587698622371861157e-02
7.362354798866892480e-01
-5.237575682754665174e-02
-6.098562794587035762e-01
-3.966991454564219310e-01
-5.955130398250987334e-01
7.056613143478143169e-01
-6.010043032040081057e-01
-8.909476226281791700e-01
1.133733665262896873e+00
7.758702788978164566e-01
1.122099406972536073e+00
1.027918119286690857e+00
-5.456640381483500724e-01
-1.962694861359503828e-01
4.360741092888498760e-01
-3.578767106274746146e-01
-9.774742586002385103e-01
4.941259788803236130e-01
1.057248028603446688e+00
3.744502297121916623e-01
4.555815176493226426e-01
9.606912024527322624e-02
8.069929885506277323e-01
4.949194576620427055e-01
-5.165170465681694356e-01
7.494694131565177164e-01
-5.087195712503475020e-01
8.562201859937780268e-01
-4.778588473309089424e-01
-5.085042751431664287e-01
6.598057707093076818e-01
-5.838649230851132854e-01
-2.083789050026832734e-01
5.746221444046500926e-02
-4.653816565003454087e-01
-3.698751111041616579e-01
1.862371968796094346e-01
6.489099339930610721e-01
-3.695391994529704238e-01
2.392147410070940838e-01
8.631733969374124626e-01
-1.071387587804393471e+00
-8.634440608247369031e-01
2.023083487474000020e-01
-5.569869027685934171e-01
2.648059686554278813e-01
-2.824315430893951095e-01
6.699760464723681919e-01
-4.088819300154392100e-02
6.251891998414668139e-01
-5.136635754350388217e-02
-3.194552454836954714e-01
5.478104518166737602e-02
-7.325656228830916827e-01
4.159394831684570248e-01
5.631954220037305170e-01
-5.617803173642332837e-01
-9.685854891794694055e-01
-4.497164703055039903e-01
1.567022853776040558e-01
-4.788770573425837340e-01
4.041517276179930063e-01
-2.336289634517474956e-01
6.552106737443527118e-01
-6.859061545906733337e-02
-8.281942439212596208e-01
-6.410805283981134695e-01
-4.284137885426765879e-01
1.537932250379850929e-01
-1.629343242395487057e-01
-6.754653363177206549e-01
-2.652573363574448062e-01
9.640723594598992197e-01
2.492719372324585236e-01
