-4.114728185162614960e-01
3.912186740933942808e-01
-9.129896710998330889e-01
-9.571434610396369891e-01
7.276536076512603035e-01
-9.656742343621802505e-01
-6.796758822858597338e-01
-4.436738113291189833e-01
-7.583554061630048970e-01
3.850772521154315342e-01
2.508128604501371761e-01
3.984159627898493650e-01
-8.846752792576988433e-01
-6.253214719278523681e-01
-5.690058108419224769e-01
6.498461565075668300e-01
-3.533247613114911534e-01
-5.420161135502505889e-01
5.404638226035631821e-01
1.835523614472744924e-01
-9.046907073215215700e-01
-4.692694527577114805e-01
6.386799609312321380e-02
2.280457310100862944e-01
5.592175833316992417e-01
-9.008267903940969656e-01
-1.485077401845820155e-01
8.698754684226122080e-01
-1.776671576918049666e-01
9.943032384976779881e-01
5.904788620782468467e-01
6.393854409108876702e-01
7.846722145190347941e-01
5.095556238001057725e-01
-1.124150206648106831e-01
-1.843029247997201026e-01
5.152604560313738258e-01
3.732006686595166212e-01
3.452526522184027336e-01
-4.968778016391235397e-01
-4.976714919371143520e-01
-2.029044277188203349e-01
-6.837916689273499937e-01
-5.664712651120549225e-01
-6.548317752541878978e-01
2.383442547840843861e-01
-9.206756349013538454e-01
-4.366764669950529143e-01
-7.814654135082994557e-01
5.863232577274404278e-01
3.595222987224859779e-01
2.784703129225272189e-01
-7.900752690896242214e-01
7.482201804604584616e-01
3.988318884470229975e-01
-2.783384862506839141e-01
-9.028302950345372668e-01
9.481058450770054602e-01
7.442698174456043869e-01
-9.545795961779222072e-01
-9.361090866037922176e-01
-7.931350827407470661e-01
-1.990279690527281264e-01
-3.733871184160459933e-01
-1.488656372232035618e-01
-8.776233833510782567e-02
-7.198156819471739354e-01
8.007098773075500553e-01
-1.637301409041911349e-01
4.853858581773327074e-01
9.469270570144057153e-01
3.906861439274704750e-01
5.839630209144837103e-01
-4.490962505450424302e-01
3.763351165557833333e-01
-2.091689485844980823e-01
-7.549267789063149880e-01
7.748354633529082047e-01
4.986721362576147509e-01
-6.027187537027740571e-01
6.513921813228102931e-01
-9.854223641579418214e-01
3.287818729528084738e-01
-2.828258191250192510e-01
3.624895684213782499e-01
9.176914855646289837e-01
-9.225046150749589557e-01
-9.550626751489821320e-01
4.239455767964139810e-01
-6.597378662055197740e-01
-2.183133898167091136e-01
7.228840615248286472e-01
-8.102310452096697091e-01
8.544684034436698106e-01
5.128426583426564100e-01
-8.512791184397174860e-01
-8.083668051469159455e-01
-9.423771579278759081e-01
-9.334188609663662817e-01
-5.863824784129476608e-01
-8.056809230839421243e-01
-2.985131521167998514e-01
-7.593745284043298405e-01
-8.333950110323675720e-01
5.559045449335664468e-01
7.966762909518538827e-01
2.325248555463916844e-01
-5.204004503648191893e-01
9.862752698928429762e-01
1.201915422049297799e-01
-5.000107334580985441e-01
-2.868483625159266026e-01
-2.172201085140603727e-01
3.465726926549608233e-01
-5.603929380816818906e-01
-2.717624445229318564e-01
-5.834374570354807776e-01
3.653759693967535416e-01
6.322036016525802715e-01
-7.393407765780393159e-01
-6.863060484976013509e-01
5.240352526689344703e-01
8.072876856293491610e-01
3.700715995426631100e-01
-1.359482717196061063e-01
-8.195605728892911834e-01
-7.216842783121981686e-01
7.328315598725705371e-01
5.500007284261141383e-01
-4.703301000752089234e-01
-8.413239309732545301e-02
4.683471570462094391e-02
2.993557569858014134e-01
-3.804686129187473398e-02
5.991213321444861517e-01
2.773502933398153125e-01
-9.728973216429470661e-01
-8.395934247201397582e-02
9.772839671826136776e-01
5.415685451908640591e-01
8.563632874197937284e-01
5.443738218089513303e-01
2.080755991795033566e-01
-6.097229037495006665e-01
9.249184714271674324e-02
-6.955895109485203953e-01
9.315570461163300564e-01
7.207500723297735057e-01
-2.592882457422003295e-01
-3.771345018481471190e-01
8.744794462418470360e-01
-1.755416613275528892e-01
2.718771201973191332e-01
-5.617946338111079463e-01
-5.858275481907293525e-01
9.495750565101079843e-01
-2.088199120937077602e-01
-8.681918796267538152e-01
6.918126148214411852e-01
-7.160696478512942331e-01
-9.652895370911787065e-01
5.771203610234412196e-01
2.668044879180548890e-01
-8.139263344785363508e-01
7.791892279964875989e-01
-7.556081628517117288e-01
-6.444085028451633779e-01
-8.331205287868885812e-01
8.509060017556644429e-01
-5.825208269322557086e-01
8.429183365553927221e-01
1.275161393300416890e-01
-7.572780204432298934e-01
4.921551794161438398e-01
-1.774559888555380383e-01
6.644460203715301105e-01
-9.012672586959880050e-01
-6.794139668059859805e-01
5.479978936319849225e-01
-9.610447419800649538e-01
9.409110434200542716e-01
6.842459804154543690e-03
-5.925678878620685985e-01
7.118441796493732987e-01
-7.970252218616002970e-02
-7.693829056739647232e-01
9.549715819041297848e-01
-1.530200084570401131e-01
8.385018390978093983e-02
-2.755562445038866048e-01
6.560998364994361509e-01
-8.309592946206829644e-01
-5.586353451519521229e-01
-6.891631524721126834e-01
7.179461034277423437e-01
-1.951450828996592612e-01
-2.739907985625755771e-01
-9.462291410627887700e-02
5.791983392742872105e-01
-3.725041773386950084e-03
9.494757154152599909e-03
3.693038745119534561e-01
-1.195807257917493871e-01
-4.757667055558751912e-01
-2.613958953846713396e-01
-9.557365655768044199e-01
9.290220121488721450e-01
-7.153210280874426896e-01
6.335544456895645382e-01
-8.430482535972525504e-01
1.716836217244541718e-01
8.554158410970522652e-01
-6.202744639001882554e-01
-3.362995622878584001e-01
7.637387228804497497e-01
9.654222194850743399e-01
6.896913790248853093e-01
7.162450596080631726e-01
2.310221971773318561e-01
9.605740474737467505e-01
-4.836892369708334360e-01
8.174542894277139204e-01
7.422330485429546876e-01
8.800863444645736777e-01
-8.203574053789539633e-01
1.930870527264363368e-01
-2.729913534174397416e-01
4.383437791215758494e-01
9.485542950084244751e-01
1.824307529890458746e-01
-7.111639608063227147e-01
3.601773674073169840e-01
-6.261426293361127549e-02
-2.411425922784427023e-02
-9.768574647601502292e-02
-7.904659230429376127e-01
8.619518477436962645e-01
-4.721460503515189089e-01
8.571895061963397122e-01
6.734276661792191199e-01
4.447106011533843439e-01
6.226441486979661377e-01
-5.081380796964813928e-01
2.719913062861845088e-01
-7.017796704426744192e-01
5.199484924463366742e-01
5.281690467565791636e-01
8.215022280076540451e-01
1.055799181603032100e-01
5.815592589946778634e-01
2.653839540489071336e-01
-3.843589312447304174e-01
-5.961296431026230636e-01
-1.876218692153475143e-01
-9.057604635273626137e-01
-1.348308607996826503e-01
-1.904743124424124190e-03
7.357102035797464801e-01
5.562509701952922381e-01
4.908124276132528330e-01
-9.787101800691577758e-02
3.408884066150141834e-01
-7.512174366960595595e-01
5.180773395893460975e-01
-5.509369964301682465e-01
