2.451228029919544360e-02
-1.309773535957947932e-01
6.221310252066919455e-01
-6.474158594435722724e-01
-1.376497296426276717e-02
1.929986384952563139e+00
-8.879581157029039495e-01
-1.912631422547368176e+00
-3.706713966312761288e-01
4.885274423247043529e-03
6.703512434254661478e-01
5.383242436889523752e-02
4.240241808813325353e-01
-4.174178104688206492e-01
4.176543441106297383e-01
-2.718110197432769271e-01
7.740964123066285119e-01
-9.468055738613048167e-01
-4.909941972369349372e-01
5.535506718246985258e-03
-1.195688475916693250e+00
-7.724352028999903474e-01
4.074909959947210503e-01
-6.706477525077847446e-02
-5.529267004362304894e-01
9.728367172747220959e-01
1.588883523672918741e-01
2.651853117850583308e-01
1.809007681616241481e-01
4.969903244326445702e-03
-5.554107509657870700e-01
-1.367730291647614616e+00
-4.389015341112845192e-01
8.536136938916325523e-01
1.017646752873880844e+00
8.140581111727502872e-01
1.503405854062153935e-01
1.106685233482847863e+00
9.438162742904911973e-01
1.558894857688342128e-03
-1.150522291643414796e+00
-9.143154816412896180e-01
-2.538288647648334617e-02
4.344271649466427965e-01
2.127435323202525819e+00
-3.897869820939396657e-02
4.942805804318168850e-01
-3.100861224023796492e-01
-8.679998649650827458e-02
-8.259824903841362920e-01
8.512392806076616303e-01
8.975833075062762401e-01
4.326634555940158111e-01
9.940170464257075400e-01
-5.685906766686322777e-01
3.249772129783035091e-02
-9.494757557530467684e-01
2.361745030200350648e+00
6.666834788871731643e-01
-2.228518649684230191e-01
1.943916537836136438e-01
-6.300090826689890289e-01
-6.363327698761593876e-01
4.218566011434752294e-01
1.623179717846628733e+00
7.398316611396124065e-01
6.347847967951666392e-01
7.481760355536020146e-01
-2.358893560295775016e-01
-4.121012736970581236e-01
4.452631913144855513e-02
-1.415854567785121532e+00
6.061737792190240448e-01
-3.671793424493828839e-01
-9.225074268907489383e-01
5.681265478954917736e-01
5.685328373954745551e-02
1.089276879552164790e+00
8.483270349877947147e-03
-3.932404133252559997e-01
1.292900530602186127e+00
-1.327428628153338064e+00
-4.462403741110185784e-01
1.825456258760817629e+00
-3.295887063706769426e-01
5.658560912617693894e-02
6.021969600653088728e-01
-1.066394785096704823e-01
4.054641723374592388e-01
6.850849564826759774e-01
2.881337393383811563e-01
1.061548114384638142e+00
7.350682226112779105e-01
1.109996859539635894e-02
-4.499088682405283368e-01
-6.775033053225949509e-01
-8.366418837026836641e-01
-6.536632449077381946e-01
6.171749698421912234e-01
-3.576324771628276444e-01
-1.487109209710405278e+00
-7.723112689310887014e-01
-4.459096305170868746e-01
-2.053360897676477226e-01
-3.335082957958040439e-01
8.757308043863079039e-01
9.163762291482338007e-01
-1.104590669883695586e+00
-6.177110627184925207e-01
5.256903699986124057e-01
2.035634376091582654e-01
1.084049288162200808e+00
-1.507257357113024554e+00
-7.223327800330621162e-01
-7.159862872788647081e-01
6.302570832643336618e-02
8.677970028963766236e-02
2.161258359286343467e+00
-6.115230203759737249e-01
-3.643731185346357204e-01
4.819535916949303778e-02
3.072045025788636696e-01
5.924609598112741127e-01
-7.527219265387885550e-02
-5.085827669121567585e-01
-1.140092482164739796e+00
1.136606083709048809e+00
-4.109338213949444985e-01
-1.681168206966541234e-01
-2.231629664222090526e+00
3.425460173843448697e-01
-2.970649964677796184e-02
-8.611994625581176344e-01
-6.278165601448583433e-02
-3.206335461819232346e+00
1.823072358398521997e+00
-9.465179243667870557e-01
-4.206643168908923980e-01
8.776747970759368744e-01
-5.161655076910651729e-01
6.737660051296818775e-01
-4.464952465862320752e-01
-9.049990216526695441e-01
1.182377889973056817e+00
-4.043021982541354364e-01
5.542998616991272609e-01
9.685086685616564051e-01
-5.347450320899433951e-01
6.492686863960992483e-01
2.390719401821170820e-01
4.332445248010468042e-01
-1.177709103147356329e-01
2.627159625042895241e-01
1.390384566119211573e-01
2.660710202127370971e-01
-1.149957515689013610e+00
7.620154765221555104e-01
-6.465851836565935651e-01
-7.286843654638075485e-02
9.942735358816259250e-01
8.587848935702735442e-01
-9.187534021114742711e-01
-4.961196629326983243e-01
3.087257542146995881e+00
1.842174191519561299e+00
-1.299050467404172515e-01
-1.753930352487650612e+00
-7.598731817798709542e-01
-4.957799270078633858e-01
-3.101057931195573825e-01
4.766856257779178430e-01
-5.250444034950768613e-02
7.694179151097599867e-01
-7.886292209334975212e-01
5.075406402440836295e-01
5.742118843164896180e-01
-6.075204251699950486e-01
-2.632711016862687714e-03
9.331587277328812213e-02
1.953528324474920197e-01
4.991324880590082280e-01
1.170341209238837665e+00
-1.490800604028691412e-02
-1.546619681774479282e-01
-4.712865728864137349e-01
8.014474233597552733e-01
-1.058303525227110242e+00
6.922661639304663606e-01
6.530645642460917166e-01
1.628967253646302904e-01
5.624037343997955185e-01
-6.957450950616901331e-01
7.505396987381269813e-01
-6.459371593504200648e-01
4.561241901085857364e-01
2.979040731552997645e-01
-6.555652752140339601e-01
-2.713707113734410425e-01
-1.216819401800363964e+00
6.797486741199363358e-01
4.847266643529860586e-01
-7.743382173389896650e-01
-2.415650169150729554e-01
-6.200769232978668999e-01
6.537311383847832502e-03
-1.032503186759591518e+00
-7.721775404751110017e-01
-7.980056574391993784e-01
-8.548101106716217146e-01
-3.887342948838155010e-01
2.637400632761333075e-01
9.215478746173340063e-01
1.615826832547770264e+00
7.373269598997840291e-01
1.588051766196561410e+00
8.781612496110486887e-01
7.179819600064892837e-01
-5.147696282381719612e-01
6.060337704041738327e-01
5.146774462735947964e-01
-1.153924095922889137e-01
-1.490166300559329526e+00
-8.359933851864937981e-01
-8.939248367956760255e-01
-4.087171746464277611e-01
-5.053799500602779160e-02
-1.858645836138280716e-01
-5.204457731534134490e-03
-4.761342989623220667e-01
-4.323876199193822378e-01
-4.434701366257460808e-01
-2.551462187482282928e-01
9.146645042923995383e-01
-1.199408797143473038e-01
-1.014181264387827852e+00
-6.325323809660370333e-01
6.394579448748887174e-01
7.888024094670975650e-01
-4.105467229517406058e-01
-4.094102528308876665e-01
-6.685248038663735848e-01
1.156853900199217744e+00
-6.951268163408139689e-01
1.682607610309918122e+00
8.769390521902242774e-01
9.466560519472950741e-01
-3.140419564186209822e-01
-6.966921627012092610e-01
-3.390940325104521147e-01
4.999690428754763882e-01
-6.721390073570582269e-01
-6.567110330414216435e-01
1.997185747451117044e-01
1.164207311881691798e+00
-9.946202855826268285e-01
-1.129183586513080595e-01
1.419377197153123049e+00
-1.210794578491805940e+00
-1.314184855095710702e+00
1.652786859584042256e-01
-3.200839942726201315e-01
-9.273314878184339971e-01
1.243078705636506687e-01
8.320825662315762816e-01
4.043559097846169403e-02
