-8.913712205603869787e-01
1.142536837071441158e-01
-1.506489704108358918e+00
-2.080131232591862389e+00
-3.513977545673481195e-01
-8.002237159874459049e-01
6.842205059471297979e-01
3.292823929589279164e-01
5.532475383462942542e-01
-4.796896599568567510e-02
-4.430848888422365128e-01
-3.497587726747516390e-01
-8.003141141260938785e-01
-1.729798521854880589e+00
3.884235094548253442e-01
1.539528391552018594e-01
-4.082822205881093680e-01
5.836750924458841139e-01
4.877375829241751837e-01
2.002632430001191732e+00
-7.887287435940537605e-01
-1.418789226248099444e+00
-1.935882673314963665e-01
-6.264851817653540600e-01
1.982453283374603359e+00
-1.272437671834429351e-01
-6.014411588168353529e-01
1.029033078648299515e+00
-5.842667580418203777e-01
8.114384614661238615e-01
3.539097377917487797e-01
-3.266135975320827445e-01
-5.684189847443443799e-01
4.141059653031198273e-02
-2.158776483712063765e-01
2.111465011363784505e-01
-1.176267365313542923e+00
-1.608576215657469888e+00
2.289990265990694773e+00
-1.719901457051939753e+00
3.845549508323016230e-01
6.476308510724333445e-01
-2.806569767807469695e-01
-3.945704843137458617e-01
2.282563090774289982e+00
-1.181173158783612509e+00
-8.129394597278282175e-01
8.536086316308029165e-01
-9.886580046261619903e-02
2.101348143248031319e-01
9.633729854813153359e-01
5.265605361074143786e-02
6.858558050254155436e-01
1.911911457876103615e+00
-3.010187307980527471e-01
-2.694980276975457167e-01
7.802342113169865589e-01
-2.317202235476689687e-02
-9.960373966642301902e-01
4.967021283862956826e-01
-2.041507275563529955e+00
-9.872155835730875850e-01
5.746951717591186615e-01
-8.636036808057587777e-01
8.944219717639600997e-01
1.169874273601971826e-01
-1.320758400626347306e-01
-4.115296470721526489e+00
-9.016356076124395491e-01
-9.593962729153320268e-01
9.159262521572799631e-01
-1.251951287903057430e+00
-1.288605385057272623e-01
1.196865516364117310e+00
7.897115004878287881e-01
-3.997315038677202725e-01
3.224327749914048247e-01
6.832618946689417161e-01
-7.217490899844221097e-01
2.024602367860453001e+00
8.025339117242035192e-01
2.013414466332718034e-01
-4.657593007088688120e-02
2.143668440252937124e+00
4.733502150693877919e-01
2.233633078190863763e+00
9.602536135372638504e-02
1.641525643275956625e+00
-5.205524858594567927e-01
-1.077144886407113367e+00
9.624165261198913690e-02
6.031157400527848989e-01
3.235413698305893426e-01
8.733681869697267341e-01
5.026356218741806492e-01
7.345045777111414154e-02
-1.989256326040564904e-01
6.177634111651517657e-01
-1.122931836433585628e+00
3.054885555342041759e-01
5.303444969806601073e-01
5.834264871005314657e-01
1.830494496879836452e-01
-8.905956814839931512e-01
6.719999595462489150e-01
-4.605266823767937279e-01
-6.171452461712663151e-01
-3.308349326562450288e-01
-1.318411528483227846e+00
-6.518101628225486666e-02
-5.210787310590032639e-01
-1.100484514859491725e+00
-1.391963490864322583e+00
1.565368314293046126e+00
5.804589523978647136e-01
7.651401099963881514e-01
-1.032833567752062809e+00
5.299687446234104815e-01
9.287422526116124732e-01
1.083600899996677747e+00
8.473939019770546643e-01
4.921783589453305741e-01
1.060828935338165024e+00
2.608380782980339596e-01
2.025374129268792123e-01
-6.401607770993875679e-01
6.307024537402761144e-01
2.609008917309839359e-02
9.344083158657077171e-01
5.399809373766801812e-01
5.754432947121350672e-01
4.520474397330694893e-01
1.148733632551669492e+00
3.787247471598953474e-02
1.049487271839907532e+00
1.180882049567935077e-01
-9.736919161910950749e-01
1.850183144600094254e+00
1.454985278786262048e+00
-1.309933832598170422e+00
-2.304165055467326084e+00
5.298853604729343303e-01
5.701283039302822431e-01
-8.623439041090519286e-02
-9.404952445743663958e-01
9.358015464759519286e-01
-8.106463486719062139e-02
-1.239531947931854505e-01
-2.571854700289173401e-01
-6.871752047861385826e-01
-1.399839962991960007e-01
-5.231903997263742667e-01
2.821542107924304155e+00
-6.835868425867808185e-02
4.695346534903751534e-01
-8.655002623376404358e-01
-2.480360973512982792e-01
-3.166205800115717839e-01
-1.042569911865054433e-01
4.225963976678779321e-01
-5.637797130184740713e-01
-1.919368939570494370e-01
2.659018980540983623e-01
1.708073773790767635e+00
3.863739175322078445e-02
5.510904012704724853e-01
-9.423289392101312778e-01
-2.074061406927950379e+00
1.921542758398341100e+00
-4.979937029688779049e-01
1.998093725044183810e-01
9.960818176510406463e-01
1.212622821597991063e+00
9.794764637066439850e-01
2.651977644175425031e-01
7.428456244954068088e-02
6.834119698757419314e-01
4.598506371610945331e-01
-8.189780827167758570e-01
7.173221812700356637e-01
6.960754313271679816e-01
1.263666146357997899e+00
9.359152296892565559e-01
-2.888311783973391833e+00
7.209783879465823109e-01
5.351442866957452360e-02
-3.899299830044959947e-01
-1.102058335032440328e-01
-1.462877981052408405e-01
2.204764151893816138e+00
1.727251644926854457e+00
-1.129107793034955787e-01
2.759629394547021608e+00
4.254799624987196660e-01
5.155191833018087921e-01
2.009780275600447919e+00
2.501965225317059893e-01
9.447693277932134315e-01
-2.477533606714339420e-01
-7.201751462363977785e-01
2.276470574996893870e-01
-6.921119350467439535e-01
-6.007801908933348978e-01
-6.909272765617486822e-01
-2.878201663358711748e+00
-8.929277552326444489e-01
-1.244550192463886429e+00
7.264111209887118559e-01
5.797421994321082517e-01
7.162775812120658614e-01
8.596072821045739332e-01
5.751602304619463091e-03
-5.723098679554561308e-01
1.052254753762809969e+00
5.921256000672283637e-01
1.552443370090034636e+00
1.485801030821338742e+00
1.249267853265557005e+00
3.980498392323237322e-01
-1.215635303582401239e+00
-4.924795768549536934e-01
1.663055969755079300e+00
-6.597768309269702591e-01
-1.804025160852062992e-01
2.374923447934280674e+00
-2.407204031622657281e-01
-4.778323269261002260e-01
2.822255321909301617e-01
1.823503772320039351e+00
8.676174278688056352e-02
-5.591425857426686186e-01
-6.481307324433741579e-01
2.467211651133494055e-01
7.006482391486610339e-01
7.203918035444090151e-01
-7.113830479833505027e-01
8.120285963337834367e-01
-4.593343822927145048e-01
-1.210465057822559753e+00
1.046183952409123652e+00
-7.015859967890427651e-01
-2.655560257024185966e-01
1.596040743184901967e+00
-1.066433437940399243e+00
1.340318067761591125e+00
-9.820059849230582394e-01
-1.615011291478381850e+00
1.528835655587259756e+00
1.095564530720185559e-01
1.607320506143611327e+00
-5.284625467433892165e-01
-1.180193414496288895e-02
-2.778138924879292038e-01
6.170728462620620469e-01
5.396108868410356418e-01
-4.866738992554875409e-01
1.775897212490131327e+00
7.425588180105702207e-02
-1.018473617486143512e+00
6.448971392926492463e-01
6.782953957812538626e-01
6.350222830857350509e-01
-1.162837773218040383e+00
4.329444242969597845e-01
2.252498509980236818e+00
