2.807404692479475994e-01
9.998738599090124524e-01
7.080267016918833090e-01
-3.881988220672816237e-01
1.740584046468003354e-01
9.886792485146091991e-01
1.350703004849760358e-01
-9.264556505375525219e-01
-4.710840055894536249e-01
4.126995199048135721e-01
8.055913971564023779e-01
-5.282695850354190981e-02
-4.096820447159832401e-01
-9.161555996338848207e-01
4.534414333722387447e-01
-4.989643776112617779e-01
6.261947331164350317e-01
4.912892692738066724e-01
-4.257338724005526043e-01
8.729823426442702150e-01
-4.116539391782343404e-01
8.632050902600161280e-01
1.372572880661893091e-01
-5.457201112830034617e-01
1.147756655711031915e-01
-6.648723754696466148e-01
2.114027580758071068e-03
-7.732610698311535025e-01
-1.094605982256879884e-01
-6.373798461791695402e-01
5.415717960006756204e-01
-4.309932545063985820e-01
-2.707860857148212119e-01
-8.765268340537850644e-01
9.498662110675313297e-01
9.975233815630921708e-01
-4.092237816552453111e-01
-4.497874639719774414e-01
-3.326728987995846154e-01
2.481483465485569972e-01
9.903662580413443717e-01
-4.699923880811114341e-01
1.345166790461516104e-01
1.238645689909441128e-01
-1.319414848762805459e-01
3.180065242110741153e-01
8.501398118014158456e-01
1.739533413848233234e-01
-5.817008647418433487e-01
-6.394562413483384500e-01
-8.450878579464031759e-01
2.920698871799287666e-01
-2.859503596008967641e-01
-5.421807434937293557e-01
6.659721835819885083e-01
-6.069308924653931125e-01
-8.089535373843121935e-01
-1.307870527117869219e-01
6.634873476350406918e-01
7.006863024109157845e-01
2.733317031374005168e-02
6.083772984903239589e-01
7.200324673514619800e-01
-9.458432621780958893e-01
8.274995541926619680e-01
-9.431822008770931465e-01
2.442469012024606201e-03
5.315645378116653497e-01
3.192141086957676066e-01
9.724092862719733166e-01
-1.966189875984878377e-01
8.654612056814314780e-01
6.546593310002779553e-02
-5.083831574381092455e-01
-5.610606578739270045e-01
5.406935980990599244e-01
5.992357876864531363e-01
6.324760110297493743e-01
1.369909761875320875e-01
9.695813915705411290e-01
2.380791914429754019e-01
1.237001679792593123e-02
1.441552175802165436e-01
-2.790137930165603741e-01
4.245237297153019451e-01
4.451162203079295221e-01
-6.050624957848271812e-01
2.786502055648276688e-01
-6.144893008342027230e-01
3.504098770245902550e-01
-4.262263036833104923e-01
1.481425768323296754e-01
7.147423837416366776e-01
-8.610101712540956242e-01
7.554524899658654480e-01
-4.952692150028994433e-01
-8.273287607133879007e-01
5.765952148866493321e-01
-4.661529917986899640e-01
-8.867769552550095469e-01
5.779325317055366007e-01
-2.537524776663591108e-01
-8.877207741734043367e-01
-2.322288931500167131e-01
3.315098352135024129e-01
-3.317279627358831195e-01
-2.056023623410476731e-01
4.477204327216897095e-01
-3.064005962602067701e-01
-5.628894314240839858e-01
-6.791254114926632557e-01
5.122539585079590729e-01
2.632284100542756633e-01
-5.372216871229629209e-01
2.312854729743296645e-02
9.732383198248018008e-01
9.040577510136174055e-01
-1.362492512077537743e-01
5.459876694093899197e-01
-9.822215770894475728e-01
-9.973457569433810121e-01
-3.311508591658052225e-02
-1.404606385038569272e-01
8.697586494420765924e-01
7.411721365163403963e-01
7.166969688397235583e-01
-4.162300988349600939e-01
9.431391366862522663e-01
1.838377129772927887e-02
5.627284707806452513e-01
-4.214746106016853400e-01
-5.998039143008861984e-01
-2.154823029275876323e-01
9.254005727789724745e-01
8.925097471585596853e-01
8.635096265959301132e-01
-8.800208290694657709e-01
-9.330800688855831471e-01
-1.745543767344892583e-01
-6.377547192236998619e-02
-8.286367503402622958e-01
-7.355434138569498792e-01
5.687387286014089494e-01
7.078897329057727283e-01
6.261050838557187248e-01
6.724093166082150130e-01
-6.105868217517056440e-01
3.834464718870669309e-01
5.956361083080847774e-01
8.660064145263219881e-01
6.713053028744047079e-01
1.980808626683185913e-01
9.460021437959920121e-02
-8.272984283464346333e-02
3.105197720116879001e-01
-8.744037810959774948e-01
-6.114460254316691490e-01
-8.271329727392306985e-02
2.713157937211521098e-01
6.150753432934936704e-01
8.127186010811948691e-01
7.873753018610845089e-01
-9.842020466108907240e-01
9.486533529960865518e-01
5.365872524251984466e-01
-5.229626443366235389e-01
-8.505790394017358480e-01
-5.093947215264844619e-01
-8.316411727877064397e-01
2.793100340621703648e-01
-3.955795751850155195e-01
3.346497193477255827e-01
5.494987327954039547e-01
-4.513825298671216846e-01
5.476856960408928998e-01
-1.426315716091219876e-02
-2.975118101874587584e-01
5.884844611415798177e-01
-5.393951051381928874e-01
5.904015077835100822e-01
-6.901379374928435784e-01
-8.357933441305827049e-01
-8.681661363915957885e-01
-1.924564708058373874e-01
-9.988904185503022504e-01
8.396431109796325121e-01
-4.584076426102607904e-01
-7.749675434785985306e-01
1.260200678438925248e-01
-6.165388040428507743e-01
4.801962636953720498e-01
6.000885173943641959e-01
-6.262216093354078250e-01
-8.894401308865695910e-02
-8.145610103408915670e-01
-1.392234426732879005e-01
-5.783732843228861498e-02
-1.647508012426857071e-01
-2.720105073042742294e-01
6.077731151169585289e-02
1.996669990596202648e-01
4.589647507993732667e-01
-8.609750371063336072e-01
2.656467128171933201e-01
3.574283467354733013e-02
-7.115600590865640562e-01
1.020793398041957012e-01
8.131743297693072581e-01
1.605906333425026755e-01
-6.290192970782650939e-01
4.529340951309892560e-01
7.742430882899720146e-02
4.841309079194671128e-01
-7.047608136623197961e-01
1.797585705719684235e-01
-4.770600411586825018e-01
-7.421131421796196559e-01
-7.907637219217891200e-01
8.593839328143118017e-01
3.964973377922103026e-01
-5.867416599702985902e-01
-7.678079778444639736e-01
7.402320125237733528e-01
3.474251762332793980e-01
3.589517336539094217e-02
-6.588891242076189148e-01
-6.457541222411831150e-01
-7.915848602254471622e-02
-3.236126378610959531e-01
9.308333460707729490e-01
-9.399406641671257390e-01
-9.802384829803618693e-01
5.067472855003434251e-01
-5.746377767212322851e-01
1.713199083572110037e-01
-3.760644916309867636e-01
-2.884958842223086517e-01
2.673664184415660561e-01
4.330793437697748605e-01
-6.972552811445200671e-01
-7.682392031954992095e-01
6.046206833578102735e-01
-4.019300591399348477e-01
3.261086194792359727e-01
7.179484660808546082e-01
-8.666331317911810661e-01
8.047599897322108564e-01
4.071605942445790660e-01
3.660474865659779642e-01
8.107509308451923413e-01
6.282157603473514929e-01
3.867773702101935385e-01
8.695469825699495559e-01
7.970065130859260716e-01
-1.360979117009906147e-01
-2.866221460306166424e-01
4.387178687756554396e-01
-6.180088056372250449e-01
-5.716799150988267630e-01
2.125201276126122973e-01
-6.420008020730796350e-01
9.952991490895466420e-01
-6.768186654043071293e-01
3.621314417828704890e-01
3.543052608456687125e-02
