7.360623120125013852e-01
9.302138766010141779e-01
7.481004208954857848e-01
-4.464027036055364661e-01
-5.165489570555790166e-01
6.319505151322368786e-01
7.161173367703350667e-01
-6.569710543690665538e-02
2.802485154929701405e-01
3.869343407753818020e-01
-2.914591450673063022e-01
5.446420988817495257e-01
-3.733177399430078758e-01
-9.885804104990458807e-01
-4.212203531292912917e-01
-1.220021332359355171e+00
5.880944338954460227e-01
6.537121469707276589e-01
5.831751489137242395e-01
2.444987364219131099e-01
-8.251974006041205012e-01
3.285508164069719239e-01
7.071262342490736152e-02
-9.822157046182724560e-01
-9.500792969939455546e-01
-6.362941064054390417e-01
1.738396708160543369e-01
2.050791782695815524e-01
-8.455665082417285205e-02
3.428563436158382771e-02
-3.478938742169710441e-01
-6.708754669270455828e-02
-8.783318100072978751e-02
6.039782753518094793e-01
-5.085953441251374052e-01
-8.968920596539526890e-01
2.161747409428980138e-01
2.526679635441286820e-02
-5.753999993312126637e-01
4.109272428935502042e-01
8.532672853739640129e-01
-9.562358369136960690e-01
7.359130572375409685e-01
-8.673108730062244476e-01
-5.829905623367315215e-01
-2.538887909495814998e-01
-5.230869106706317329e-01
-3.812337913127006317e-01
6.320122344859511188e-01
3.327743311900892564e-01
9.713280354725266630e-01
-8.124768575378007451e-01
-8.512044651392791650e-01
-9.926139461065085490e-01
-9.850195061962292442e-01
-1.301612895033190664e-01
8.400181115666740528e-01
8.192982893231868236e-01
2.841110123410537369e-01
-5.398801154101857680e-01
5.687249714676543277e-01
-8.015383487807450358e-01
3.342962923199266356e-02
-2.940621093912549888e-01
-9.789221554840235040e-01
1.172457210017774143e+00
-5.735908589273535085e-01
9.299435069541912569e-01
1.240025688295861350e+00
9.130360416642355759e-01
4.269518805000867001e-01
-2.793015190863548103e-01
1.267019837303100527e-01
-8.514547709550295274e-01
-9.036650151381462326e-01
-6.838088184833757133e-01
-7.995512740108454697e-01
-5.945526870968731448e-01
8.440421051805933050e-01
-6.452680122837557430e-01
3.518922927646861432e-01
-1.085548136627525251e+00
-2.094161361406171373e+00
-2.482473488625203117e-02
-3.874796835760030422e-01
-9.268733380073428396e-01
-7.417517763926140262e-02
3.058521795237203467e-01
-8.192709702499627600e-01
5.590764594236130591e-01
1.173785215722100705e+00
-3.548754062004222387e-01
-8.905623036913716817e-01
6.014214364404146806e-01
2.608194370141364571e-01
-4.271652934413923131e-01
-2.551097207156387547e-01
9.875464537659621733e-01
5.863854873419205305e-02
4.516248985612514311e-01
-2.334478925360743418e-01
-9.877380713716923388e-01
-5.505037974855131466e-01
2.320064530698817684e-01
-6.348718137373521309e-01
-3.651083722637191720e-01
-6.279433422057181247e-01
5.572596541238195034e-01
5.167972985885858073e-01
2.566403926146554326e-02
-9.409796132014900394e-01
1.421868503726664068e+00
-2.062838099507444678e-01
-2.079442941437172898e-01
-7.888779027123286047e-01
7.821373758351286565e-01
-1.155077261260477606e-01
-4.725609463079827322e-02
-1.529388442454613362e-01
-1.197325000934088557e-01
-8.356995579305239730e-01
-5.429833613387211599e-01
4.059093032262339751e-01
8.080144063251828435e-01
-2.270007384580954302e-01
7.885648515912750955e-01
-4.839926372779019825e-01
2.666706357889303547e-02
7.775779347402336228e-01
-7.599608414493121966e-01
-5.645249526815325769e-01
1.957771812655905164e-01
-4.630490378472595925e-01
6.666009463855977479e-01
-3.747286003561625112e-01
5.220333321159571494e-01
7.909323332800530792e-01
-8.069322359018287205e-01
-6.588809689823110771e-01
-1.381917019735683372e-01
2.768110831757231161e-01
2.895468767202993288e-01
4.909491076701535395e-01
3.135832401813387627e-01
2.735689278431781002e-01
-7.375357251582033147e-01
1.031497062324704395e-01
-9.841618880073537134e-01
8.412984809123458252e-01
1.228598864962164861e-01
-1.124441036861852705e+00
-1.479999767303084468e+00
9.923675822573683192e-01
2.562529571107423632e-01
2.680964926815576632e-01
-5.451509557038114462e-01
-6.562247492647612646e-01
5.416650169002252824e-01
8.614191353633811055e-01
8.387026346582939773e-01
-1.928144694875864040e-01
-1.225188047930458879e-01
2.386483841701680930e-02
1.140554500098067692e-01
-3.447893951456639794e-01
-9.019563939897579097e-02
3.444049405764959548e-01
1.994412762606772027e-01
9.596730860323814394e-01
-1.189633371149534380e-01
-1.412641093952071714e-01
1.225387792281424915e-01
8.807168439684436301e-01
-7.742642471915783808e-02
-1.022476171640656073e-01
8.527353256420755478e-02
-4.246681058753873916e-01
1.805713826167609781e-02
1.622266281008826194e-01
-4.373083079653323768e-01
-5.454687065919501254e-01
-1.511234783239724822e+00
7.821971426587841503e-01
-4.281013309257903909e-01
-5.617365746575619934e-01
4.694153650732282301e-01
-9.982747090876077367e-01
-6.456624381393454293e-01
-9.169134630577400191e-01
-9.938557993244017119e-01
-8.921109003193044007e-01
-5.034954714790844665e-01
2.610058661991645490e-01
3.754626122316078174e-01
6.947596369425594887e-01
4.362114248609216816e-02
-8.164417221439053129e-01
7.804628522360634868e-02
5.271498681971442668e-01
-8.860498572203678869e-02
-9.580106691366081506e-01
-7.268175121442144171e-01
1.637536332612827827e-01
9.507453406063210988e-01
8.226670728443254976e-01
-1.353765620432991756e-01
-4.879259133827231754e-01
1.896356396694685031e-01
4.109298841251329826e-02
-6.971364615865309755e-01
-1.447143788830793865e+00
8.332225576852756443e-01
-5.965681327682230695e-01
7.996533049322462894e-01
3.612646971405748531e-01
-9.383823444291448101e-01
-1.951571464073522666e-01
4.532384240532807418e-01
4.896480508394394082e-01
-2.196350851340969079e-01
-2.112702415383667098e-01
2.436559019569524143e-01
9.968302298556892538e-01
-1.190395223212922016e+00
5.117576074508676243e-01
-4.243534807112294693e-01
7.556304897561527678e-01
-8.605700939879978861e-01
2.790852039791054118e-01
8.814069352154321191e-01
-1.245608428465700968e-01
-9.238912002329355833e-01
4.814029251192183945e-01
-6.075869315946142990e-01
-8.489088821816737074e-02
-7.422307259619553843e-01
6.956680697868440344e-01
7.970140130888208052e-01
5.178298163970229684e-01
7.081822166974593991e-01
3.973263730152498674e-02
8.331259102480177425e-01
-7.905437289431127557e-01
2.836199036517050853e-01
8.612096492736494024e-01
-4.060458268093156686e-01
-3.672555209452776914e-01
7.481327011237934865e-01
-9.653102730326112990e-01
-5.357172185906731166e-01
-2.033641217200155005e-02
5.794997922877789254e-01
-1.640144086332042672e-01
9.239097766169857007e-01
-7.395045496815533248e-01
-8.777316913098394124e-01
-7.503931637501495278e-01
-5.211135556921923095e-01
8.403789333689939411e-01
6.991673206893180836e-01
-6.312926505204778937e-01
-1.905372452410980522e-01
-2.384853504025521431e-01
5.641019526436867881e-01
2.642298157387599211e-01
