-3.925018471013528298e-01
-7.727421502844699086e-01
1.764133786523890413e-01
6.884767898467896163e-01
-6.852914138485740603e-01
-5.412972792118375676e-01
-6.089613019299002783e-01
-6.504737636292586833e-01
-5.736052592721476717e-01
1.885433017230287722e-01
-2.931350719240224945e-01
-6.426609700772210054e-01
-9.081906754043788110e-01
-1.423637382017614028e-01
-5.408731424846562330e-01
8.743900294576104626e-01
7.099385067063190835e-01
6.131869123353672624e-01
1.654278977740520351e-01
5.738688720915692265e-01
-8.661765125848167601e-01
-5.722857613599474647e-01
3.976269573254210266e-01
5.151761018587514007e-01
9.757005249032205674e-01
4.400514716626103828e-01
-7.673987206790973126e-01
-5.765790018480124735e-01
-1.689565838976305467e-01
-1.037378253951388052e+00
3.233132727631801706e-01
-4.693589353903750427e-01
6.490577146558361710e-01
5.281990242774124988e-01
8.647174625622230382e-01
3.870347336191543586e-01
1.011486120875056738e+00
3.371294447496314683e-01
7.906564186685323126e-01
-4.927494771182981403e-01
-7.532546868108846994e-02
4.474161650959402881e-01
7.191913253164140540e-01
-2.162030558764682642e-03
-1.657090405344026351e-01
4.462023615117622355e-01
6.516560779332041253e-01
-5.300319312330860066e-01
-1.017778033621502543e-01
-1.740457438328238127e-01
3.374118574344546762e-01
2.541109844056002043e-01
-1.232486380190212616e+00
-5.096991416908047690e-01
-3.117218888493981654e-01
4.271383197778241825e-01
-5.296938093808100101e-01
3.382125485027235451e-02
-8.033038493502560051e-01
-3.306412801301560345e-01
5.497777269061354666e-01
5.158986821594473415e-01
-1.137481982164548544e+00
5.201006473754340442e-01
-3.923410349299267241e-01
-6.813237775361609128e-01
-4.300342533200003370e-01
-4.567843070386878312e-01
-5.738393456666001091e-01
-8.585157590126855087e-01
7.845730375012553992e-01
7.775712586626384315e-01
-8.128082671214585941e-01
6.975338654583933540e-01
-8.325583315725098021e-01
2.966842051668281410e-01
9.219704696841833913e-01
6.126023073056718893e-01
1.067672743988564293e-01
-6.413577179266072292e-01
4.797090705272770150e-01
-7.228535067953705262e-01
-7.831210383901470173e-01
5.332540764152513546e-01
7.733741409507814968e-01
-8.020054751053603548e-01
-2.934699925065555881e-01
-4.091452689801131637e-01
1.121994480429007041e-01
-6.004239777857294236e-01
-6.180603694219046762e-01
1.069669648745926946e-02
8.885626849483065914e-01
-3.365739904003274829e-01
2.750045360070308420e-01
4.504981058005729788e-01
-3.230525322018044099e-01
8.094966578310669458e-02
-6.126582897598293886e-01
-1.475626538666770515e-01
-8.419896360798707624e-01
-7.166761745838817754e-02
1.099027581331721404e+00
-8.832837723620796944e-02
-7.877126025499757711e-01
-6.305235547610432700e-01
-8.297805904145923173e-02
-4.555585422697234765e-01
-1.604673969887886187e-01
8.852114124883314616e-01
3.759345778373252012e-01
-8.169255481598185487e-01
-3.476713880102385024e-01
-5.057811383799344362e-01
-5.853173539035613215e-01
-4.604810741678492247e-01
1.959122285602604985e-01
-7.270332070558702120e-03
-4.834078192162496457e-01
-3.573657830917326139e-01
-6.424176489941184620e-01
5.923720934640692715e-01
6.975804917683167128e-01
9.344844774240421148e-02
-6.432159978018098245e-01
9.657158668010644709e-01
-8.291941942425453682e-01
2.259206182991251310e-01
2.246816544939606031e-02
-2.199080329697534752e-01
-7.877227918310341082e-01
-2.451037301504855048e-01
-2.953764926782153077e-01
2.833131562256081537e-01
6.801283128273953871e-01
-1.081953389200055460e-01
2.078982882118085573e-02
7.350314467459734269e-01
4.635630810325109263e-01
-1.002592289431780137e-01
-3.539568628834761088e-01
5.536275532027171709e-01
9.012208267436682130e-01
-3.602282951876754902e-02
-1.488895355983526625e-01
2.614245852192310648e-01
-2.129783474449054581e-01
5.174520510635902681e-01
4.440786828330804403e-01
1.168364720639797211e-01
-2.744508189587859803e-01
3.781549554344103004e-01
6.209891466499234403e-01
1.934845326868139537e-01
-6.006875457877119961e-01
1.563207298582997007e-01
5.500089088877794241e-01
9.092224505104417043e-01
-8.082598827804713393e-01
-1.041302580898120222e+00
9.424243973246185790e-01
2.899952047791698462e-01
-3.654279777147878550e-02
-7.935530748172778814e-01
-7.050009862464326482e-02
2.987873225647171838e-01
4.546553988568328708e-01
9.559739213626833321e-01
8.120208827296211407e-01
-1.178183518833626486e-01
-1.037450994125612258e+00
-1.968644790721080229e-02
1.644828793200477923e-01
-7.291894341192490803e-01
3.506864627490902803e-02
9.146293377226020205e-01
-1.006276365565500042e+00
-7.454212203589855035e-02
2.766988059804780242e-01
-6.543068635271758193e-01
-6.670906906789277890e-01
3.417213704700943766e-01
-1.786557697211383910e-01
1.464839694892323130e-01
-7.459514669263072051e-01
1.042090980804740274e+00
-2.622232175026054657e-01
6.014997401984499836e-01
7.851067215399986088e-01
-1.030914284857962882e+00
3.662127884248136261e-02
8.617376937115952540e-01
4.736266873686991730e-01
2.569845735159803080e-01
-8.640173198597084214e-01
-3.287997395038294579e-01
-1.160666152346369606e-01
-4.679194567877626998e-01
-7.034245188250279890e-01
7.398249725897723117e-01
2.704217383715875056e-01
5.381895895001728158e-01
-5.879954178635840023e-01
-6.278525180312197751e-01
5.420443475445301251e-01
8.083060258438263812e-01
-3.683788986952676314e-01
5.514619474442838953e-01
3.641318590164703273e-01
-4.663351972286359226e-01
7.354308537623087672e-01
2.717562713707672994e-01
4.709311038425287865e-01
4.312285609709296530e-01
5.809367965857696881e-01
6.202173941721307315e-01
9.440578264876031689e-02
3.399515495193242698e-01
-2.990068116997202097e-03
3.151614724390707223e-01
2.524921544147633312e-02
1.901041949538859188e-02
8.112383740162856238e-01
-5.425688437800355590e-01
-9.102037461949745722e-01
-5.493720267041521943e-01
3.802269046692713927e-01
-4.559793483810692383e-01
7.867164324103742556e-02
5.148214242488875492e-01
-2.024597463731137581e-01
9.209966015010510043e-01
-6.540705120095565706e-01
6.818755229891850789e-01
9.436673514666991114e-01
3.348060005830983954e-01
4.949376418948975287e-01
2.015391112723561029e-01
8.084300138367435107e-01
5.424115513891997892e-02
-5.775435425043066173e-01
-3.932052534531356169e-01
-7.538664084575066315e-01
6.275341273394141606e-01
-5.799635832268442703e-01
-4.372920072200250918e-01
-4.412536166762903167e-01
-9.155201273533751516e-02
6.359545001726639724e-01
8.814024333880606799e-01
-6.975932503341006896e-01
9.245086391630575884e-01
8.575219724309954827e-01
3.544869650982304665e-01
1.022239792637973377e+00
-6.770597396923561107e-02
7.477448724627451249e-01
3.281835856045712818e-01
7.498784826257028913e-01
-3.140874009359643781e-01
-4.154696036586871255e-01
-4.481162723304471518e-01
4.628626953263488275e-01
8.207060487216393252e-01
-6.368095363532043640e-01
