-4.429033317316473095e-01
-3.464603492433699916e-01
1.704129250623827030e-01
5.276247182415296777e-01
-4.283172612205452534e-01
2.052971456886635293e-01
2.145601320867680073e+00
2.621218484005578553e-01
-7.657258757414578954e-01
-1.199858956963497647e+00
9.046190506535962961e-02
1.732294853645683919e-01
5.964208787173055359e-01
7.050746620669126052e-01
1.880913420715411455e+00
-4.067699069249790522e-01
-1.488076366991524235e-01
9.014879875983743407e-01
-3.609126474256807438e-01
-9.831705141311879448e-01
7.004386299977702901e-01
-4.169846798460519199e-01
1.391054116580429545e+00
-6.561790853928631817e-01
3.035574442860298205e-01
-1.223315629210432132e+00
-7.334054348927585565e-01
-1.067793890809162871e+00
6.881474776527052306e-01
5.886380658199490412e-01
4.771971588954584398e-01
-6.346670720637470620e-01
-8.272607932735362990e-01
6.132577692178931006e-02
2.330542567919438035e-01
2.725454926323316318e-01
1.373908974949517470e+00
5.921513564989222544e-02
-7.905880726886793664e-02
-9.322075042522963706e-01
9.587136157822351290e-01
-7.224647968723213465e-01
1.633075681682112590e+00
-6.349843514780034726e-01
1.362190694361653520e-01
-6.711342132491939783e-01
2.580080217946185694e-01
1.157825277017087373e+00
5.240073091857031518e-01
-5.413392093739775035e-01
6.244017235418604095e-01
-1.156629698885220048e+00
-1.639898956203510727e-01
-2.486580403832119868e-01
-2.297342944005325016e-01
6.447538786228019791e-01
-2.792556477170857199e-01
-5.671252182251722562e-01
-5.947373980560575202e-01
1.190281817143416632e+00
-9.401313934520753035e-01
-7.553683910171916649e-01
1.005606724472801972e+00
2.758551544716958404e-02
-3.211060560950602660e-01
-3.111171635947484138e+00
-5.461075014157970031e-01
-5.949835408193874242e-01
7.552265401354796293e-01
1.019581930594003261e+00
1.538870278988255791e+00
3.295089154791590591e-01
-3.815800768200903748e-01
-3.379932204213125235e-01
1.673765699916219152e+00
-3.062864013992528944e-01
-9.097322183959233310e-01
-4.989574958947043948e-01
-5.045293666390227028e-02
6.229718765123146706e-01
2.995419073489226092e-01
7.781405587621712527e-01
4.450799763182100577e-01
-1.447919453863766304e-01
-1.882584033515062871e-01
1.917320379311173717e-01
9.848230446350502154e-01
-1.505471082277365369e-01
8.090552358756268880e-01
-8.025576645550733246e-02
-8.060663474858474897e-01
-1.817886965921632347e-01
6.319595868158014440e-01
1.333611895654659874e+00
9.382101731525009924e-01
1.023198535904270123e+00
-5.526199904698174681e-01
-6.884459263892567238e-02
6.728245675583157670e-01
-4.669745380729146689e-01
5.679039974731108220e-01
2.136213176336390518e+00
2.087132862148586843e-01
-7.265169396684969527e-01
4.223221874470819426e-01
-4.085365659142705663e-01
-2.428575143390465652e-02
2.204027014271505436e-01
-3.535523748312194847e-01
1.903187241532189322e-01
9.035948335406556176e-01
-9.858696573824208276e-01
8.112346383753110679e-02
9.610705369568796064e-01
2.692066425252970685e+00
-8.413126529005481302e-01
-3.161367352042593892e-01
-8.908393814092607776e-02
-2.356101233407419393e-01
6.328161608197208077e-02
-1.000602787258632498e+00
1.832382940553571871e-01
-1.275381447484402742e-03
-8.653539914786321230e-01
7.731966056435746193e-01
1.286368348497044067e+00
5.668991987252343101e-01
-4.688065672188352906e-01
3.161991562262403965e-01
-1.762768402536425416e+00
1.960764622525412726e+00
-7.983194736765087951e-01
1.259055862632132428e-01
5.435444779906120072e-01
-5.730078559604351307e-01
-1.243934827220513739e+00
5.191336581941167205e-01
2.364893100985789309e-01
1.789686527256419829e-02
-8.370365818577287786e-01
4.146597206851104223e-01
1.787336258421030610e-01
1.036636453322053564e+00
4.276813851202621031e-02
-5.935823934455479733e-01
1.098323848172292561e+00
2.542813518808355600e-01
-3.762439234691097312e-01
-8.735964316921754902e-01
-6.843495640156094240e-02
1.002189101222536571e+00
1.371457188900376545e-01
1.291311841690877982e+00
2.544832821094116238e-01
-3.186843656966753535e-02
-3.161438931996124468e-01
-8.600337142631842013e-02
-2.339425414950166981e-01
6.180650174082680248e-01
-2.801942517258510512e-01
3.713356636700257951e-01
-5.323080740086358897e-01
4.623152249761570132e-01
-4.600726327916807579e-01
4.610276042661098916e-01
-9.424644719955417305e-01
-3.679437044636137966e-01
-4.267028490457556167e-01
5.143463942835555525e-01
-8.401387039563440462e-02
-4.168084593654257652e-01
2.123102264295955166e-01
1.120983792665460665e+00
-6.662516737628079166e-01
-6.979147473726847739e-01
4.365874370461931275e-01
6.811262889490303785e-01
-7.305028248213212283e-01
1.368622825506841334e+00
7.636477230002931549e-01
-4.467576629891340523e-01
7.755811486005597111e-01
6.626982365541274067e-01
-1.099071490547782304e+00
5.718838129446435214e-01
9.964565870661412639e-01
-1.102476625665261611e+00
-1.623373463817306739e+00
7.531154989914005116e-01
6.792646081434523531e-01
1.569529835900955739e+00
1.412931826218203901e-01
-1.410443219490659095e-01
-7.926636944092395609e-01
2.234568697327150577e-01
-1.177486510776411532e-01
3.924088135068630745e-01
5.463304953889860371e-01
-3.447161299327921036e-01
-8.243030368257584506e-01
-3.062722065153131168e-01
-7.564629176990154136e-01
4.548596642084117292e-01
1.308060593571253039e-01
-2.486392554825647139e-01
8.785664248787419250e-01
6.184778114519513537e-01
-9.693716658715845202e-01
-5.144623023275496365e-01
4.928705106048125728e-02
1.887121829770541659e-01
-3.812587995082385439e-01
1.153688115118800983e+00
-8.049687790670863041e-01
1.368454165251602683e+00
8.702021848686161132e-01
5.163411637169884605e-01
-2.152917506945027926e-01
8.266669053092841057e-01
-8.402827180085489234e-01
-5.359419971003475114e-01
-9.869267555199583430e-01
-1.336789971300950119e-01
-1.158160251010996289e+00
8.786503878801008582e-01
-6.997165506118896428e-01
7.824319124895854349e-01
-4.307818082384806679e-02
3.872092617223805711e-01
9.965097413531062154e-01
3.572775036704698426e-01
2.439808373275957898e-01
-9.536643380256353275e-01
4.298224775271122233e-01
1.300167192366736557e-01
1.317869724896863826e+00
4.965030678215501814e-01
6.498441719161072161e-01
7.477330194690567922e-01
-2.209520718789339533e-01
-1.155634428624819909e+00
6.279228821877161915e-01
-7.095757876034478606e-01
1.203757908025209877e+00
9.180054238889492346e-01
-2.807988347197654111e-01
4.901812643980970052e-01
-1.198882536149600275e-01
-7.907051753716212716e-03
-2.267050204835527882e-01
-7.491876319019792341e-01
9.867268013129253390e-01
3.353859390734524881e-01
7.090636576652348255e-01
-7.396423206913536053e-01
-1.971146784035377353e+00
6.770371636938072868e-01
-8.108041049421865765e-03
2.324769694073018922e-01
-2.738395314215044118e-01
-4.860427636255604256e-02
5.972655761819318787e-01
-1.384685775288208465e+00
-1.533557779840609425e-02
-5.408798221685513496e-01
