6.966216763626909003e-01
7.256584774954197847e-01
5.720887065716360187e-01
2.828458084636431558e-02
-2.019415287119967761e-01
9.158100662965977801e-01
-9.199108126565997967e-01
-3.378986876387617411e-01
5.123579192957761208e-01
3.218800594602400089e-02
5.674040237700506140e-01
3.673561748316203079e-01
-9.098610265014146492e-01
-1.197299413359775855e-03
-9.299510342847454591e-01
-5.555255940124328440e-01
4.603803826553078959e-01
-8.133902318489600880e-01
-6.037938831739555479e-01
5.551760783282952971e-01
1.751425681017306779e-01
4.206200183892081501e-01
8.408292592226835893e-01
1.250165892166927861e-01
6.030862968202466146e-01
1.881753179864429359e-01
-4.602838955481673988e-01
-7.496466511808659305e-01
-6.480396208967582616e-01
7.607032426118862656e-01
4.858711107117611450e-01
-3.968586877944415559e-01
2.775673798279163496e-01
-1.599251210984853344e-02
9.012624737562715538e-01
-9.839151594073933804e-01
-9.582361154718784801e-01
-6.182168851145948274e-01
1.792018430091388836e-01
8.740349814059180655e-01
3.006918673856633362e-01
3.796110708948066126e-01
-8.094472374571966000e-01
-4.314618303584012438e-01
6.108604569493913949e-02
2.122051305521639453e-01
-4.453806823429360406e-01
-5.332870821126907135e-01
-6.512605747184093685e-01
4.204509222656900302e-01
-7.463134988349933163e-01
-2.927292479854288754e-01
-8.721434370019220950e-01
-9.884273415203093105e-01
-7.690581925337749425e-01
-1.761216138871868342e-01
3.893635709731637640e-01
-1.309261420335583459e-01
-4.458716353034604118e-01
-1.632577924351836796e-01
1.884894345052463560e-01
-9.204305325839214902e-01
-1.414083516721937883e+00
-2.714210348279073592e-01
-2.068232395214326669e-01
-8.023552286565600600e-01
-2.849681600497806500e-01
3.742807125296145898e-01
-1.704694532920674188e-01
-4.161835470016522209e-01
3.105278607934839341e-01
-8.384334752825406412e-02
-2.860255098979673782e-01
-8.652605359659819584e-01
9.327668594091174104e-01
1.619254116600360449e-02
7.242553586441622393e-01
-9.330409609810088600e-01
5.066021459627482182e-01
-2.141533145997900345e-01
-9.737735623051468892e-03
7.005017192363816037e-02
-9.363259247151223263e-02
-2.490142542975438689e-01
1.621433879480915774e-01
-4.448666597929805677e-01
4.903606129555688753e-01
7.918547554330576110e-01
1.836096962315814096e-01
9.742963162452686898e-01
-9.019383142650783114e-01
-3.492266534153862789e-01
2.002294741463410688e-01
-3.541929902916298722e-01
4.970067183311210335e-01
5.458901997471686807e-01
-5.927260069587796387e-01
-7.188299397749300379e-01
-9.942294188425486734e-01
-3.544665449892092646e-02
3.678240155712417803e-01
-5.434663201967422363e-01
4.640372481468595378e-01
7.521075231810312456e-01
-8.844468979065063241e-01
2.187912273513665795e-01
7.009496753120709744e-01
-8.406991685105793533e-01
-1.004643305311974100e-01
4.457338310001754955e-01
3.598886460278976074e-01
-9.135344279771608900e-01
6.279431356740634573e-01
8.885642231297674609e-01
8.498754634554264165e-01
7.974918398456736224e-01
9.210838748433376466e-01
5.167517363988214374e-01
8.362063256882821261e-01
-1.351821868104156055e-01
-1.030999679669644120e-01
1.132530557186591791e+00
-6.033268925424537521e-01
-6.609404863178112155e-01
5.540795914218272777e-01
-3.934383935443097613e-01
1.464978638127625299e-01
5.518893578908583564e-01
9.800317479063291870e-01
-1.398024614984321456e-01
-1.498372266013445753e-01
-1.898337572782415883e-02
3.601686105027941398e-01
7.915966385117075843e-01
4.055191297662208427e-02
-4.580336141736276456e-01
-5.478848650984613489e-01
7.671456406735663869e-01
-4.533613029881297662e-01
-3.972605275957485915e-02
-6.232320499572431283e-01
6.580483044110585489e-01
3.940623671144127815e-01
-1.168580610246250595e+00
-9.943843931192860586e-01
9.506595003494422436e-02
8.078751162894075577e-01
-1.071322271364084866e+00
7.479483544173206599e-01
4.957933170072550411e-01
-3.685246449206157626e-01
-4.484646576202264701e-01
-1.247449586436184532e-01
9.173863040188912077e-01
2.048053764360082685e-01
6.718258717283551729e-01
-1.047871783705325299e-01
3.800082224319306090e-01
3.701211457532258553e-01
-1.434533279044545862e-01
-6.929639847416075860e-01
-7.046645557863691067e-01
5.689690983823902926e-01
4.929418117454751336e-01
-9.013334312474370336e-01
7.467868685679146523e-02
1.862332611549859518e-01
-5.614240299731250161e-01
-9.058040531157799391e-01
-4.409799985782639764e-01
2.377992434810333733e-01
-2.102221414489413576e-01
-2.932642547893027363e-02
-7.250194217160246257e-01
-2.145509062496022690e-01
-1.002139423236341198e-01
-2.369931322640583815e-01
-1.704318721218373300e-01
-9.724955961166525942e-01
-5.731089889453766517e-01
3.221420567870687535e-01
6.867322416576784327e-01
-5.171183999098644124e-01
4.617742949396859142e-01
-6.402531268231399508e-01
5.982636031630739204e-02
8.601034568153806958e-01
2.512686872312652753e-01
8.851036370634164374e-01
-1.310006759338960269e-01
-2.489411430094145561e-01
-9.891157631514830850e-01
-8.618305564275368091e-01
6.144533421676492413e-01
-7.295543429074071717e-01
-9.901524307466327279e-01
9.231454779020339396e-01
-5.810521985584315985e-02
9.640747405127330083e-01
-5.087250848412785270e-02
3.288212776596616260e-01
2.480224821583794093e-01
-7.987385859593743032e-01
-8.319261269608957399e-02
-7.550200549140166917e-01
9.041946352405733078e-01
-7.650154811178391245e-01
-1.191192039730386565e-01
4.554101976621081072e-01
1.454552975092062717e-01
-5.461252384564052598e-02
-8.212902494855982560e-01
1.068771826099440325e+00
6.801843189195759809e-01
2.673617248361441212e-01
-5.946851520305738159e-01
1.594782111852845186e-01
-3.414299448766719980e-01
2.467203695654245355e-01
-6.093286896500058614e-01
-1.457528007129372805e+00
-9.909106346961262801e-01
1.756849229726719086e-01
4.390319511373743655e-01
1.039630651249972004e-01
-7.113094388820151437e-02
-4.424420634034154087e-01
1.910313407736241587e-01
2.537636698981440286e-01
5.001578094937773056e-01
3.573419525640919581e-01
4.060138863064330916e-01
1.383437984503257390e-01
-8.135989943600732133e-01
2.893345087350418510e-02
4.384507414657443647e-01
5.388472661220946591e-01
5.848522585052640110e-01
7.546059961877380484e-01
9.526367737462468899e-01
-6.614802507484960348e-01
8.879398097687767333e-01
1.081957223946037328e-01
9.161978380891109275e-01
6.444691955432091390e-01
8.664124714662131410e-01
8.578811998936479721e-01
-9.145548686636966185e-01
-7.079913572088494256e-01
7.781728723078910059e-01
-1.859565329362047326e-01
4.958520877874552646e-01
-7.807297397740939893e-01
-2.876748125073116391e-01
-5.141466986380025528e-01
-4.182830563230293119e-01
3.283859553870980275e-01
-4.567199416355960384e-02
3.197332341377074894e-01
1.150511896806105661e-01
2.309609642284451425e-01
-4.954396539425820478e-01
-4.656987190051853354e-01
-4.569201318978950432e-01
7.497271581873929946e-01
