7.339357987031374098e-01
-4.594223334051923402e-01
3.203447717664817951e-01
5.592715641252918868e-01
-7.768139150300636953e-01
-4.728228263660920749e-01
1.324491657743112061e-01
5.415510652053514562e-01
-2.479617945019481073e-01
-1.555294687446870938e-01
8.795339502016943367e-01
-1.989210659776801116e-01
9.854681740046056238e-01
-2.910998256545249685e-01
4.425542926546026656e-01
8.505458721779519671e-01
8.807177544889694953e-01
9.702922077583027161e-01
-6.324289008892209907e-01
6.375469542684804036e-01
-9.949756280200894309e-03
-8.532822682391520974e-01
7.971536715725175970e-01
-3.908455449866141684e-01
-1.638402688036670884e-01
8.030370171795131462e-02
3.463499554480360398e-01
5.488342602795304170e-01
-7.025735698593105205e-01
8.430944221206484457e-01
-7.075636695165732348e-02
2.394370721922411960e-01
9.883265293178482569e-01
7.509134818203990758e-01
-3.685610076719985084e-01
-7.162640148794265915e-01
2.238115883130602501e-01
2.940627419958943278e-01
-8.405016624295926775e-01
5.313997207959191282e-01
2.480170465891757825e-01
-4.708373184387122379e-01
4.090013476663618697e-01
-2.453705875895582089e-01
-6.220635680399697609e-01
4.161965029369274482e-01
8.845478594502242942e-03
4.680402584618315043e-01
8.579874580572639520e-01
7.706383018591325129e-01
-8.121265496880796242e-01
5.913233682334697594e-01
-8.450486161407153585e-01
-4.363294496989156279e-02
-9.145463441121193249e-01
5.049967967021293802e-01
-3.969977519507037478e-01
6.065261886264778912e-01
6.494005410203407269e-01
4.016491594141984312e-01
-7.453800986325354039e-01
-2.780182634207368775e-01
5.529818035078182259e-01
7.617476666254543449e-01
-8.519650715690105791e-01
-2.480665805832416027e-02
3.430294138880163324e-02
1.352232332610343590e-01
-2.004551998533379287e-01
1.572590398166182624e-01
7.217222240486516061e-01
-3.341008413762007745e-01
-1.388334161884505757e-01
2.641821299904223430e-01
-3.145593277378255781e-01
1.684901834322616310e-02
-1.393750229704782129e-03
6.158024007591311744e-02
9.461370413802099311e-01
-9.412216475103947211e-01
2.371425189235720765e-03
1.170619523496472247e-01
8.368838354959122761e-01
9.452022864118869716e-01
7.634048057734010850e-01
-4.575686658641830995e-01
-5.309577345008387184e-01
-6.606642474019979172e-01
-9.907197793626065785e-01
-4.574038611550139688e-01
9.685079064188939491e-01
9.035207854429883056e-02
-8.796119150721108948e-01
-3.639687183239759261e-01
-3.504131531115328713e-02
5.784353708849925280e-01
2.106124913483760075e-01
-2.874500779653188509e-02
2.483401073126523251e-02
-4.428155857386883998e-01
2.882088799158546433e-01
-6.986936919749267005e-01
1.964331360796129911e-01
-1.151318010303401529e-01
-3.464827108040768877e-02
-8.740467821269810589e-01
3.079859729063805229e-01
-8.806797945640187919e-02
7.979909174399122396e-01
3.518614208110590891e-01
6.677764039022180409e-01
-2.757859646614102545e-01
5.947782387881070942e-01
-6.554339083360627427e-01
8.151224734398376803e-01
8.158127133514159190e-01
-8.934062259767112657e-01
-2.064020321982429351e-02
-8.477260275449243210e-01
3.709636080432054950e-01
-5.787034189537434425e-01
4.291982895690220623e-01
5.418658234647804051e-01
-4.864944052020447884e-01
8.581846981840324240e-01
4.590093821880976144e-01
9.126179853605334014e-01
-5.273747568393525320e-01
7.146999916650513818e-01
-6.803668886581701880e-01
-4.176401283814845655e-02
6.591204105146266645e-01
-7.955459500588453192e-01
-1.954606303169246218e-01
2.591471111958276730e-01
7.392789478491219590e-01
6.290277906680998843e-01
6.212316584908099681e-01
-9.023323767137214624e-01
2.044869113945169126e-02
2.283174966688152896e-01
-4.200741785001267381e-01
5.676447632830972090e-02
-1.676059977886001917e-02
-8.070539856520635436e-01
5.430306449451973716e-01
8.841838969318656094e-01
3.091575781776787490e-01
8.697517662943443639e-02
-1.689899652201045654e-01
-2.089468730591992340e-01
-2.775816573181026925e-01
8.388812962415572727e-01
3.990787793272647654e-01
-5.037904549934937304e-01
1.969719907118627766e-02
3.851178183208532335e-01
-1.253008151235199819e-01
-3.857322452186744410e-01
-1.339494217721568514e-01
-3.413794594405630267e-01
-4.047344119289046915e-01
9.035524920209736521e-01
-8.908976426628583134e-01
2.394967367034308570e-01
-2.883744908795589090e-01
-9.493511058778185685e-01
-9.083137642989584926e-01
8.046375643738663541e-01
5.155882659709520865e-01
-9.432107902078001871e-02
9.041891267752046879e-01
9.161635853670875296e-01
4.893372242322631127e-01
-9.764324563220843078e-01
6.328566922264442507e-01
7.115058956058737394e-01
-5.996266630195015157e-01
2.994455591811149286e-01
-2.387772505618452890e-01
-6.662982176892944253e-01
1.684299006704512713e-01
-9.971643884625382981e-01
-3.658841624164208550e-01
3.537844557036162740e-02
6.966735852919514471e-01
-5.438434692366811429e-01
-2.120520503542753232e-01
-8.258935985987179151e-01
-1.574444848225209359e-01
1.637257689716458131e-01
1.255670706962932481e-01
-1.352313955258597211e-01
-8.485882964712603282e-01
8.118974098012923246e-01
-2.109971029922386165e-02
5.532957729336009933e-01
-9.249181547751750276e-01
3.921027744579275165e-02
9.534485869059596830e-01
6.760999105125997666e-01
2.259175889043354424e-01
4.997288494290734739e-01
7.561163532018357891e-01
-2.549762304267682023e-01
-2.115284613944130587e-01
-5.429145808556148367e-01
-2.508814258026690336e-01
2.964247062371136998e-01
6.154479389278977308e-01
-6.189449550962033975e-02
6.799277873277855821e-01
-2.103162148446138247e-01
6.736456971553432815e-01
2.618174810580382594e-01
-2.323895843312095977e-02
-8.180937468160225379e-01
8.426166946850737194e-01
-6.486995100175050322e-01
5.279392081146796478e-01
5.941383193391482909e-01
8.686874956345103094e-01
-2.169863194549541685e-01
7.124353778981906693e-01
-4.849408585335999167e-01
-1.955981718505455103e-01
6.387997054942156083e-01
9.352953600814220003e-01
2.750386072388910641e-02
3.205663497711896959e-01
-7.708344210277737751e-01
4.166199518157793769e-01
-4.159364941194498844e-01
4.242764701488146439e-01
-6.691587093710473777e-01
-6.042367779256798688e-01
7.489562976715338216e-01
-2.363392957045529208e-01
-8.067357463646491755e-01
-3.869585381608258157e-01
-1.479442697938933016e-01
6.959539058332613326e-01
6.028808342679692345e-01
5.229877540288163651e-01
1.136090116751644619e-01
-4.838796402808840380e-01
-9.187515209991066190e-01
-7.909636084990492311e-01
5.607168844000349761e-01
8.478882177368776141e-01
8.889145367283659560e-01
4.601723484395259245e-01
-1.296531961483784468e-01
6.272011774395678252e-01
-9.004291166043980610e-01
-3.802234010702814082e-01
8.036667581694250106e-01
-4.242069793646379150e-01
-2.689683514857843516e-01
6.391955199810310795e-01
4.880253339059126283e-02
-9.459126340841250702e-02
-1.137775998455741178e-01
7.536998793814364550e-01
-4.500159299325572348e-01
