2.316922414844821532e+00
-4.131083746457659966e-01
7.221908806549588444e-01
4.280257266057894139e-01
-3.008852624397260200e-01
-2.958049588264046736e-01
-7.433908903232928633e-01
9.166757706598887001e-01
7.041447076377391756e-01
-6.016892651297987005e-01
-1.314077251488941167e+00
8.221797071611602892e-01
6.779244253966631995e-01
-2.890041148276027982e-01
-9.204916491573273962e-01
-2.570114075872910187e-01
-1.420164447589475909e-01
-3.116543133084461736e-01
6.486870942671554285e-01
1.407817945786301594e-01
-3.152498158949079698e-01
7.543993423278516630e-02
-1.913746004670382028e+00
-7.148720075973180599e-02
2.965249831083348830e+00
-8.090295791783077561e-01
8.408414369358554463e-01
7.689537702695057320e-01
2.618373367087105663e-01
-9.058251910309955690e-03
-2.088806208611682091e-01
-1.171980569551450024e+00
8.650043814709595935e-02
8.984714834783074089e-01
-6.309469846012492056e-01
9.776547660518808414e-01
-2.080343640594846111e-01
-1.003705448562957070e-01
6.971351263687897148e-01
-9.757920294206914313e-01
8.596751529900188427e-01
9.239810413546758472e-01
6.078391144519019740e-01
-5.929872411619170336e-01
-2.209243375530813847e-01
-9.878342630509053812e-01
-4.288251215030491892e-01
-5.565529809200715494e-01
-2.347157920207814108e-01
-8.519433976938812769e-01
5.924682779197552041e-01
2.593038356670389621e-01
3.364320784178724821e-01
-7.963886035989491408e-01
6.945340847789431837e-01
-9.069572540607080402e-01
8.395763578037012120e-01
-1.751345779011050929e-01
1.669371797510643685e-01
-2.578791695911177850e-01
-1.853710194866735606e-01
-9.445531597391810807e-01
9.795004362262382802e-01
-1.271848414558580664e-01
-5.395005486225318281e-02
2.464827965339928539e-01
-6.105275147055230223e-01
8.765271447067439770e-01
-4.170187937418712298e-01
-2.104388218266429966e+00
5.110350979900941670e-01
-1.351432117371126895e-01
2.214340505251848334e-01
-1.691880504467631052e-01
3.621925102252132600e-01
9.344174466134862467e-01
3.342426386044834441e-01
7.402043440461534285e-01
7.477461023380052030e-01
-5.599111400335803346e-01
-8.682229941299284270e-01
5.073203317295962300e-01
-1.093527959488518775e+00
1.611358519271277601e-02
-5.816061465330905067e-01
-2.113925766891380231e-01
1.749855882222044468e-01
-6.686903782557562792e-01
-9.180256417690466630e-01
3.178874574138037090e+00
5.300787576747945096e-01
-9.416861755959853308e-01
-8.391017133579299347e-01
4.324425530762694425e-01
-6.854247601542675650e-01
9.839847226220792553e-01
5.966702121597349251e-01
-9.066933709080090553e-01
1.187947682963399476e-01
-7.474410708826531025e-01
4.682211808424829869e-01
3.792646016404814802e-01
5.911176660727666121e-01
2.920605683286470189e-02
-9.926963809005442396e-01
5.210624776014078918e-01
2.828616333053075582e-01
4.498999809231296609e-02
7.107024637029903946e-01
7.325804789832692787e-01
-1.437630789975630208e-01
-5.073823083867810002e-01
-1.360669065350522455e+00
1.609532053877518631e+00
1.884745993721583135e+00
-3.113563533423162610e-01
-1.216405289422177738e-01
-4.120587612595933980e-01
1.716235459608399072e+00
5.290009318585965348e-01
2.643311528782792408e+00
-3.961183507834645234e-01
7.052555964998648008e-01
-9.228041308139853793e-01
-5.111890347964123116e-01
-7.599307959432712867e-01
7.436930266613008822e-01
-6.369230013209670194e-01
-8.320448039546523011e-01
-4.801586126241914609e-01
-9.948765089853968124e-01
-6.324969348051110440e-01
2.805741403814383528e-01
-7.102716959264319119e-01
-3.556920092192359384e-01
-2.944173286019152180e-01
-2.791021878658119793e-01
1.122710579439280210e+00
-9.077513127773559898e-01
8.313583060957963067e-01
7.718797784052100486e-01
-5.647140102976229148e-01
6.584792353205386473e-01
-8.304457643463769578e-02
-6.203992378473826008e-01
-4.896613555847355581e-01
4.841243570082345293e-01
8.804268313057699302e-01
-1.036135490227814149e-01
9.477091405128263979e-01
3.848930579903102611e-01
9.992094588608635419e-01
4.543695287403126670e-02
4.172688954162926400e-01
-3.187117568220458885e-01
4.769069750232695082e-01
1.519577838146973114e+00
-2.147379652652381843e+00
-1.202376608726078988e-01
-8.168744806953398552e-02
-1.614356255013733143e+00
-8.067277274085584704e-01
-1.904265456338751772e-01
-2.208799755079990934e-01
-5.979633547360463375e-01
6.325040078968466872e-01
1.215693952634331332e+00
9.314537940816935979e-02
1.295271625846314612e+00
-7.572933658904312804e-01
-4.848743159479638187e-01
-7.706485382439018927e-01
4.061330631505026822e-01
9.777814005821261478e-01
-3.539684094478947607e-01
-2.939666590902925147e-01
8.497330998787466783e-03
5.409968840892005471e-01
-1.204664472989953605e-01
4.506924804617102875e-01
2.971194442256277490e-01
1.231077198852134957e+00
4.635027811294500921e-01
3.464511015513422887e-01
-4.483296267969121285e-01
2.111642675718923279e-01
-5.116508337473584245e-01
-6.438619171703576782e-01
2.240995493169184449e+00
-2.117673553371680895e-01
8.883346165668335459e-01
-8.645782223439968384e-01
-7.150939715177926370e-01
8.449994340245472468e-01
8.526935184868633666e-01
-4.126846906628500733e-02
-9.160489076406479469e-01
-8.285012524921451238e-01
6.145277467956213879e-01
9.003559333539090659e-02
-5.173849618981445353e-01
1.197471543384130421e-01
-3.559424038678222768e-01
8.697658056163048990e-01
-8.411928641157540021e-02
-8.902848309768744972e-01
5.003260465437682214e-01
-7.749524007219570354e-01
1.798921030219513550e-01
7.441012523581196358e-01
-9.938880478792868622e-01
-3.281588898258342990e-01
1.917194678463540747e-02
8.868202614039981668e-01
7.593872207756646731e-01
-2.321852359475939931e-01
9.704064596224413197e-01
-2.182085534962679318e+00
-5.574003733700543251e-01
-5.277837351280356692e-01
3.286264515640529016e-01
-2.428442423936167660e-01
-9.420369734450342314e-01
3.906316509064833298e-01
-1.285350279462222245e+00
-5.441237049304588069e-01
7.596638508302766546e-01
-6.355470227399706573e-02
2.772712700177006884e-01
2.093852058005238881e-01
-1.031078508132722504e+00
6.050493909673040349e-01
6.483470531543449322e-01
9.362431017471861683e-01
-2.411246199506362764e-01
-8.046319399426404839e-01
-4.941258520840760227e+00
1.635683344796511063e-01
9.311488434923189672e-01
3.146973484437022517e+00
8.265667427050904514e-01
-8.559390066013536913e-01
9.616416355745904809e-01
2.283289721485926016e-01
-1.381342044738744779e-01
-1.859700600337646392e+00
4.161675414128251926e-01
-2.281147023065202006e-01
1.104811640873613054e-01
7.834603361603886817e-01
2.233960028537569364e-01
8.891357644553053996e-01
-6.198283596155307329e-01
-2.809400023748336306e-01
7.501038262857906425e-01
-1.751097524866500610e-01
9.035888204260131840e-01
-3.528585714843179844e-01
-9.706198759817128430e-01
6.805327227881852181e-02
2.750838428815449710e-02
-8.720180299560882364e-01
-7.197831454123169159e-01
3.599046085354524749e-01
6.794691129766126103e-01
