6.814500606732041277e-01
6.735559384230405122e-01
-1.142079518828724716e+00
-8.440567158210001697e-01
-2.059266391495905957e+00
2.478476516916633621e+00
-9.828931816313204450e-01
2.135550379363618523e-01
-2.384722829285946588e+00
6.802847799366447124e-01
-3.950055756298995746e-01
1.208954440849056233e+00
4.310688226225127817e-01
1.306928524743978248e-01
-1.247432618363272905e+00
8.168263307540069018e-02
5.862831005377774352e-01
3.679694813146849874e-02
-3.073693642897714629e-01
-2.544774317265778851e-01
-2.334209299770634516e+00
4.204700262428587298e-01
1.550815279026889426e+00
-1.000883848297552392e+00
-3.398792259788201431e-01
5.907303266914861739e-01
9.825591217546300049e-01
-2.057245917847080330e-01
-2.510514190940948964e-03
1.083658936990166577e+00
1.155614450202504973e+00
-9.837011145259255684e-02
1.075852627128650374e+00
6.105793429195922606e-01
3.740899418863284920e-01
1.891034152380818512e+00
1.126743883882149744e-01
7.097873683097160047e-01
1.733827443962228765e+00
-6.289964871850542982e-01
7.755097158121816436e-01
1.002193221836552128e+00
-1.485233660772773412e+00
2.766106544369119291e+00
-1.744949651914060595e-01
4.708551821593642828e-02
3.138197196427295887e-01
6.927866831643920698e-01
1.342176439195854165e+00
3.676079130870040235e-01
1.693732394231279859e+00
9.251038517397799366e-01
1.980280445416666257e+00
-2.605215333204018435e-01
-1.035189295313483804e+00
7.314694390534728363e-01
2.313187658104240985e-01
2.045376111178082823e+00
-1.784965580264312734e-01
-3.026893510760511052e-01
-2.868327935005016704e-01
3.960232017751101341e-01
3.577142589021946595e-01
7.255599089860138573e-01
-9.082336978699663277e-01
4.213328321770504203e-01
-9.908969190047183240e-01
-3.523293406050067578e-01
5.468604067824376358e-01
-1.248634703197190277e+00
1.228906200167188878e+00
1.555282060018155388e+00
4.591232207034937618e-01
7.057730848605271445e-01
-3.937475999283570616e-01
6.481590687495719649e-02
-1.174681774737337925e+00
1.743617888621871170e-01
3.252153800836787845e-02
-2.813284776790236918e-01
-3.503561037216940122e-01
1.639190336150907701e+00
1.026150948649780181e+00
-5.708117445028157988e-01
-1.783248402024113277e+00
2.535250367426322704e-02
-7.698414272659641622e-01
-1.484553672774702626e+00
-3.272348796783883795e-01
-3.753799294021198385e-02
3.661069019802847269e-01
6.130329829873160108e-03
2.245612993733816509e+00
-5.601040520240840870e-02
-5.680363844975626630e-01
1.254431724757121280e+00
8.279714878811543777e-01
6.001805248213936128e-01
1.627190559252481572e+00
-1.682253476416560645e+00
1.799627682693112796e+00
7.307979274531373193e-01
2.081241574666533367e+00
1.693892562671449831e+00
4.189586726754512824e-01
-1.479108122336256992e+00
4.105181857709746529e-01
-6.159328827046381960e-01
-6.859118396838304044e-01
-5.751853958000134881e-01
-3.082790518896567633e-01
-2.578004896084184594e+00
-1.040600308562876108e+00
-8.060693279905445374e-01
-9.432191387479774702e-01
1.843196374752005706e+00
-5.108662732359510183e-01
-1.947090330591372265e-02
3.495552035558799897e-01
7.458873113344248740e-01
-6.683772125042120038e-03
-1.614834026144507106e-02
-1.952857998858065214e-01
-8.074539597502414789e-01
-1.074660828835876103e+00
-2.252574469317473183e-01
5.177722850241643915e-01
1.104334065767822004e+00
4.494263775923201809e-02
-7.329901676913792574e-01
-7.670690729461588919e-01
-9.754880726132748592e-01
6.849451738280498692e-01
1.992837936429549206e+00
2.148700775940567687e-01
-4.497551133282718383e-01
-9.429118693196252288e-01
8.770432013782691882e-04
1.043789924929037438e+00
-7.708505066705876319e-01
-3.802558328358383033e-01
2.435920931235499021e-01
4.963895748227864502e-03
7.271100844550617559e-01
-6.151548357094855923e-01
-9.064082006323335161e-01
-4.537738343956190246e-01
7.949791425556838043e-01
-6.677546065906689865e-01
4.095043624664453930e-01
-4.090767378970266432e-01
2.104116531811541790e+00
-6.882078424535870154e-01
1.696631126261810119e+00
-1.696692885733352085e+00
-4.751324797323712712e-01
-7.772090552534907104e-01
2.391242676230858066e+00
9.890720037850138091e-01
5.944307417292200579e-01
4.408404759216286717e-01
3.124904712189631617e+00
-1.213664713720885358e+00
-9.307303016497505688e-01
5.334257620924689469e-01
1.154543570606968661e+00
1.029682878160751436e-01
-3.793299956040732113e-01
-8.591253255994648619e-01
-4.822204954198242022e-01
9.122049160526124467e-02
-5.468064483180923308e-01
1.713650883629305177e+00
1.016969513841348149e+00
-4.413741770449767232e-01
-1.018691826376887821e+00
1.185794866877600384e+00
-2.693654615382498285e+00
1.373987981043892193e+00
2.631077939561132339e+00
1.470242489081181159e+00
2.855985805205544237e-01
7.552115053452312932e-01
3.880178133626874803e-01
9.305188857365733757e-01
1.626264987815382312e-01
-1.064932038723383823e+00
7.212072725254168315e-01
5.742854759191401426e-01
-6.896580557882494578e-01
7.411232881200846556e-01
1.079182866738986224e+00
-1.449750946194223733e+00
-5.086156976101390281e-01
6.838705971890212121e-01
1.938975432677247479e+00
-1.230259116699605748e+00
-5.262392456159328269e-01
1.439918581993226532e+00
3.098413793658894022e+00
5.461360936307075864e-01
3.419848850417779307e-01
-1.811592775945486622e+00
-8.776487189901249764e-01
-6.860935904546044961e-01
-9.142823617189650420e-01
5.121083536689921001e-01
-1.216798309007835366e+00
-6.798056733071534685e-01
-1.902569847453308149e+00
-4.434503902566815786e-02
8.909751544763084841e-01
-1.007653648749369690e+00
2.647628661082766843e+00
1.158327725153569743e+00
7.529405796924970584e-01
9.962017573176977780e-01
-1.345952284877556249e+00
-1.502825013097508489e-02
-1.769635902041001851e-01
-2.105460526916212993e-01
-4.314388012804303285e-01
1.274992764466731821e+00
3.013957700318933952e+00
8.640704523742950283e-01
-1.838515473596324945e-01
1.031266221272794326e+00
3.189543830058159113e+00
-5.527033032060453266e-01
3.329081365478832044e-01
-5.000504876171485424e-01
1.434325649777917100e+00
1.876295157783462342e+00
-3.383924197856225113e-01
1.078126983464303912e+00
5.549981631593557951e-01
6.799478518095540824e-01
-1.704573300344899511e+00
-1.118429852456335416e+00
-4.169141937310519852e-01
-2.164728360868961587e-01
1.357775743838846694e+00
9.437431210814659632e-01
1.091471093606980469e+00
1.531003402084214038e+00
-1.615042152805101772e-02
-3.333587665377190090e-01
-6.041778488582156825e-01
2.497400456358785270e+00
-3.071554962991758231e-01
7.346533676249143996e-01
6.288319838992761923e-02
-4.473501362545204696e-01
3.372821080281700468e-01
5.723699610285726269e-01
-1.039309692323593382e+00
6.087861050112407524e-01
-8.404035251518011673e-01
-4.229674236312885860e+00
-1.663838711842356988e-01
-3.998614549790944217e-01
4.603095761964715038e-02
2.903404270283664879e-01
6.526883548370182586e-02
-5.646132553971665580e-01
