-1.640269560945608607e-01
-1.868515951955267429e-01
-4.879468002410066174e-01
-9.468535451264111780e-01
3.575605231719425348e-01
1.249996174522514103e-01
-3.166482208723468972e-01
-1.493915938814637689e+00
7.254579744178325518e-01
9.992067021015906825e-01
-4.518826784359468718e-01
-9.812034466554844236e-01
-7.417064779905078176e-01
1.728478693010271350e-02
-4.996254073122805561e-01
-8.336991424273029194e-01
-9.691784790320391307e-01
-4.748056513526230926e-01
6.859870581311444671e-01
3.396343953667324556e-01
2.478504525298478534e+00
4.376636871279786511e-01
-4.075285918104530891e-01
-3.582451254636274562e+00
-2.035172817718931826e-01
-1.050916467881023220e+00
1.092008817979776669e+00
-1.159871826994936628e+00
-2.661773921563541645e-01
-1.443176272470161114e+00
-2.925269678593385159e-01
-7.331677976939880992e-01
6.704583399454060455e-01
-1.479515750129305252e+00
2.512009136379405039e+00
-5.921731352999539677e-01
1.280823246951164895e+00
2.539214131523270801e-02
9.479700759985381087e-01
-1.315483248503682701e+00
-1.364761227790107778e-01
3.998198086148032626e-01
3.109130974765111355e-01
-3.872586583176854669e-01
-1.483943731469862248e+00
1.694601000974249816e+00
-1.432503628603829071e+00
4.453965782730888723e-01
-1.515851360825464900e+00
-4.422302229675214580e-01
-9.769319870615642554e-01
4.666005703647448932e-01
1.981203780205563536e+00
-2.018487068634480686e+00
-1.913579731520148819e+00
-2.857139279375076946e+00
-2.308335559881586896e-01
-5.636736899647964982e-01
-9.699679851251936658e-01
-8.151409452078732798e-01
-9.725302916263824926e-01
3.773745171792938224e-01
2.325762401966215975e-01
-5.064366059060223524e-01
8.607510816814587518e-01
3.342492771899285842e+00
-1.000775396992414912e-02
3.244498979159045060e-01
-2.381535471743528642e+00
8.484028508811303215e-01
-5.619864876982643143e-01
-1.433692927269134998e+00
2.894237405158479604e-01
-6.501427331374716179e-01
-6.764821973873116345e-01
1.027475041556624058e+00
1.581798683326864630e-01
2.367783055995305475e+00
4.973458891073907484e-01
-6.128910219228566048e-01
-2.760109686767142634e-02
-1.796270439840158550e+00
-2.951597914169957981e+00
8.940568040594645272e-01
1.297281536592855389e+00
6.341535905350306201e-01
5.051662054567286342e-01
-1.013712391216182729e+00
-3.425864259654634036e-01
-9.621427013584786803e-01
-1.727781247610948867e-01
1.597114241213792862e-01
2.843801573082171963e-01
9.133838081498801831e-01
2.638185867136930263e+00
-8.741985199345503332e-02
5.799478493856089489e-01
9.930451042140227003e-01
-2.201214013576646256e+00
-3.506075985923435834e-01
-3.060468852276989615e-01
9.069412197117954211e-01
8.956012907728638783e-01
9.387001890616564204e-02
3.970141611310804564e-01
-2.632926507859916221e+00
-2.100082571912878393e+00
-2.103071681313365970e-01
-1.309009744611011383e+00
-3.739246292191122922e-01
-1.203672833683283594e-01
-6.627642000183435744e-01
8.188614105932428000e-01
2.194978756519591734e+00
-1.166012406736735896e+00
6.857041327386166341e-01
3.601532185520353035e-01
-5.242132439048772241e-01
-6.973427604660085155e-01
-5.992971785992002864e-01
-4.487073558766936365e-01
-8.557198437498958477e-02
1.728052672374451593e-01
3.469678874513342226e-01
-1.517300845349850658e+00
1.009584706500301632e-01
-5.558005634747075208e-01
-4.845439123131340398e-01
9.825454058311644534e-01
7.616808616517531938e-01
5.678180147314728643e-01
-4.467282103821823558e-01
3.246865755036035806e-01
-1.362999601936596417e-01
-8.151948723366628791e-01
3.995565317748450695e-02
6.016576118722261057e-02
-4.211571278022891995e-01
-3.918522357734851025e-01
-1.356534741740399674e+00
3.445089365666809123e-01
-6.009414705748896690e-01
-1.531941193192405404e-01
-2.694356039591379037e-01
-5.252904589300744220e-01
8.374086557047020207e-01
-2.099655500875696745e-02
1.340369465048328657e+00
7.210145948914168379e-01
-1.281363345047485280e+00
1.249469686674826274e+00
-5.681207046141505401e-01
-1.958976932439313590e-01
5.387886999683044742e-02
1.535511163726599460e-02
1.730007807706757550e+00
1.687597019508620733e+00
2.294192701062807593e+00
6.596125535260179973e-01
-8.718013207889081517e-01
-1.521064301292631260e+00
-3.634580949731291977e-01
-1.579801073190912009e+00
1.745465119349333127e-01
-1.218294864655769666e-01
1.045146332357167696e+00
-5.751189738307893595e-01
-2.142989998222712966e-01
-3.004318223721984538e-01
-4.943632891099430382e-01
-8.991947200009986485e-01
9.665650869442281579e-01
-1.106722375216528498e+00
-3.182991218356210350e-01
2.487872348018171920e-03
1.383050954254617659e+00
6.534857020601769761e-02
2.660698119781647719e+00
7.790534695444273350e-01
9.190156104956552774e-01
-3.234023577022262508e-01
-6.495556888441442744e-01
3.112761600121937811e+00
-5.403654934255364140e-01
-6.567268479184504848e-01
5.696645716536098414e-01
-3.734006012175432598e-01
-1.914970316914770265e-01
2.894132164541296515e-01
4.548837443900234923e-01
-6.985379240915242649e-01
2.389815525639690463e+00
-6.058379846475476782e-01
-3.914685972468697761e-01
1.961899158407984789e-01
1.276039317859956057e-01
3.943343409006490052e-01
1.595980228848459248e-01
-1.232490197349480177e+00
-7.328433140029320114e-01
-3.163582199527978922e-01
1.901932968594912676e-01
3.955742661503058866e-05
2.129448026902358571e-01
-2.413145309256869986e-02
-2.797205709268023810e+00
2.279408210952598157e-01
-7.072716978837814139e-01
7.764060686315236159e-01
1.754984552731344793e+00
8.012783117820563294e-01
2.177529709810233083e-01
-4.196907905037194908e-02
9.576083771084580309e-01
-4.665996291115726002e-02
-7.686882979175522213e-01
-5.731636021727990471e-01
1.036522526168588421e-01
3.794527857224065381e-01
-1.297217634679329823e+00
5.921958606215921295e-02
2.600837227189725542e+00
7.011860578651132325e-01
1.734646357773023784e+00
1.539684812316552076e+00
-9.444689022767109865e-01
1.583921678949714362e+00
8.980270419008393734e-01
2.307376776462357615e-01
-7.034817230677348210e-01
-1.018231707849835965e-01
7.724102349881682983e-01
-3.276036145813887579e-02
-1.521738110603800820e-01
4.360697562733508725e-01
-7.418420790253843489e-01
4.288033431594204803e-01
-9.263084225365756375e-01
6.435693113054161696e-01
5.662019295412799025e-01
-4.236706184954366350e-01
8.304253623540540641e-01
1.369605525725032136e+00
2.036512282552644493e+00
2.454077893960600942e+00
-2.507314719210842924e+00
1.146398022044170517e-02
2.352752898060634923e-01
-4.404896389196677475e-02
-1.112884184156151424e+00
-2.691308321138732307e+00
-5.003390816746755565e-01
-3.214028484507271965e-01
-7.044327972235571167e-01
1.505544385773255556e+00
-5.808772988649577584e-01
9.312454849386070377e-01
2.056807815900872694e+00
-5.653634705993926257e-01
-1.830209710307793836e-01
2.868614182414866320e+00
-1.460390447676179759e+00
1.740490607375562160e-01
4.071971723200273896e-01
1.337993757867233846e+00
