1.693545358989389182e+00
7.674928602892385765e-01
-5.387291717740394503e-01
-4.265009765280380893e-01
-5.003571349134292578e-01
1.269027224553149757e-01
2.525852272955044775e-01
-7.450531958166286550e-01
-1.301303968627884666e+00
7.693526229168718977e-01
7.939858147019729362e-01
5.166465478119779409e-01
-5.537471690789330658e-02
-5.033277426210753802e-01
8.091809268920915343e-01
-8.481742228054298671e-01
-2.644322518925057430e-02
7.039886688594074737e-01
-6.487998936427996632e-01
-9.863945742884610013e-01
2.245436115221615125e-01
4.994324421178344409e-01
5.306466446193913722e-01
-6.789629314535032822e-01
3.506962218481883831e-01
4.995197785431892967e-02
-8.333077987970360923e-01
9.385687626075820411e-01
-2.303101143943598217e+00
-2.397071896865290430e-01
-9.104370107237389487e-01
1.076535964419284674e+00
4.867179142976736372e-01
-9.606105849397417185e-01
-9.464567258972533814e-02
-1.230922020778267845e-01
-2.417742635372474025e-01
1.656636816209657859e-01
2.666241920103940011e-01
-1.324454110703703336e-01
-5.352327092329622893e-02
-8.734271944303291235e-01
-1.914332737383537264e+00
2.024681883976952312e-01
-8.510449785581997162e-02
-1.212083236991050583e-01
-3.078104458971079316e-01
1.875282113636477899e+00
8.741260777605053267e-01
2.347047020252370775e-01
-7.601993983129975430e-01
9.428943371458653466e-02
7.434913119098172096e-01
-3.433934656108310612e-01
-9.112085092790942475e-01
5.356062846380258424e-01
-3.770390144864415038e-01
6.296661387924467057e-01
-8.046949269913701297e-01
6.845714656975440127e-01
8.972840671976334281e-01
-6.227162169550743975e-01
2.958415708673149958e-01
2.532102991908591338e-01
-8.493051198313821271e-01
8.493022326221399965e-02
9.482147211679217147e-01
-6.388405657023425999e-01
5.096232358647863059e-01
-2.702467372249994781e-01
-5.962804026357211296e-01
6.050039986188195940e-01
8.873522620542551032e-02
-1.369227417714753647e+00
3.705757807518008651e-01
-3.054928613668299597e-01
1.198258525086215442e-02
9.652281483931910433e-01
-1.912748112288081392e+00
1.520370155000312584e+00
7.237758527451025881e-01
4.120803337806249189e-01
1.189028721426546586e-01
8.390343108487090529e-01
8.866005181716465344e-01
7.784348534247600426e-01
-1.921582742478837869e-01
-1.080919029106589102e+00
-8.624293030396372739e-01
7.276096034079599928e-01
-7.878557856703305440e-02
1.351310224605164922e+00
2.051823252522088747e+00
2.987248709006942171e-01
-2.338460842487699587e-02
-1.563693701843982264e-01
6.791354495564425608e-01
3.144175918640117473e-01
6.044466166340378699e-02
-4.057310842010062313e-01
-3.324567346108518340e+00
-1.077115066373381946e-01
7.349921405990236245e-01
7.962679939069108315e-01
1.999144907496579471e-01
7.884391365403138341e-01
1.917627643189333764e+00
-7.758202133563607550e-01
5.892055452356625977e-01
-7.796711200125214791e-01
2.056215692705896103e+00
-4.397742994090647617e-01
3.457620906421505769e-01
-1.179437950998805107e-01
1.810179007560679398e-01
-3.888221138436360746e-01
1.159108219294853193e-01
3.524382041966795942e-01
7.210237022866989864e-01
-2.669733826361462281e-01
4.382324236027657083e-01
3.492970556952146310e-01
-8.975056670397800751e-01
-2.000172213032226143e+00
-4.058924181018792599e-01
-3.946305288977354220e-01
-5.993486919717223582e-01
3.589267414549293100e-01
-1.923249142810740775e+00
3.401103433864034464e-01
5.313772882528335906e-01
5.229989484533338340e-01
-8.857777051225037557e-01
-2.709690780534848020e-01
-8.835560512477076411e-01
5.479303683851066697e-01
-1.342523511386068735e+00
2.522250299069055401e-01
2.530976801591432457e-01
1.344289664789464211e-01
1.401762624472921992e-01
4.713396324460562559e-01
-8.877934001642502349e-01
-6.944749652107400362e-01
2.262491521355298740e-01
5.960200865387947911e-01
-8.241881846055225669e-01
9.478919495809090545e-02
-1.854565797174194119e-01
-2.668503584004691565e+00
7.205915662659729826e-01
1.054420204862787980e+00
-5.494973221871226610e-01
-2.546168513254560839e-01
-1.283703073885356982e+00
-6.373072733309324001e-01
-2.666301520632752275e-01
-4.838409298839421169e-01
8.542285643959859343e-01
-2.496796196845580962e-01
-1.767633916459930177e+00
-1.987292331403291978e-01
1.044350182358641188e+00
-1.284365714640116618e-01
-1.873542495708270916e+00
-2.084078106208586689e-02
-6.029131784407779637e-01
-9.722521712567677721e-01
-4.173335992281341777e-01
-8.153635674518611154e-01
-1.193878058121822239e-01
3.164638465176938809e-02
-8.662049822620196959e-01
-3.393008327019964021e-02
-5.046970913001351811e-01
1.782779230000001158e-01
6.414655142135643473e-01
1.098322337279744154e+00
1.254342075191801964e+00
3.736581161957990838e-01
8.061592930457237571e-01
2.837996125397090896e-01
5.409586575827456389e-01
1.612976012383919577e-01
-9.639065127441772685e-01
-3.065377951444170357e-02
5.892704091224780782e-01
-2.208877321636533608e+00
-8.945892062436648917e-01
5.959603191898588115e-02
2.190129034464884938e-01
4.179466340173605410e-01
8.839118740495439663e-01
-1.649637857395901408e+00
-1.602296969486893818e-01
-1.163727385835198191e-01
-5.965298371743728012e-01
1.827888604308747222e-01
-9.948180063726821398e-01
3.054669573196731047e-01
-7.834529085017079009e-01
-6.649876101433418452e-01
-7.621601536492592643e-01
-4.880238241745421535e-01
-9.120780549650362445e-01
-2.953210391977003635e-01
6.175617858622733936e-01
-7.076013604569578175e-02
4.703337138110414983e-01
-4.716472199259256204e-01
-3.384389059785428699e-01
1.799919022095994858e-01
2.962416163432426419e-01
-4.593876954605269347e-02
1.659319658717366419e+00
4.446005662479382003e-01
-1.613847379894858047e+00
9.836994589746870243e-01
1.391848520062542116e+00
-6.650107671818943356e-01
-7.596772352522394023e-01
7.935450304273026223e-01
4.740167565923982806e-01
1.900600625017588641e+00
1.501804928183725352e-02
-9.039501363634869779e-01
-4.332071911402184394e-01
6.554110337051084478e-01
-9.823001609262866918e-01
1.719377476122726955e+00
-3.764899163023260886e+00
-8.440667561106880434e-01
-1.627891674339022599e+00
2.364085005005156503e-02
2.920219513708550707e-01
3.434555415871138884e-01
-3.876049794863889453e-02
8.674988381760211364e-01
1.536017338736619386e-01
3.309213558504284780e-01
7.087749286902997881e-01
1.983032798116624917e+00
4.052406081925403747e-01
1.662565865426175460e-01
9.953633361133737978e-01
-5.476508978513134895e-01
3.767100252483666090e-01
6.698495885944140138e-01
6.653039804801572643e-01
2.571034481494878232e-01
-3.001741652631948476e-01
4.036037039190385478e-01
3.133189744043767266e-01
6.724851518806234107e-01
9.914509464140148776e-01
-2.476031212101656998e-01
-1.894992812925444525e-01
5.954541682803364822e-01
3.747307768858232357e-02
-7.198333835298589278e-01
-7.835157552482339138e-01
-8.600374806402486527e-01
-2.624011970261626470e+00
5.755179618873854652e-01
-2.878663975993691615e-01
