3.158356742161105846e-01
-6.144424241172403711e-01
-8.469717311991047382e-01
1.367734816150116828e-01
-9.326699768173285499e-01
3.730865316669205178e-01
8.686983735502253889e-01
-2.052249178610117131e-01
1.602674672105974807e-02
8.447535569822841595e-01
8.756702147973782768e-01
3.013484816611782247e-01
-9.737359072190960863e-01
7.652593462017860393e-01
-8.436321256094303500e-01
-5.483134206825444057e-01
7.030206667050442615e-01
5.613880294671125259e-01
-1.885211927761138995e-01
-6.034836841146062891e-01
-7.585192606772981350e-01
9.105095029002785445e-01
1.893689198696506537e-01
-1.732279772372318227e-01
-1.756184458043124064e-01
-5.789797120605786329e-01
-4.043776106478302879e-02
8.170152085101225481e-01
-5.094254293265132461e-01
-6.361477920987659296e-01
3.080316609936950556e-02
-6.150764966884256779e-01
4.492360378388997599e-01
-2.484160577629825895e-01
7.266550970647300822e-02
3.022558154232073413e-01
-6.413593935814065894e-02
8.266125625584226366e-01
-3.816604372802641088e-01
-2.286292999209005306e-01
9.945261963270666250e-01
-6.795919482697256875e-01
7.149593770442022045e-01
-4.908578559291576493e-01
4.796820150321905452e-01
-5.950572926147010833e-01
7.620027789847814148e-01
4.952256865535908936e-02
-3.276100700980548730e-01
-8.426320896961114748e-01
-7.288194625443498165e-01
9.784146349674183174e-01
-9.215188317657225792e-01
6.631230126806253455e-01
6.058459297060554416e-01
-5.837012813677520118e-01
-9.693077716713189851e-01
-8.630625574628054686e-01
1.245742255265898102e-01
-8.638837135080155161e-01
2.259530777030345217e-01
4.795608114299816371e-01
5.137652578693236993e-01
-9.913150820668410468e-01
-2.591986064680658064e-01
-4.463329606201535960e-01
6.418973947385848700e-01
-7.542712072843931193e-01
2.454003932904245122e-01
2.008170838121163815e-01
-7.211937301816035983e-01
7.353945710877296538e-01
3.999048865930485697e-01
-5.919115947978388359e-01
6.272254268936645616e-01
-5.715652033221825246e-01
-4.324586797057508036e-01
-8.192095841189539485e-01
-2.951210073708252501e-01
2.559184480948704099e-01
4.868063446059665011e-01
6.176609319439989587e-01
5.366211793212536385e-01
-5.122853266906177705e-01
1.708020654882027589e-01
1.350364785620954411e-01
-7.636475303958301097e-02
6.875717648914125846e-02
1.685919270191498232e-01
2.780713761005393359e-02
3.064475066740235398e-02
3.636251340867380222e-01
8.868929580757467512e-01
-7.829944710587535273e-01
5.592220898811202101e-01
8.808688942020121981e-01
-5.876295059870400017e-01
-3.104610831179057673e-01
2.436729353545552534e-02
-8.574193243719432367e-01
-7.084311184248732740e-01
4.535659787621868499e-01
7.034969054154260881e-01
-9.473468168987535520e-01
4.586885338267026047e-01
-7.366055013381724859e-01
3.415597211495320362e-01
-5.516604004816303419e-01
7.729107620201529638e-01
-1.773023783507088336e-01
-7.407194061555717468e-01
-5.062623682513267553e-01
3.351029938300749134e-01
-8.502448118247776243e-01
-2.532288343766122551e-01
-6.627839416862340016e-01
-6.390437058651547986e-01
8.385665768216301608e-01
-4.367418669027309797e-01
3.974294789200438771e-02
3.486277730008784381e-01
-6.172813326212767127e-01
-3.116650564847889271e-01
-6.499852600576416783e-02
-7.656911792118814564e-01
7.098578383143256954e-01
-4.232519132152292585e-01
-4.451360852599461904e-01
-7.460310483330969689e-01
-5.867677855213750959e-01
8.248743256336135143e-01
-3.142939711922787538e-01
-9.900616368070040973e-01
-6.073025413777970449e-01
-7.385944299421651760e-01
-8.466086829550243387e-01
-4.554373506420683615e-01
-6.815021390286468694e-01
2.047567395409377600e-01
5.817451556015602598e-01
2.188294434932056554e-01
-4.843652645498845999e-01
-6.015356282286150602e-01
-9.320460639060890173e-02
-8.104186509680153527e-01
-1.981060031715153880e-01
4.031527849433522714e-01
-9.053542444236251097e-01
4.852242777700364051e-01
-6.045371123585481232e-01
3.107219014880180374e-01
-1.561430972219675084e-01
-2.694280463273399651e-01
-5.774159978022133100e-01
-7.597212525292313945e-01
3.205348562773955301e-01
1.934449363289889590e-01
-1.783668792002224279e-02
3.996780870251852580e-01
-1.088517397694905853e-01
-6.521890064397894982e-01
-5.088581185841811738e-01
-7.787489667708393792e-01
2.843223799162064580e-02
-3.175140191041496696e-01
-5.897971769094694228e-01
-9.714671752627275225e-01
-2.256331482711277925e-01
-9.102198254113842424e-01
-7.722880707815638068e-02
-5.818353321681111190e-01
7.483835323539884676e-01
-1.647211047992747091e-02
6.624376968657779141e-01
5.362616181906849633e-01
5.601197894364204899e-01
-2.432306733733702320e-01
4.336811282577066606e-01
-2.552089413234437387e-01
2.519067823215441759e-01
-5.579691436421092554e-01
-7.108489218935343246e-02
-6.627807742022762127e-03
5.832670114116291771e-01
-3.745675547688929186e-01
7.340417391865330377e-01
-5.692893445942215358e-02
4.287224434392027383e-01
-4.702485314033473252e-01
7.997202387474864338e-01
6.936781201448083412e-01
7.473120074825623238e-01
8.616837020897896160e-01
-8.250589656687856710e-01
-6.693693631188071258e-01
-2.776644136927020057e-03
5.301203734051052052e-01
8.729196539776782338e-01
7.710401077265511827e-01
8.396522123024221518e-01
5.196598371911520520e-01
8.961033918446714708e-03
6.815137958938037865e-01
-4.435098378387356544e-01
-6.592713624068984313e-01
7.619795819481283150e-01
-4.208710584986166126e-01
4.127177463397710966e-01
5.543589999245948086e-01
5.013004812555459377e-01
-9.047184870989850580e-01
4.108584966208970179e-01
8.953525931697778883e-01
9.620713430299849822e-01
-3.610095073060175519e-01
-1.127546737362277174e-01
-3.339366401830230480e-01
6.091606914739100542e-01
-8.603899289449776777e-01
2.961002970456070305e-01
-8.866449603341983732e-01
7.375524953906158476e-01
7.276179858721483207e-01
6.578262625365933758e-01
9.827207182633077576e-01
-3.871972150852065475e-01
-6.006468271261000691e-01
-5.256969539340938802e-01
7.551938369655772920e-01
6.455020490189056215e-01
-6.589487427019906640e-01
-5.408980007168613380e-01
1.375370775027389136e-01
-9.839674435606304836e-01
1.039548974158699401e-01
6.492691367693199656e-01
7.115553707407906714e-03
-2.208014126117707754e-01
5.209178930193296697e-01
3.884716098451019839e-01
-8.913549529076605360e-01
5.132431122858736039e-01
4.221393496572891646e-01
8.103160092299885875e-01
8.870901848465706507e-02
-7.242549419381565379e-01
4.760113846767386470e-01
2.650693823311522923e-01
-2.038260044820805472e-01
8.683691040778127590e-01
2.967023408524749328e-01
-7.723629443611994549e-01
3.489303925933726624e-01
6.440076178867049084e-01
9.519691569625834404e-01
-8.541665549423258508e-01
-6.162334008988079592e-01
-5.453990473140024609e-01
7.276700374772961943e-01
2.472445586148939167e-01
-4.084049038768782225e-01
-1.970122091646040463e-01
6.514569130679088715e-01
2.456339613915941023e-01
-4.525069524410960664e-01
