1.827363558094566021e-01
-1.299256307316529191e-01
8.961904280521866273e-01
1.381210086018775485e+00
4.602695643499399303e-01
-2.385329211935920402e+00
2.217495329787197988e-01
2.965564388462849088e-02
-2.114857618116159910e-01
1.288946605055387717e-01
-5.141365651170850537e-01
-7.052851938325779280e-01
1.747752258946254078e-01
-1.439591684687082207e+00
1.899934929629442659e-01
2.797096905072304907e-01
1.203860546654006214e+00
5.120469449562050634e-01
-8.310032265606964730e-01
-8.744307549481742381e-01
-6.054889445931158631e-01
-5.155385244834168601e-01
-5.565394837021764296e-01
1.547753307239503551e+00
-6.136838132116929634e-01
8.026410251064628465e-01
-8.281609124090154594e-01
3.739940827390089151e-01
2.104343662028638651e+00
-2.303284156405796534e-02
4.231166157358592361e-01
6.260273028886942370e-01
6.708873000918158525e-03
-5.480735884681691150e-01
1.175077537160029717e-01
-2.407623962316918220e-02
7.864446196552679069e-01
2.466762198803381656e-01
-6.272372391576935824e-02
-1.397047897654572768e-01
1.891130426636827011e-01
-1.881711161718974124e-02
1.967773485880063067e+00
-3.195419165806858697e-01
3.853935907803306971e-01
5.252364884524576283e-01
4.269061161779817981e-01
8.786797292179360230e-02
-1.363373564179043207e+00
1.457480693993882248e-01
8.612916299530224418e-01
-1.267010538827729960e+00
4.214786551791993574e-02
-6.057492679177454153e-01
-1.337351737216738279e+00
1.103123819197359690e-01
6.308763040291767155e-01
-9.652606163232262393e-01
-5.587554248720809635e-01
-2.633588018592954327e+00
9.404744762157863924e-01
7.203051531220251436e-01
-5.082222937878798641e-01
1.388106883310591400e-01
-1.405866877864617726e-01
-1.052654705555859049e+00
-5.606399448282917142e-01
-6.001598972662469667e-01
-1.361960088876024155e-01
-1.871360560456185596e-01
1.422809802532529755e-01
-1.012845364710492913e+00
-8.601199696279782092e-01
1.069885751153558662e+00
-3.074678187516371453e-01
1.335264172369117430e+00
9.169242333896598929e-01
-4.037611021844788595e-01
-8.493649944457433154e-01
-7.119913101547505896e-01
-9.439582524144750630e-01
4.708454817696172690e-01
9.364679455861414370e-01
7.331432540908192630e-01
1.141838026335456613e-02
3.603530841128526063e-01
1.112153852563573242e+00
1.200247244429740734e+00
9.476764556671657402e-01
-1.007640804728432427e-01
2.068566594593295171e-01
4.446982564685296735e-01
2.521926453849158145e-01
1.173110789869789228e+00
5.551638680649562119e-01
-2.591248526437699429e-01
-7.729052316751557905e-01
-9.690002157340122935e-01
1.797209724879445414e+00
1.056698485232760998e+00
-9.094943374066033481e-02
6.367947434383655070e-01
-7.367530661982321094e-01
-9.127644043679585817e-01
-2.268674292139724047e-01
4.209880370922025605e-01
5.180131779902272804e-01
-4.075461172072747384e-01
-3.960592550738313289e-01
-9.030040056417487637e-01
3.918326101038369091e-02
6.748089719960517208e-01
8.142448820588366054e-02
-5.899253846177099359e-01
5.623493751172199406e-01
-2.292246453276389762e-01
6.252181717128538763e-01
9.001990474320029634e-01
-2.165873244741789994e-01
4.248005207215536094e-01
7.852263691729146622e-01
-2.664784036008898127e-01
3.205461138593981296e-01
8.230153773322601563e-01
8.893119374474186545e-01
1.028830255668650384e+00
-2.758248689459715797e-01
-9.453547491892902443e-02
1.151999651509170164e-01
4.476659442327647342e-01
5.198690919258536214e-02
9.122127789919447505e-01
-6.866341195687224452e-01
-1.310518895257712035e+00
-5.739778827788160065e-01
-9.235097097351743223e-01
2.326564187383737270e-01
-1.096078039664409864e-01
9.076600975769610891e-01
-1.021392508805481825e+00
1.466529656455870301e+00
-6.528598903835649558e-01
-2.651309660259801859e-01
4.827944032047302159e-01
4.634992995999523413e-01
1.799075112275778099e-01
1.747348390912955018e-01
1.089796924045177917e+00
-3.983429831193374682e-01
-4.392547324878646187e-01
-3.809716134070695315e-01
1.064960291808509707e+00
-3.817164645113343413e-01
1.348150882531987893e+00
-1.281312358736548696e+00
-2.229455747382417918e+00
1.546178586397704002e-01
-8.877650323671459898e-01
-5.214304436137004450e-02
6.401568327346613962e-01
-8.763101797512131697e-01
9.187787224841188483e-01
-3.594557435113976962e-01
-3.619600936279192549e-01
1.018057346884549297e+00
6.184396798540366946e-01
1.462349637376520572e+00
5.582927306142102530e-01
-1.827258519939310433e-01
9.004249371004287017e-01
-8.107100140051810566e-01
-9.136508059765102718e-01
-7.695129149028154814e-01
5.945589291249642194e-01
-6.656305540445409674e-01
-8.768621448979372346e-01
8.709444971624707987e-02
9.426562873025894351e-01
-9.787743242404434163e-01
-5.049860479522862988e-01
9.583970542785811286e-01
-1.507325707894322242e-01
-9.118387733321240418e-01
3.689306524637697149e-01
4.461139718708936330e-01
-5.518457689300069191e-01
-8.559919006718013090e-01
-8.746699398380918256e-01
-5.649006426351723675e-01
-5.983243932875161875e-01
-7.503974736927665479e-02
1.290548156156939186e+00
8.452624987800660961e-02
-1.433161339677737622e-01
-1.117352044888063611e+00
1.422299385086616130e-01
-2.361300366009629614e-01
-7.162292407562778074e-01
2.792005881782329446e+00
5.226768565380209841e-01
1.180152231463621249e+00
-1.249778214240267360e+00
3.822072602028070420e-01
-3.630298589947705268e-01
6.267819263670593166e-01
6.509698471591762736e-01
-9.260617558426870177e-01
5.269679011847179240e-01
7.659084202323088730e-01
6.985848709650304134e-01
-6.436673396848507922e-01
3.731440916144248554e-01
-5.430332537453801400e-01
-1.294205254798178384e+00
5.782650663517683309e-01
5.257913700250362865e-01
-5.357795978618187238e-01
3.184191807551404185e-01
6.636072382912716616e-01
1.703981889426231522e-01
-2.994586453185752450e-01
2.712306969022714731e-01
5.749233349660707315e-01
7.573709405691930741e-02
4.055824033345388213e-01
-5.172721599832044159e-01
7.506793154726143502e-02
-6.194597971896909083e-01
-8.561811195616468861e-01
6.166394398131871402e-01
-8.676494736292468257e-01
3.497427312647689579e-01
7.874971439044708976e-01
7.505581108519210343e-01
4.463584253749839359e-01
-4.633782568471844776e-02
-1.481879020488633403e-01
-8.454004532284982165e-01
8.584374407708634802e-01
8.341928949472223742e-01
8.487304260994498195e-01
3.369220625437567840e-01
-7.251333588790807028e-01
9.434248723197137254e-01
-4.522491707497606761e-01
-5.374916662088289332e-01
1.824628231465936778e+00
-8.264454343896826538e-01
9.785024008459426437e-01
2.879631302771581969e-01
-7.160132830187786457e-01
8.988407809621872246e-01
8.795015295857298021e-01
7.822897847520207115e-01
-6.123924223562358105e-01
-9.219086924914448034e-01
-2.078659395661153209e-01
1.801420097668966491e-01
-3.609874290375983952e-01
-6.124486958211867726e-01
5.792138863278291083e-01
2.516682455858439305e+00
-7.451782954428751715e-01
5.334703344426714455e-01
-7.066428933230193277e-01
