5.230328836969133643e-01
1.407903931393163777e-01
4.096765134622996074e-01
-6.413312569446798506e-01
5.698992326890519600e-01
-2.255486597173359253e-01
9.365811017635843339e-01
1.517066305740387255e+00
-3.864548304243954902e-01
-4.892357547085551817e-01
1.307068871473704208e+00
2.059405311552088835e-01
9.811519591762674075e-01
7.584315552552910455e-01
3.635323414465819747e-01
9.181960394637296297e-01
-7.229096489456713348e-01
-1.654756212611945054e+00
3.455643858692548087e-01
-2.756306383069471178e-01
-7.686318471365594096e-01
-2.462576613443760998e-01
-3.302875464934124095e-01
-7.043998535046396281e-01
-6.240603693680282227e-01
-3.699295692299872096e-01
7.739537218339359592e-01
-8.167892138704453409e-01
-5.538992157491182677e-01
-1.049473279300422862e-01
7.134816717429777189e-01
1.120721185950820653e-01
-3.936162171421327960e-01
-1.351953585825287796e+00
1.234720655409833112e+00
6.809194020314102147e-01
-7.022683600342998211e-01
5.511483742485214776e-01
1.001995873277177207e+00
7.311492851447380925e-01
-1.488682350460903692e-01
3.217812497177101605e-01
-6.617164096229237735e-01
-5.466307153304472699e-01
4.861148511852318443e-01
-1.374126063779558482e+00
-3.330367863144998442e-01
6.320793721392826692e-01
-4.281566203694056050e-01
7.908859828438821182e-01
7.137362171163902369e-02
-5.351503359985495534e-01
2.798215761725860062e+00
3.464392668303317158e-01
-1.774395169641806103e+00
-6.755585126915089056e-01
7.554999067800896029e-01
-1.443502102698809852e-01
1.067965176419661821e+00
1.807799543089566585e-01
-6.942497844864908840e-01
6.942535295279546048e-01
-9.981800135803915452e-01
-1.879334039704638748e-02
5.959664463638952858e-01
-2.243679297942140771e-01
-1.622687662962180699e+00
4.609637029141863129e-01
-9.593578790441914528e-01
1.233952487004237986e+00
1.263581553853857509e-01
1.934408560261634269e-01
-4.844822376608971526e-01
6.037446198722087320e-01
6.082598416009059594e-01
8.717425017631932338e-01
-8.216847656293011504e-01
7.954672381438943063e-01
-4.793085096495326436e-01
-6.534394560497827631e-02
-1.090689307001009301e+00
6.951052441572735940e-01
5.269962556628788874e-01
-2.152788828257734821e-01
7.155882875536264676e-01
3.993181862652923630e-01
3.742729677644438535e-01
-1.019802788000148813e-01
-8.297198444442756005e-01
6.902807041669166699e-01
7.273662620427079339e-01
7.588347251710652053e-01
8.332219027321560167e-01
-3.454631441569695482e-01
4.727445731451452304e-01
1.890709361909292952e-01
5.719619911172800775e-01
-4.457192643554500067e-01
-1.375076046185271350e+00
4.762749919576337310e-01
4.268611627825866783e-01
-2.706041562373455167e-01
-2.470886005112309380e-01
-9.719995557759454619e-02
1.272017992851375512e+00
-7.052602957130422734e-01
-3.782841478513563893e-01
-1.564940199265159704e+00
-3.155592060811079902e-02
-3.118796394730616317e-01
6.109366784426885078e-01
2.852813225408437070e-01
-9.352466791645478450e-01
7.327163893198322953e-01
-1.060078681401854794e+00
1.789721726051891615e+00
-5.170603047325715851e-01
-2.993075510721575627e-01
-6.586900966529347645e-01
-2.112002422777896626e-01
7.088592712144043961e-01
-8.576372742917073300e-01
3.691759226698085872e-01
8.989809005569254774e-03
3.246423878482196934e-01
7.643331285258958552e-01
6.172540040258949201e-01
-1.666883715497042284e-01
-4.826242473738687755e-01
-6.899041869186753884e-01
3.228214462437539733e-01
8.159890096145909766e-01
-1.021258887730762455e+00
-2.643654137258057979e-01
2.132608893493137980e+00
-1.201145410987257245e+00
-5.507496141825465319e-01
2.803871871121321746e-02
5.588260221894568447e-02
3.846763769402525845e-01
-6.585388789495781880e-01
5.978820291337849646e-01
8.833843714003746239e-01
8.296889364975043035e-01
3.032743098518351221e-01
-3.672685785951581017e-01
4.013709043471525018e-01
2.416953248645120067e-01
4.765104602676517032e-01
-2.166539742454802742e-01
-4.722270268143797800e-01
-4.328635467702794948e-01
-6.757191684181262925e-01
-8.663629684508532547e-01
1.250476199424901402e-01
9.722853234367475617e-01
-1.017604859295098363e+00
8.901667352176831916e-01
8.328310852205378367e-01
-9.272540399723082638e-01
-8.088856808144058164e-01
-3.730979557869692487e-01
1.277445205179518206e-01
8.874509766191823745e-01
3.240234855664478886e-01
-7.831670447245367983e-01
4.925108704116706315e-01
-1.085610573596556883e+00
-1.149041427034598106e+00
3.635001883869604100e-01
6.061656846314109615e-01
6.421424573109651979e-02
1.248025580984582161e+00
1.094758491333014838e+00
-3.092294191379239832e-02
-4.532970904359211461e-01
-2.953761123035864578e-01
9.448397277068991684e-01
8.853848562757362650e-01
-6.843491903820566602e-01
-9.046062562968859577e-02
-6.127047873399069644e-01
7.330190396274264275e-01
-1.053260431956604570e+00
1.450408096216350806e+00
-1.781709433967445522e-01
4.629886568891874443e-01
-7.483979936942048994e-01
3.383820553645913026e-02
1.031766173459824021e+00
3.433919285879517558e-01
1.072163943518726459e+00
-1.013336217806517781e-01
2.978735212781822295e-01
8.599697735582496616e-01
8.251188266380649061e-01
2.637086127127791002e+00
-3.935503270959227473e-01
-2.015948169424691017e+00
-2.477648114446450722e-01
-2.457286225336518248e-01
3.568891110234402864e-01
2.341220235906045777e-01
2.802485804302306427e+00
-2.817255384975836385e-01
-2.225031755964402613e+00
2.256107611043580430e-01
2.064411969893322762e-01
-8.746809934344682569e-01
2.487180874476871417e-01
-4.262932519613999993e-01
5.923983789765374652e-01
1.602837999077892928e-01
-9.063149449932714763e-01
-2.115017599820613881e-01
3.484631127994405331e-01
-2.618321104303961144e-03
6.347402285312176984e-01
1.003162282722461773e+00
2.157791028158846824e+00
-5.877681478142482430e-01
-2.043711457299304701e+00
7.911534223974278079e-01
1.739156297440380694e+00
7.672521371944153179e-01
-4.447591375182569085e-02
8.441867345929632283e-01
-2.244115739201066051e-01
-1.129986911327988119e-01
-3.368056243529115590e-01
-2.660450022730039832e-01
1.599342199730234171e+00
2.465575362664936598e+00
3.761378798095584286e-01
2.251791511978971094e+00
-7.167723541267279064e-02
6.813676199249090182e-01
-1.857070196583726185e+00
2.043824822987554857e+00
1.385554481453828424e-01
-3.605338367857576998e+00
-1.261096888115007975e+00
1.480725724353912476e+00
-5.599763618911353102e-01
-1.898169005465232040e+00
-9.485808165831804972e-01
-1.540701911031245874e+00
-4.050473520703793406e-01
8.742323290233926514e-01
6.840058551872513215e-01
9.974068330217619738e-04
1.023111513263167405e+00
-1.158392906699150238e-02
1.636359247588360821e+00
4.330245322202582736e-01
-1.123929806346957161e-02
9.954160568728248615e-01
5.852476489027892415e-01
-3.528208493049611594e-01
-3.384144137132490959e-01
-2.703287612323423406e-01
-3.433912348267580406e-01
-3.812530805102782860e-01
-3.631758029166292645e-01
6.700980362410017266e-01
