4.910846352810362969e-01
-9.353911483421972761e-02
5.943821555631239040e-01
9.734860702014305200e-01
-2.883395565182018672e-01
-4.598555245595365992e-01
-7.396908796087882099e-01
8.724841806695431412e-01
-1.948979223839200081e-01
-9.362305119263987230e-01
6.054174874017212993e-01
-2.701524474922205599e-01
1.691143602403515356e-01
-9.781629232746811287e-01
1.999862716785605343e-02
2.189942952993282343e-01
-4.333446021873121889e-01
-1.339094299310279457e-01
2.194139368603753582e-01
1.845599738136811663e-01
7.286836093636295253e-02
-2.975331795578275429e-01
5.466912728229618157e-01
2.020882513442108230e-01
-6.359690169321399189e-01
1.597069304729041850e-01
6.440996384403099295e-01
-4.592301021063716071e-02
-5.784065665086994823e-01
9.898384479630235600e-01
8.072903940818163537e-01
8.794109831796301791e-01
-3.256044502638213434e-01
-2.208062355415627565e-01
-3.991622072929683629e-01
-4.679561720214615583e-01
-3.907012586154254841e-01
7.079281595182833620e-01
-3.944628234352964835e-01
3.036325913781996455e-01
-4.957842798306544285e-01
-7.462101341637732421e-01
9.032924220327211984e-01
-4.834525667446165631e-01
-4.727355260697807537e-02
8.608498383188836200e-01
-7.878948920170558701e-01
2.666360671072327548e-01
1.792149037634336306e-01
3.868302535351209048e-01
2.105437850668128164e-01
-5.517250424289765753e-01
1.918905499296621464e-01
4.814521782756957524e-01
7.418895176352160448e-01
-8.121917011603585479e-02
-4.896116215687396078e-01
1.457994430430100685e-01
7.754030193370711199e-01
-8.714664175409647662e-01
8.765157962732761376e-01
-8.500591782560225074e-01
8.889281250958491754e-02
-5.502353033325932952e-01
1.431778210629814918e-01
9.794920067769263827e-01
-2.995441445168647299e-01
2.653321741314593751e-01
9.891511836773625443e-01
8.889554744800953756e-01
-6.991719682453956253e-02
2.564616699992712245e-01
-9.033875693016011343e-01
8.858752072672813060e-01
-1.394829046742447343e-01
3.196158657017396099e-01
9.899879703733300840e-01
1.226173024982253335e-01
-5.785140027087500858e-01
5.045792659635111033e-01
-5.781799021912208403e-01
2.406941876998762719e-01
4.804393710828276376e-01
8.205468510761677603e-01
-1.754962129570099005e-01
-9.466078859825819425e-01
-3.988075459017927926e-01
2.204751197910417293e-01
7.403920072093095328e-02
-5.471071519581871545e-01
8.762492585670156320e-01
4.810106865462122627e-01
7.358078634812792451e-02
9.147686477404470828e-02
2.231547439973833313e-01
8.601552296988237423e-01
2.016061293383355491e-01
3.942825101452007708e-01
-3.181319486469798008e-01
-2.614458077476236042e-01
6.971092947667605344e-01
-7.205566126639633140e-01
-3.407059910706708994e-01
-4.920099281590939455e-01
-9.332670202488795308e-01
-8.490807029455351707e-01
-5.616022981959132299e-01
-4.121482948650498912e-01
6.226157977655217834e-01
-6.340966457414494162e-01
-8.663394671763873234e-01
-8.673261140442050099e-01
-5.097652410092623487e-01
1.084459183580477326e-01
-7.720675567294272845e-01
-4.147124212903574580e-02
8.480055086767102068e-02
7.767910555962460606e-01
9.252074631424869189e-01
-8.123922125319873455e-01
7.729192727342260039e-01
9.848439122667835832e-01
4.990212775616786889e-01
-3.412142214509190641e-01
-9.448537399129852687e-02
1.304699830493822876e-01
-5.593178708170072344e-01
-9.971742304452402283e-01
9.422926623756058273e-01
-9.907529173946436618e-01
9.083716289689311996e-01
-2.624399991573360680e-01
-5.050009304106171104e-01
-8.951434624775957971e-01
-3.210906632746937106e-01
6.463723436507839981e-01
8.283698811547102192e-01
1.699635947616398024e-01
-8.812281227976730413e-01
7.555087721870570316e-01
-7.609980461799881191e-02
-7.120293024277850602e-01
8.788512060452036145e-02
-2.318253158524967716e-01
2.517602515075787473e-01
7.265270705162585330e-02
6.289184690674758382e-01
-5.226541526007766336e-03
5.844726972840308399e-01
9.822741348274759421e-01
-7.233153493494550723e-01
-4.068550715968530795e-01
9.621747941168961038e-01
8.003271060417671556e-01
-5.833246389216903971e-01
-6.113182850718619221e-01
4.140843315406452785e-01
9.025648242032091595e-01
9.586334162049705565e-01
6.730677334762003028e-02
9.887388335753708457e-01
-8.891953171106588005e-01
-6.313635207945722527e-02
-3.247795331641252226e-01
-6.344135463732913927e-02
-2.670733831096134825e-01
-5.438668480187747178e-01
-3.207003536077035477e-02
-7.055543793116554330e-01
3.567497499578275999e-02
3.589068343806693928e-01
-2.958175009137036238e-01
8.619865432025755059e-01
-9.807576504100516956e-01
3.794248477026038735e-01
-1.192725280162383328e-01
-7.651273963154014979e-03
5.849219254706579108e-01
5.622989469374810589e-01
-5.954272251267767047e-01
-4.085333341924892725e-01
3.016073713561959746e-01
7.472998151730352312e-01
4.889806554624616108e-01
-8.303922981225808631e-01
4.881682556990747379e-01
4.257508541735690599e-01
8.884152681627230930e-01
-5.753987121906358748e-01
6.928626543311633412e-01
-9.333473237704035252e-01
8.025387380483417488e-02
9.991743050222945399e-02
5.914886748423500151e-01
-6.849043438738984246e-01
-9.261217044271652377e-01
1.351415493594583239e-01
-6.096595106323172697e-01
3.195125137689811545e-01
3.224163164216855559e-01
-9.976694997388011465e-01
3.292833877909129292e-02
3.792112938630063379e-01
7.618468631319847972e-01
8.785964690052934234e-01
-9.425717823954338215e-01
-2.627730515869508565e-03
7.473844607175141874e-01
-9.926953353922327583e-01
8.063806127401118573e-01
-8.902911950421368292e-01
3.331107494234555322e-01
6.474795405769251389e-02
8.847118122771546744e-01
2.202855892634776325e-01
4.327853262020100455e-01
2.773777768614631434e-01
-2.359429799899270819e-01
3.339276819157712684e-01
-8.064974936217919055e-01
2.706851173167492686e-01
-1.896599608741031950e-01
8.277974377072487844e-01
-5.797868032082356127e-01
7.286876645111297623e-01
-8.163410580217478341e-01
3.009970814094156122e-01
8.809810103713668905e-01
-3.198913862970811373e-01
1.338817063360924209e-01
-3.615581286112010684e-01
-3.399528751958769135e-01
-9.782275009238534658e-01
1.320925941771524670e-01
-4.362057590971617493e-01
-7.612404606555744913e-02
-9.405511224360063594e-03
-9.404055172820999786e-01
2.216139677970281330e-01
5.134614339380996206e-01
9.969246703482830263e-01
-6.083602698903554096e-01
-9.006789477552599177e-01
-5.868745813839622016e-01
5.668199064381480579e-01
-6.933315932861470188e-01
8.914370947209144802e-01
-8.424612010160126285e-01
6.847098044710442366e-02
6.926340392573446803e-01
-7.776485917566640094e-01
-6.264886264746913902e-01
5.604892201558153708e-01
9.351671363963460770e-01
5.569005905753579011e-01
-1.034226474166188847e-01
6.625183881949359144e-01
2.691399480105327591e-02
4.458834423181958773e-01
4.548409929357120074e-01
1.521868556523919835e-01
-9.094496766774704533e-01
6.166772088449272715e-01
8.312640442580203626e-01
5.184215845648165732e-02
