9.228908966038675832e-01
-8.182983117666866590e-01
5.664760030680839886e-01
5.863902325002772198e-01
6.604224091317718592e-01
8.648347063290593439e-01
-4.290257418893002050e-01
-2.379029881879424213e-01
-1.610910940306919947e-01
2.684764476200087735e-01
-2.273960462731294818e-01
3.420005598900588417e-01
-2.974727195409663238e-01
-8.376164750934813608e-01
-2.445728710140462336e-01
-4.046215163776165635e-01
-5.932887398262920442e-03
3.292041315507954202e-02
7.372040731414541970e-01
2.549593799688800733e-01
6.601700178126224117e-01
-7.991024438642042593e-01
-2.306589960283438323e-01
-9.313589441366179056e-01
2.129749649946854895e-01
2.369472283842792848e-01
8.969295317801941891e-01
3.722175165430672283e-01
3.890956553589139943e-01
-7.016143247589985421e-01
1.864320422405856270e-01
-9.025453778328580423e-01
-6.937125940817678860e-01
6.805688550718407281e-01
5.953661515360124667e-01
8.931671260627926934e-02
5.605509677077669117e-02
2.930021598856449305e-01
-8.874583424795647879e-01
-5.072879544137591790e-01
-1.282952593854211898e-01
9.029184005948753811e-01
5.746719606885868359e-01
-3.067965182960563642e-01
9.303265633424240288e-01
8.205344950799808856e-02
-8.414400544294426965e-01
-7.025491778465575710e-01
-4.400449984992056418e-01
2.680406431534514411e-01
6.746786721335724657e-01
4.049431313989488856e-01
9.354892684327169583e-01
3.592396860273019410e-01
7.264297025152319787e-01
2.758331438969539029e-01
-7.792551255540662858e-01
-2.664643339893300045e-01
6.983986021280907952e-01
9.327222580646341576e-01
-9.080650500305420536e-02
1.514673918905435901e-01
6.362828315148527647e-01
5.945224160410056413e-01
6.317076511472607958e-01
-6.539340984731865092e-01
8.769900826062795307e-01
6.629194429784686093e-01
4.491963049735387958e-01
1.757129068485745460e-01
7.798138779190428860e-01
6.134226473868751306e-01
6.710206982825508426e-01
-2.523907412118302496e-01
-5.215912841305694325e-01
-4.324195242771298187e-01
-2.748463707448589588e-01
-6.769818490351808826e-02
-3.849500175170477156e-01
-4.283123091528460158e-01
-1.214100247479141803e-01
4.402481661547605896e-01
-7.658946057319246936e-01
-5.225581613308212248e-01
6.171135501114857203e-01
2.380037459427688518e-01
-9.731393841798339217e-01
6.035339822863363679e-01
-6.120585316191393677e-01
-8.581310442725360588e-01
-8.185059053598129353e-01
3.511542203164441656e-01
4.725622709906986962e-01
-4.795617506795184504e-01
-4.621759837970309537e-01
6.270572583409150802e-01
7.590903044068244565e-01
-7.797147138023878821e-01
4.375034446164853819e-01
5.897895949425839834e-01
-2.479660320245915539e-01
1.867984475322397309e-01
5.456716317525043269e-01
-2.276353033035054541e-01
-7.460124201902575969e-01
-7.535657101281840742e-01
1.732207446928339944e-01
-1.111395654110862719e-01
-9.092214478135884903e-01
-2.344755272540399726e-01
-5.191643598675372839e-01
-7.965581655813758211e-01
-8.862975005307438536e-02
-4.507177810055071898e-01
-7.487904850965152459e-01
8.603297456498772977e-01
-4.099352801052151829e-01
-5.872983640636642022e-02
6.618796566580567031e-01
-9.128991612257382204e-01
8.292692614003294160e-02
-8.723862731925005054e-01
6.227110994636595453e-01
-6.944496340338544016e-01
7.051104961479159883e-01
2.755852394446374198e-01
-4.449565460471083256e-02
-9.801802886729449327e-02
-9.101213187929444448e-01
4.170204951276255123e-01
2.224776214607886438e-01
2.815256745477958678e-01
-8.809937130136691330e-02
-6.518680979253363983e-01
-4.493957538934016949e-01
-4.727303041345005674e-01
2.205421551961619375e-01
-5.880378513261730333e-01
7.119666797836292638e-01
-5.144476543527320977e-02
6.387266071152821745e-01
-6.665441872991497707e-01
-4.031305095113995041e-01
-9.400830329909595218e-01
-3.597148343075329269e-01
-6.589573028590518522e-01
4.595964386112545430e-01
-9.755778855421310958e-01
-9.557213610556372085e-01
6.747117762667071972e-01
-4.959920864487439296e-01
7.331824368391732794e-01
4.478480832025921732e-01
7.931555477952674238e-01
-4.751567034682613322e-01
-6.271394663669074276e-01
-2.000139382690957479e-01
-1.134971926059695768e-01
-1.445515716106049453e-02
-7.126172539518715876e-01
8.877357502069318507e-01
-6.452591628325707873e-01
6.171359591421792246e-01
-4.631827074887657769e-01
1.405031617578722525e-01
-9.424085735552929499e-01
-6.251061851145429671e-01
-9.193009059518539861e-01
3.792606329431438272e-01
2.994661312652828755e-01
-8.221643655767825187e-01
-1.829864054271308493e-01
-2.220621005833272044e-01
-9.572212758809550692e-02
8.802402679244583084e-01
-1.243054171782205231e-01
-1.240233778597277237e-01
-7.943127379440291236e-01
-1.397100220705815854e-01
-4.244383791019237240e-01
-2.666011200698905625e-01
-4.075194393722911812e-01
-2.246428526506796253e-01
-8.896278590057709046e-01
9.605270883075409660e-01
-4.177593021200434187e-01
2.914304204633035855e-01
9.238664630879869222e-01
-8.137585712424291184e-01
9.246662062980472996e-01
4.856506813486813900e-01
6.354464358030200710e-01
-2.483270968457276240e-01
2.570655334314391194e-01
-3.686251591945630679e-01
-6.460481663902131189e-01
6.122839068519978500e-01
-2.309587414365144031e-01
-8.858843323189238284e-01
-3.340928541717569367e-01
-4.047298023765240060e-01
1.239433399081326659e-01
5.294401855938890566e-01
1.853586032631919789e-01
-8.399595961852421855e-01
8.530624775061788068e-01
-5.757708771521523605e-01
-2.556590335517179291e-01
-3.122238459039539116e-01
-3.253816051684399469e-01
-9.031427402993228437e-01
8.321022368091561816e-01
-8.519016425005048188e-01
-2.578437651943141784e-01
-2.343348069663269140e-01
6.131385322056908116e-01
-6.912133079526807666e-01
5.446425126585507925e-02
-7.174901279599965598e-02
6.219719340180529521e-02
-5.903010544679652138e-01
9.527490847076902636e-01
8.275234255073815604e-01
8.301359742858309687e-01
4.426700661771496570e-01
3.778166779762659466e-02
5.327219217432543896e-01
7.791551993285752431e-01
7.695481873601841549e-01
6.196636132620068071e-01
9.906110392353713046e-01
5.168665409328836446e-01
-3.348884038093622451e-01
5.794852906069181131e-04
1.017185102007209796e-01
5.669994705996517226e-01
1.130078232718363385e-01
1.625597829579330522e-01
-2.221829462268791744e-01
-2.439925664580286924e-01
-5.697730759063757144e-01
-4.799877226682700559e-01
-9.345666403234722530e-01
8.208241907804834092e-01
-6.183147104217863177e-01
-5.041841645404658845e-01
6.188920890726041790e-01
-2.325642885724579223e-01
5.913459959182132408e-02
7.259220117823774743e-01
-3.463806291527458114e-01
1.722358335021341169e-01
8.542574089502119605e-01
-6.400829252310411555e-01
5.256607596482707478e-01
-8.885238600818365917e-01
3.699751132454722757e-01
-9.372070483095165105e-01
-2.410471276316092926e-01
-4.309625196420332482e-01
-2.262006637084774674e-01
-7.691428090472087753e-01
3.711414977285110162e-01
7.304550278259025475e-02
-2.145172522214946476e-01
