2.002039362573934334e+00
8.183769884576108655e-02
-1.605652840625299227e+00
1.728882703775733276e+00
7.818937343512142313e-01
5.010935293471467933e-01
-1.196150336554445692e-01
3.390474422684617295e-01
-8.308550518548396546e-01
1.369015461958038360e+00
-8.879596146252471955e-01
4.763877347904395876e+00
3.132012717849926631e+00
9.482214323307811554e-01
-2.942088504044665931e-01
-7.579955549526735670e-01
2.474273559952563151e+00
-2.114540996202021184e+00
1.066636427130377207e+00
-1.035197824127877642e+00
-4.904731094997544893e+00
4.368633612624287288e+00
-1.168274112169606083e+00
1.973822939687694400e-02
3.158296227020090718e+00
-8.694425602347805038e-02
-4.956442756225364121e+00
2.227616398773569206e-01
5.316815413360990838e+00
1.529800606657624629e+00
-6.484286420191127664e-01
1.225460828849469497e+00
2.949754953339994934e+00
-8.834207795418770326e-01
-4.966639385905871507e+00
-7.197829123565988585e-01
-2.464655939331488632e+00
-2.352851987316743276e+00
2.487232901953571496e+00
-3.354748113143424693e+00
1.697384231353859629e+00
3.134631562942462146e+00
-2.246494066043460691e+00
6.453895688882248294e+00
-1.098108237480220239e+00
-2.042050120168321936e-01
-4.446240857827480575e+00
-1.193738300057262780e+00
1.891653295585157490e+00
4.937980641017691852e-03
3.289042582326808795e+00
-3.929448691041560249e+00
-1.438187077679846881e+00
1.681117946670520169e+00
3.205142040098318823e+00
-2.633245361060006395e+00
1.856359109383583506e-01
-3.816106017269266015e+00
-3.167114684495559995e-01
2.751456535480219401e+00
2.900518746060183783e+00
-1.399793742119661344e+00
-2.050648988391809535e+00
-1.733376578088536846e+00
9.211150431459527166e-01
-3.751039279431012119e-02
-4.433860293855427237e-01
-6.740008584350386300e+00
-6.805047592619761776e-02
4.585157994671340553e+00
-2.051189931682593670e+00
5.484681178637709209e+00
1.508404282881861347e+00
-3.293340351333417182e+00
2.761843550976967432e+00
-5.149654646152528770e+00
-3.324056556685781150e+00
-3.015319401403214750e-01
6.983393714717009981e-01
4.269260404689542376e+00
3.518839940713416325e+00
1.927599061328550745e+00
2.718711700817170840e+00
2.136317821660503213e+00
6.389434897003887226e-01
-1.151261561503751363e+00
4.986756579156644165e+00
-3.880471974010371472e+00
2.367700041765275376e+00
4.391074031905151998e+00
3.102320093136802015e+00
-1.546015027945354614e+00
2.772963911216607791e+00
-2.263049495238573350e+00
-5.359211738112491297e+00
-3.870086674077675148e-01
2.476426941805408788e+00
-4.578009616863601750e+00
1.268549056137889153e+00
5.994189236491727080e-01
6.437555897006985717e-02
-9.786758316134627211e-01
-1.292812186843884881e+00
-2.675618433597696244e-01
2.085012564580746464e+00
-3.434721653077910108e+00
1.591009536437465233e+00
-2.715043674647139582e+00
2.273641644240686155e+00
1.568761579250827820e+00
-3.936671875170991264e+00
-5.068799783367002654e+00
-1.348969169263137591e+00
8.268115120567016696e-01
2.029070734844940382e+00
6.134664654826854857e+00
-1.102101604573179960e+00
-1.274638979976884023e+00
2.816802393443368580e+00
5.505071280593659688e-01
-3.563068831359393673e+00
-2.553472307306433819e+00
-4.998664874621080223e+00
2.564789836637745291e-01
-2.295441018705802971e+00
4.799169860592416015e-01
-3.647687016302318952e+00
-1.452212936141560995e+00
-1.343079165918875884e+00
4.198575090133966903e-01
-3.282532671954975001e+00
-3.464297407780570826e+00
-3.202860903779456869e+00
-3.614022545756180316e-01
2.829111066264903052e+00
1.028941906706100973e+00
-1.474678603072110850e+00
-2.166661971959929822e+00
1.116927875117302849e+00
1.533398926632179249e+00
4.860614701906713186e+00
-1.709194553103532188e+00
1.388638487056190751e+00
-1.112836407559079310e+00
-4.929227989606098648e-01
-3.254379618386226136e-01
2.255580517924123285e+00
9.738807408047303049e-01
1.355316344081273883e+00
3.825368117684890823e-02
3.959605834491117360e+00
3.134130136361471308e+00
1.797794972559096482e+00
2.977678305734487552e+00
-4.196031431680456336e+00
3.140652624975555529e+00
-2.154215723931927506e+00
4.384950737704363943e-01
-2.676342496638348223e+00
3.020515697297698754e+00
-2.921945055094745669e+00
-1.914599457273384431e+00
-2.998987518577131528e+00
-2.160374947222303277e+00
-4.317591126428351189e-01
2.072774690759611183e+00
5.863567944282262800e+00
2.237563364858842441e+00
-1.016641474924275146e+00
-1.386393074950571069e+00
1.782436332747157959e+00
3.991314636919254699e+00
2.116298306956918562e+00
8.056860184520650003e-01
2.133286372479204385e+00
-1.170951622898614541e+00
-1.825761221850340732e+00
1.147720362753611445e+00
-5.120762229896147488e-01
4.757119333232185276e+00
-1.609901151350617399e+00
2.576650186361109096e+00
-2.365113776901499598e+00
3.894736134805626193e+00
3.352921032312830008e+00
6.909724849003215930e-01
6.061523725162138998e-01
2.177132028353483406e+00
2.456867436521540604e+00
-2.485219511301361983e-02
3.513984615882244089e+00
4.773642712560045354e+00
-1.000847288561446558e+00
-3.536834068736161019e-01
1.515109987772038203e+00
-5.312779729797747486e-01
-2.137085844344466246e+00
1.544882494505883219e+00
-2.313419105982194246e+00
-3.036706005606517156e+00
1.063237847691917981e-01
-1.276236176777176823e+00
5.972098475622203750e+00
2.042089785623455889e+00
-5.193415708825552812e+00
3.706893205475446873e+00
4.512920273998836329e+00
4.431884830512082374e+00
3.342001180201077837e+00
-4.301064220481817024e+00
-2.195454430608948515e-01
-1.470070882824331626e+00
1.166893241026693895e+00
-1.166175368857748751e+00
-2.663317195797064052e+00
2.332791337023275569e-01
4.427255413318095911e+00
5.856455427844619033e-01
3.899754739643434220e+00
4.129627975093397296e-01
-4.165862397264499251e+00
-3.979144625400487634e+00
-3.083126316304520831e+00
7.546809661459865648e-01
6.817619001118457867e-02
-2.349779322409908389e+00
-6.957993292412328890e-01
-2.742899378313782055e+00
2.431489679380525182e+00
1.827813464409380639e+00
2.264156694567226680e+00
-3.123663097293096769e+00
4.833543981848321125e-01
2.624661275189318577e+00
1.566072829843279335e+00
1.338388437920762675e+00
-3.801344899939825273e-01
-1.106346487605749163e+00
2.080561388550942192e-01
-2.306414310826019332e+00
-7.731307788851700113e-01
-1.260551252405429645e-01
1.238464268199610308e+00
3.959571329068070522e+00
-4.421771032000153534e-01
-2.125861945342613968e+00
4.203867445958606730e+00
5.234298062436895105e-01
4.596214197037248317e-01
-6.993549602209357952e-01
-3.907075854694945782e-01
-1.987037685147154287e+00
-2.133239309862097199e-01
2.527726581462347077e+00
6.180291402428560454e-01
-1.601614407231520598e+00
1.054432114474453508e+00
-1.822195909406310710e+00
-4.951435919362022764e-01
2.505047903802547271e+00
1.849127785524746770e-01
3.370552535045032716e-01
2.992892214849552701e+00
2.151583941049703519e+00
1.929683165962081670e-01
