-8.019372385598114716e-01
-2.897967208629720348e-01
-6.986902244890739189e-01
5.157492448186408174e-01
3.242403382186033745e-01
8.245845895544496873e-01
-5.246511522046163334e-01
6.142290642214862650e-01
4.517859500203224576e-01
5.148207427192448282e-01
1.070809083874370682e+00
5.027292944903606342e-01
-1.509984575467505086e-01
-4.690972220318779806e-01
-5.252470843844579962e-01
-9.349614048926041532e-01
1.616304514981156126e-01
2.481864398103513225e-01
5.293754125344494188e-01
2.610661006953287622e-01
-8.636236398961241734e-02
-1.004135827077877741e+00
-2.421623118988770196e-01
-4.540350446896678216e-01
-5.489977742507422542e-01
1.077369569660634185e-01
4.738132849132323798e-01
-8.470470829355603026e-01
5.821183988812400623e-01
-7.961648480365618452e-01
5.715574187046174037e-01
2.264525029978641246e-01
3.438851064740100494e-01
2.988366358918343457e-01
3.702588294266445090e-01
9.283532895692976350e-01
7.102580088479053533e-01
8.193971796204042590e-01
-7.306114869161675074e-01
-2.252645403296500981e-01
-1.215233463663053515e+00
4.734293054314694382e-01
8.370055329814818368e-01
-5.470440318647156186e-01
8.141548018501003625e-01
7.696777948145189230e-01
-1.430173330825664779e+00
-8.308913653744018912e-01
7.010009815814954859e-01
7.089269106097528805e-01
-9.514165804547596306e-01
1.064777127402313228e+00
1.083266153695736089e-02
8.934578598647552328e-01
-6.056296193582069165e-01
-3.233838837307606573e-02
-1.019319353630389280e+00
-2.672054399763612031e-01
-6.852747744106914007e-01
-5.896234180577867301e-01
-4.175777689749862742e-01
9.133016884762513721e-01
-1.519941311581012977e+00
-9.662017571507790226e-02
8.295217882575800505e-01
-7.535187988114435687e-01
1.050952936118480369e-01
5.116419998576865469e-01
-6.411801117031683539e-01
1.727989381128850921e+00
-9.913599189954604984e-01
1.525663661380186054e-01
-2.790612784173911454e-01
6.813250710452423142e-02
5.736734588649339273e-01
1.457199277142285920e+00
-5.773022569302537210e-01
6.105728423147738226e-01
1.245469128159532868e-01
6.698332171688808900e-01
7.775946277272377527e-03
3.384326309490814921e-03
-9.241131430761908572e-01
6.325780218238750141e-01
7.272342281767664174e-01
3.075822960348634227e-01
-8.237135282382699319e-01
3.903834723674883822e-01
-2.795332211856606519e-01
7.075144977407445135e-02
9.451491013651793782e-01
4.220773299548931101e-01
-1.696649795919749071e-01
-3.225551788089988658e-01
-5.295270252217928464e-01
5.880094146433497704e-01
-1.495998653903020781e+00
4.774719348139491726e-01
-3.570185865402089043e-01
1.605452941160731839e-01
-8.810341136746557833e-02
-9.869559513971237763e-02
-1.413453653421567202e-01
5.349024140951089690e-01
-7.250322967430958832e-01
-6.923351064878909833e-01
3.100615021304371499e-01
-9.019004920463128405e-01
-2.423269387414368481e-01
9.049877428201147378e-01
9.637521116601648341e-01
-1.163634380674407609e-01
-1.265192350618693728e+00
7.016494155272148259e-01
4.176576265649257769e-01
1.700860563770267841e-02
5.746753985448415092e-01
-3.115390718788024205e-01
8.301263430350838135e-01
-2.034755052029903893e-02
5.722357456389349784e-01
-7.549037327186914892e-01
-7.431471877427913153e-01
-5.732680607110539617e-01
-5.003079500522209511e-01
1.380000381156465394e+00
8.221454200937666768e-01
-1.025483760662488475e+00
-3.438749776392054369e-01
5.352437412395318894e-01
-1.565503426243552765e+00
5.273018942303395185e-02
2.287120641815400535e-01
-8.437080173700841623e-01
5.199994138952062084e-01
2.008118492027698432e-01
-5.923484761201960325e-01
2.342594083493320933e-01
-1.486857425576793013e-01
-7.872135328477694038e-01
5.702241794216434956e-01
-4.643265810958348561e-01
3.162540156573953043e-01
1.115153187531134460e+00
-9.957700543681262673e-01
1.052343625717703235e+00
1.089439184507549729e+00
2.032046546424133293e-01
-1.153028536148557270e+00
-7.107641422812669418e-01
-1.439931204966837797e-01
-7.213888803396411031e-01
-4.788343810250316190e-01
-3.924881466045462286e-01
-7.680618026450998226e-01
-3.482941944851941640e-02
-3.329375415033311580e-01
-5.985760026622910512e-01
-1.034493280650009783e+00
-3.910877994313415318e-01
3.953325435048504755e-02
-4.203635433613374661e-01
2.491848997710322533e-01
6.658326334089412768e-01
-1.076374528624108651e+00
-3.423684866341992761e-01
-1.991513639754374232e-01
5.828746393822230587e-01
-7.026769370989200958e-01
5.511035880682083610e-01
-1.289387827210656035e+00
1.859229012654703528e+00
-3.622104119505495934e-01
-3.967725021253947770e-01
-2.930464520697783071e-01
4.849827128533119036e-01
-6.679251980282211454e-01
-1.297570289080907102e-01
-6.976932949466334577e-01
-1.493458029861385872e-01
4.448402285608136220e-01
6.896806242094826178e-01
8.694060328014859840e-01
7.887218203473229661e-01
-4.699807396522471814e-01
-7.397783186379608411e-01
-8.686964738194167257e-01
4.527172051941966147e-01
-8.691730394374311830e-01
7.750494497188487042e-02
-9.243182765507140797e-01
-3.385019640038003930e-01
-3.223380780489623620e-01
1.739496565931169247e-01
7.501968462292570028e-02
4.864053003928433538e-01
1.148256496667589693e-01
-3.644562388194070301e-01
1.364695481498938712e-01
8.885671027687483958e-01
1.358675047715072637e+00
-5.774209507108296613e-02
5.954408247159483913e-01
-3.537774175896495898e-01
7.896219271506301762e-01
1.385565896536507524e-01
1.564201367433017409e-01
7.015494078910398112e-01
-9.943278785965600219e-01
1.091704977105912633e+00
-6.980175033339792723e-01
2.209101641377331504e-01
2.322735434744611638e-01
-1.141566014997852374e-01
-3.792865989334154309e-01
-8.901511058190226811e-01
-5.055372687722800018e-01
-7.762798814413960358e-01
-1.688692931701227251e-02
4.180853533498199437e-01
6.209395586806982781e-01
-3.183278635231306386e-01
-5.032148600635473201e-01
6.772828925092804209e-01
1.423151840558806169e+00
1.182801330425079289e+00
7.768269125175241152e-01
7.265393105057679213e-01
-4.477074428081504465e-01
-4.280897426348126977e-01
-1.940507792756976102e-01
2.897570210439845972e-01
4.174576238744709955e-01
1.067446423645094900e+00
3.131883930463732479e-01
4.895232756176720601e-01
-2.003974755103149485e-01
-2.632871709651615211e-01
7.704369723989801244e-02
4.084949600330416430e-01
3.268827164089717074e-01
5.004028888436882205e-01
-5.713370470156242664e-01
6.051117842298902039e-01
-2.802515505153932995e-01
-1.926708594314876732e+00
9.254317130082259091e-01
-7.747538868945653689e-01
3.383525095861442678e-01
-7.430390584009536337e-01
7.645618895585294394e-01
-6.266532783209620705e-01
-4.296113686390838904e-01
9.491845289072298186e-02
2.616164834524262739e-01
8.369622212033533959e-01
4.797270149420688190e-01
-5.005722962989371805e-01
2.411547009377229545e-02
-4.408867431166950679e-01
-7.096689236193158834e-01
4.755434135205239832e-01
1.447915098870772299e-02
-5.209929334485440267e-01
1.433077955049645580e-02
