-3.758559307940041450e-01
-1.500260572280525118e-01
-7.415834277702604282e-02
7.473667720979924045e-01
-6.179504535300113233e-01
4.439228757034108241e-02
7.531071462850995601e-01
-1.211739627983059453e-01
6.379587036038958381e-01
-5.615432450944661813e-01
7.730186802707497140e-01
-4.907487024871759473e-03
-3.344511724921164220e-01
1.823171797215581424e-01
-6.118650354484558296e-01
-1.704913722743530702e-01
-2.641393937346903087e-01
2.984143557630287713e-01
7.970917709418163799e-01
1.727543898850933957e-01
8.545743242166712328e-01
-5.127970251385034484e-01
7.227097652871046218e-01
3.950182500150778431e-02
9.266867196597883272e-01
-4.691401064311486735e-01
-3.722645970898508239e-02
8.223928306847783087e-01
-4.942854192903451960e-01
-9.609508707299998509e-01
-1.712797008213686745e-01
-2.047686545680873493e-01
-7.489859591226442070e-01
-4.741494856032468785e-01
-9.191823768073630330e-01
1.643719569664510161e-01
3.820680196731431888e-01
-2.220282825439199303e-01
7.171040064626879040e-01
3.273823827747497361e-01
-8.192595125247659205e-01
-8.621360863047506928e-01
-3.168660143238470894e-01
-3.860934907763464707e-01
-3.538206231345482067e-01
-6.571647916874676643e-01
8.168099218708126941e-01
-4.164462758240001783e-01
5.971082953660444836e-01
7.288330558662927672e-01
3.429177335673254667e-01
-1.663822856813872431e-01
-8.694374326113514240e-01
1.392577962051306795e-01
9.467045690873414632e-01
-9.007258122854120419e-01
-9.276269883930310378e-02
9.182326762341803672e-01
-4.365185627559220460e-01
-9.477603147475404111e-01
-1.724737482978255798e-01
9.289688015739394622e-01
4.235720765345467598e-01
-2.636147882611901139e-01
-6.325203939318191360e-02
4.234729092674667239e-01
5.576363345705950270e-01
-8.490697141154714966e-01
5.844557420222407096e-02
3.939998424241342168e-01
-8.789142905291904562e-01
6.226599356898225857e-01
-4.904515753309866000e-01
-7.197577595196547051e-02
5.977673400924032876e-01
7.761964099155371777e-02
-2.982196715828582256e-01
1.034411219608535326e-01
-3.950779668031771941e-01
-7.130401159550148193e-01
8.011195724305271160e-01
4.123823684246150645e-01
5.534780353115293927e-01
1.100128482453330836e-01
-5.877657942896006293e-01
6.427201661253103548e-01
2.699384797087709398e-01
5.993903702486647056e-02
5.681309138747199228e-01
6.455470532042137943e-01
7.373200844615941385e-01
3.413996291200356303e-01
-2.651512154146233868e-01
-6.446239594853848676e-01
7.943951045273005551e-01
6.214455919085537516e-01
-1.464807582179930012e-01
7.836531982167607158e-01
8.184158571231341384e-01
6.151638298608184119e-01
8.301328690063329852e-01
-4.010325014797808674e-01
-9.119430313453236181e-02
5.101160512953475390e-01
-4.458684847822562691e-01
-7.512175318193170526e-02
8.481826661621889585e-01
3.570605723267681331e-01
-6.166143087897550945e-01
-1.989587117304267849e-01
-2.835007948475491979e-01
5.136577117525253922e-01
-8.400851004920029119e-02
-8.785299180383594475e-01
-2.263028777907831746e-01
8.341446634038196528e-02
-8.276283749303026127e-02
6.393279617511491431e-01
1.211258745529302239e-01
5.084735388733394590e-01
-3.711007855393479993e-01
3.059296532955710912e-01
-6.720101812551022569e-01
6.458954004143164784e-01
4.747861674003541754e-01
5.679585117366636737e-01
-9.785741102848923845e-01
-4.083599451775068445e-01
2.028772678849337652e-01
9.090936162797380593e-01
3.978440416144015668e-01
4.370602334720083970e-01
-9.834269956646275457e-01
6.869406073247985578e-01
-2.400137567725122434e-01
-5.012531743171957377e-01
-1.056510431711499276e-01
8.869420715725995219e-01
7.948986084191695944e-01
5.262770649805970091e-01
-1.573185525325841994e-01
6.864367639408275323e-01
-9.633140710633201209e-01
-6.556618896795345375e-01
9.233645830059873383e-01
2.204545441260645777e-01
2.173002146560552017e-01
-2.570262304817527710e-01
7.031452315755579718e-01
9.694821780954527846e-01
3.750703565051893840e-02
5.691254901549840373e-01
-8.211596953264257426e-01
-6.519051017662884639e-01
-8.200844790941392848e-01
-3.039174255595140650e-01
9.173649866540303233e-01
2.295436604289222693e-01
7.039461025402018457e-01
-7.605329215307832236e-01
2.138618597719643688e-02
1.804493587070770122e-01
-6.110792492113137353e-01
3.372643694968568973e-01
1.151554368170153442e-01
5.844738241042637394e-01
7.686957900336199856e-01
6.385995287327912440e-01
-1.868859223342735909e-01
8.344082320178949352e-01
-9.721469913673523866e-01
9.490263171688604338e-01
5.055256745757474857e-01
4.010804087619921354e-01
-4.496943060537246240e-01
-1.007166064281934670e-01
-5.286623849269060926e-01
-1.859589663028686779e-01
2.646063365864035344e-01
6.418801802537255075e-01
-7.462188031564658264e-01
1.613147586474126260e-01
5.587563548927358958e-01
9.356676026053425410e-01
-9.848896012651919829e-01
-8.393119224025702430e-02
2.367064083966630150e-01
-5.184726871229226042e-01
-6.106143774549788183e-01
9.907021597076408614e-01
-6.948625958984169237e-01
8.105234626157142852e-01
-4.321560469629717183e-01
1.161735447378193786e-01
1.993302953295632562e-01
1.178230794825589900e-01
-4.842269296448222793e-01
1.809947703395067276e-01
9.168420744157059765e-01
-2.132803821177211567e-01
-5.500444605115730745e-01
-2.456269917602043051e-01
-1.878283047027662356e-02
-2.762623257258149945e-01
-9.221144931408402634e-01
-4.090276049979337802e-01
-7.646413038974777532e-01
-8.040084654202472869e-02
9.875127441633431147e-01
-4.219578968904524885e-01
-7.425033713472377617e-01
4.436547041160743277e-02
3.955192987928095594e-01
7.871693804189225929e-01
3.114714188840299602e-01
-1.637525616784003546e-01
-5.791843726924663649e-01
9.442913992681944979e-01
9.592280465947817802e-01
-5.991205544835533914e-01
-7.529834987034191851e-01
-9.163163317607094793e-01
8.229487607623156009e-01
6.012663660678239097e-01
-1.512042646345557184e-01
-5.039529485172122847e-02
-7.293040716296834702e-01
-6.568880607455440668e-02
7.631411352173076423e-01
6.281930164332771849e-01
-4.764790029315202347e-01
5.790440380552153155e-01
-8.756338335734221712e-01
-4.643302380134712859e-01
-4.386055314944126149e-01
6.186364818376755004e-02
-4.443626877795499031e-01
4.012781205183524325e-01
7.122027417483578482e-02
2.265474937225686602e-02
-3.668308100940542715e-02
1.036281624276684799e-01
7.224155076489151561e-01
2.190582987576070728e-01
-3.405189988933188250e-01
-3.778727589751835758e-01
-8.124643181609876308e-01
-6.403577221414846754e-02
-2.918532422092512402e-01
4.311501980838161607e-01
5.153834548151592365e-01
3.578013712251513212e-01
-2.846445243827835370e-01
3.593337253488200211e-01
9.625516440752799330e-01
-3.940425827629006061e-01
9.304964256489880459e-01
7.838358969768155493e-01
6.182544200942363677e-01
-8.283829216703226805e-01
-9.965307841665200783e-01
5.383772623449967210e-01
-9.530330484179261319e-02
-6.713177029516674832e-01
7.157851665228898153e-01
