3.936533644884293581e-02
7.616535415402706510e-01
-6.245346776741569350e-01
8.923025439159488759e-01
7.773895136217439106e-01
1.844236001931316427e-01
8.078075166517626471e-01
2.159627453605829750e+00
-1.695945694680259797e-01
-2.388672875463572431e+00
6.590724601825364015e-01
-2.939424591120969765e+00
-7.048932713403932571e-01
1.808666074117448730e-01
-8.386208308141742673e-01
-1.338925221452897940e-01
-5.480112952804255810e-01
-3.364140399737660658e-01
-2.531204082465308147e-01
1.454324766898126287e+00
-5.894451350087912544e-01
2.045504310189895758e+00
-3.229448283071234549e-02
-4.052789764556864460e-01
-3.642843559932325004e-01
-8.366011966253239507e-02
8.287379753614962929e-01
8.015898933976506324e-01
-5.768027380449813890e-01
2.075148404458966311e+00
-6.063123503735807773e-01
1.047740283783540338e-01
3.672615085787251932e-01
-1.377638304360626620e-01
3.740948452844676808e-01
9.641539069849378585e-01
2.684643704240463613e-02
1.647431899197159710e+00
4.115886398424754566e-01
4.513558044226553267e-01
-8.645387407365867638e-01
2.767370243651974260e-01
-1.211097599092706867e+00
8.741830920574018560e-01
-5.533444647562255625e-01
5.882548915498893027e-01
1.217330101096933959e+00
8.246623301118358729e-01
-3.562242607624568347e-01
-6.834825382567133456e-01
-2.714883295909631400e-02
3.658377181474581352e-01
8.173787439812869593e-01
-1.117503337739791380e+00
-8.012910396168602123e-01
4.750550556928525570e-01
-4.910076426378973125e-02
2.703612089107887417e-01
2.221731627567542500e+00
-5.661115652078407834e-01
-7.722606969036890368e-01
-7.048745470066777319e-01
-5.639965903618222587e-01
-8.498576124859509306e-01
1.435143118999707479e+00
5.148221968798314396e-01
-3.844421534350355163e-01
6.608023898443293742e-01
-1.551498279481040576e-01
-4.161495297623682421e-01
8.669313302408848676e-01
-1.744615091328211909e+00
2.154718140744409371e-01
-5.650910222594718313e-02
-1.270748541058829284e+00
-1.036917446331860670e+00
9.964182652217521419e-01
7.707840491889474954e-01
8.349770821773676577e-01
-6.202101437093912040e-01
-4.564686738613778494e-01
1.778792189889245035e-01
-2.395203187481780294e-01
-1.575807243909717936e+00
1.044281246189128876e+00
-6.342436882345549032e-01
2.504303213702134268e-01
-2.998339775575080690e-01
-1.905656551423717815e-01
-4.496767776509793535e-01
4.301266932210845439e-01
4.663062902275858512e-01
-1.378611602552980209e+00
-7.822482644415167385e-01
7.614711683615813520e-01
9.382696855731752494e-01
4.203969469215186328e-01
2.865727769772992151e-01
1.140971044411713819e-01
3.897077076710534493e-01
-4.573516688887160342e-01
-1.580022297360977601e-01
-2.694101749995267969e-01
1.517938746527331073e+00
-3.951007704500222317e-01
7.898905899124699648e-01
9.370382022278471723e-01
1.885153653307445332e-01
9.021009350469497701e-01
8.846328635033292587e-01
2.816907383554528188e+00
-3.377302073136478899e-01
1.704764284649429307e-02
-3.357762241506747625e-01
2.838766918483868196e-01
4.995094158152735275e-01
-8.313504127678907896e-01
8.357365154445104416e-01
-5.915637417923289565e-01
-1.638450556540504977e-01
1.986968856651411652e+00
-9.016740053760246010e-01
1.372722520124966428e+00
-4.487579372972456682e-01
4.938407523650190645e-01
-2.283423980054850588e-01
6.633370301825660675e-01
-2.852553046773778078e-01
6.538176994230953110e-01
-8.310229972427951584e-01
8.335213062228796765e-02
-3.245610517716033261e-01
-1.416322122744968492e-01
8.672188192155176889e-01
-1.156731815693020415e+00
-1.536005802510009399e+00
5.943103996669023559e-01
-3.223881421456420426e-02
1.080642521265981593e+00
-1.057999911803828574e-01
4.144585270382578068e-01
-4.017867563571778655e-01
8.502525077579654589e-01
7.195510863743785901e-01
1.890245181264610830e+00
-5.061911198268607137e-01
7.961322338754579508e-01
1.164702593722785062e+00
8.094642723037632770e-01
4.817813765922225322e-01
-2.249336328843714483e+00
-3.406506927649988192e-01
2.552552355912172111e-01
-6.163471420675092904e-01
-8.650183912114135509e-01
1.125898076191117259e+00
1.298113052457518179e+00
8.296745353795051958e-01
-3.703244355550668887e-01
8.604336406286063887e-01
4.681131565453614529e-01
-3.036304339816653375e-02
9.791265141682372608e-01
3.014901629243521564e-01
-1.387163448102070706e+00
9.730174775052673475e-01
-9.783067824564629644e-01
4.874069600965122984e-01
-7.983049416930827480e-01
-6.799088229478263967e-01
2.543696324663765052e-01
-7.825938103103615706e-01
-4.007869007383113580e-01
7.331394653873335443e-01
-7.303223546281711887e-01
7.091156201087684963e-01
-1.053432926770109912e+00
-8.562886158455252916e-01
-1.397251162395852120e+00
-9.179812216596808794e-01
-3.535219030702585030e+00
1.154244231392176356e-01
-2.255291538485819647e-01
-6.374045548935368677e-01
1.194030497702019522e+00
8.125415810862157695e-02
-8.312165700750573372e-01
2.072082433509974120e+00
-8.527155570570876808e-01
1.762822225877878068e-01
4.783064966781769289e-02
9.985710821400658466e-01
-8.020164855605682597e-01
-1.057330421513596797e+00
-1.204037784299041292e-01
1.369230262804593146e+00
-1.149169074179217986e+00
4.056299952339632586e-01
3.666367271522009696e-01
-2.931190814871260653e-01
-7.675208680660161598e-02
-9.338343503849571015e-01
1.017102933551807808e+00
-2.817441794572845826e-01
-8.373363674493528030e-02
-5.706483274559281949e-01
-6.945327202533353450e-01
-1.455506073521219967e-01
8.522410108304800946e-01
4.490912146432231022e-01
-1.804694253579699481e-01
5.885828344398844614e-01
-2.263500681629337929e-01
8.104123711041397726e-01
9.464716083736308683e-01
-9.927752884407858858e-01
5.140643641893742899e-01
-2.716767333394634054e-01
3.622233076535944507e-01
9.860131106289471425e-02
-6.438089573159546664e-01
-4.913439476272965512e-01
-6.053711962638880228e-01
-1.127158571064509562e+00
1.607708175649900095e+00
-1.536702639999842468e+00
1.837257444179951849e+00
-1.674948866249584833e+00
1.006231691414940510e+00
-7.640048314376197691e-01
9.128052495132576993e-02
-5.066515839024536838e-01
-2.867717902775887007e-01
3.210173867800357073e+00
5.923442180295819259e-01
-7.404351565931698298e-01
6.976297317716972923e-01
7.004112773107791234e-01
8.271308680053577334e-01
-1.232466875236654325e+00
2.009974873610054225e-01
9.274653803519821160e-01
3.470828037141676647e-01
1.676196495961892019e+00
-6.715507674509095803e-01
7.616380386800272184e-01
-2.598324803662402926e-01
-1.748719186739191578e+00
1.733427455507444481e+00
3.275531414346279924e-01
7.125001081387747348e-01
-7.267621427801524980e-01
2.208126403823534201e+00
4.859079710697491450e-01
7.757520582159929123e-01
-3.246646801157186957e-01
-4.391071956631880102e-01
-2.478820592306081316e-01
-6.441871063876489778e-01
2.666129204209617409e-01
-2.878556078699101572e-01
-5.372174051326035205e-01
5.194693164551422715e-02
-8.619375186342064232e-01
-3.789480519992207697e-01
