-6.995128787091446920e-01
-6.955527174287824410e-01
1.190598937586147210e+00
-1.635879423276146882e+00
-1.884302011097745977e-01
-9.175769973967253801e-01
1.103464007434673128e-01
6.876215905825295849e-01
5.032268072788862456e-01
2.349085939939343781e-02
-1.211888791461290804e+00
-1.664092699145554577e-01
7.222558209978461319e-01
6.608675533546382042e-03
-2.835523714068866746e-02
-9.207898930525523218e-01
7.574352822194119206e-01
7.193831034599625918e-01
9.730705679711579847e-01
3.982773928596234359e-01
7.663025407724182170e-01
6.810506344328113304e-01
-8.160252091916797568e-02
9.331497432983818507e-01
4.122340464852046749e-01
-4.730968924694441413e-01
-3.232098894462629435e-01
-6.077740279919906508e-01
-2.345034807963670420e-01
-3.041439722005678803e-01
-3.997726935625856015e-02
-9.148707182420058315e-01
1.022462252876662259e+00
-7.328337805350344791e-02
5.414320432183683529e-01
1.350007555766554734e-01
-1.252795445533603225e+00
6.264431312765552651e-01
-1.814365449047488088e-01
-1.407362093555337701e-01
-2.843254360826257265e-01
-3.156973050880680920e-01
-6.252481309371025198e-01
1.961542909165352455e-01
-4.284321469258672299e-01
7.297956003480240428e-01
8.572519022622632212e-02
2.877985081064092787e-01
-3.398034847449222795e-01
1.341877520104390875e+00
-7.540529645861604457e-02
-1.718381690242026250e-01
6.326860671377199097e-01
6.357027210241097404e-01
1.316255199771794615e+00
-5.110994673613034056e-03
-2.418545455736980376e-01
-2.529222460899995806e-01
-1.449360376073850709e+00
-4.584463476898574252e-01
-5.438294515909074534e-01
8.311176836330490536e-01
-1.555688573777264105e-02
7.267696434033316111e-01
7.912833132524317303e-01
3.647301992144767468e-01
3.941656055783867019e-01
-1.442165842270491105e-01
-6.552624670342906965e-01
5.560379120546494747e-01
-6.156435898003709273e-01
-9.929137513060439790e-01
-1.077911312285771972e-01
8.051504240466205164e-01
-5.389258982155034072e-01
-9.403860678581144050e-01
2.885330545839738803e-01
5.926841208458578647e-01
5.282681065271160881e-01
-9.419000497210659739e-02
5.595620431879634316e-01
-8.245191184075137958e-01
7.648096907705043135e-01
-5.661380141563523427e-01
-4.716732032576433781e-02
8.536529029634989385e-01
-3.120874877351693666e-01
-7.552000421960985976e-02
-4.280896485838148191e-01
-5.793417006984163953e-01
-4.266177971942088920e-01
-3.627863955862382084e-01
-2.502454694737954455e-02
-1.267959385624524149e-01
-6.549192608106320090e-01
-5.253310627836280666e-01
1.023310649854117238e-01
-5.693047472253032204e-02
6.578019936889186736e-01
1.291537084719148520e+00
-6.032507128835934429e-01
-1.094650551739152766e-02
-8.168425411543241976e-01
-4.243094799551213048e-01
-3.161822608269566626e-01
-4.524784916345030439e-01
-9.342085341681377608e-01
-2.567059876240200822e-01
-9.266247793822243173e-01
5.068381116184696999e-01
9.876381575317327854e-01
-6.051381859871741709e-01
9.112882243608158017e-01
-6.872444662655098346e-01
-8.391060186343389793e-01
-5.932480725575126623e-01
3.966067836101926092e-02
-9.865917370589905033e-02
-1.218335294230163512e+00
-2.875133298999565934e-01
-1.665981392963618302e-01
5.564016178864159556e-01
-2.828674066217191085e-01
9.513984998047940733e-01
-4.931795967952712356e-02
-4.181112662905953070e-01
-1.289370164313888845e+00
8.244826466048728042e-01
5.621040739778159212e-01
-6.411913286179612426e-01
-5.327281373333760950e-01
-1.682445766931435216e-01
5.112927461322858136e-02
1.093278287109624269e+00
-5.974535741951030321e-01
6.806103702550636569e-02
1.010683267485617209e+00
1.444680442939874077e+00
-2.646807492584947186e-01
6.949533317571532365e-03
3.982637903471530905e-01
-1.535963927848479627e-01
-5.863665477726747177e-01
-4.120113302321515292e-01
4.959283759611932130e-01
-6.328677233865473983e-01
-6.863032636678825238e-01
8.417233507803578707e-01
-5.712031105293907673e-01
9.630691707708287641e-01
6.958033793002503797e-01
-9.464123821300537420e-01
2.163997797022590708e-01
-8.036807793507037001e-01
1.083587875163758207e+00
6.700190280575348822e-01
-9.998795869330354691e-01
6.893627189811751821e-01
-5.820101792196932244e-01
9.521505177571573109e-01
-1.108994085813862274e+00
2.769976784214386312e-01
-2.559196410461124227e-01
3.226175721974908761e-01
5.052361128364234455e-01
-5.796985015614808390e-02
6.678741522185853430e-02
-7.236362003080345495e-01
-3.086123583663358816e-01
-7.612768598299186618e-01
-5.389971427616537802e-01
2.660341336038423155e-01
-4.711869703601523907e-01
3.267566979031258922e-01
-6.548330293434975191e-01
-1.215796604134186110e+00
9.549233845666773579e-01
4.965617485162334144e-01
-8.333937467543149624e-02
-6.422859353302033947e-01
9.074141999716839324e-01
-1.310141174030042821e-01
-4.267218407732745189e-02
7.380350242149122941e-01
-9.341466476560716936e-01
1.210048078129864813e+00
7.753601996733836543e-01
1.440512946039503195e+00
-3.565678861805284816e-01
-2.435893748523133562e-01
7.498333673792484388e-01
5.016792877208832158e-01
9.291862526819325563e-01
6.926081674278550260e-01
-8.068512690300826407e-01
-1.505297556023924010e-02
9.063054016791087797e-01
-3.066011321252397615e-01
6.869356191167399484e-01
1.404816914359755309e+00
-6.246803728562544400e-01
-5.216113367976462634e-01
-1.544829858865295336e-01
-1.349080564755755773e-01
-4.805740909146105633e-01
6.897922165945803430e-01
1.094613999327715970e+00
7.391048395917688696e-01
1.264235642691255990e-01
7.427898243083861374e-01
-6.976166917358521680e-01
1.483515097469072952e+00
-9.644344556476537600e-02
4.696762550155824667e-01
2.927345584735588369e-02
-6.390240415820938047e-01
-9.376767218762563916e-01
-2.183370027724854112e-01
1.649736338809161817e-01
1.076578143539017818e+00
-7.186573842014623015e-01
3.401959779254764005e-01
-1.239043789798308648e+00
6.635201517312683261e-01
4.733776760126172101e-01
4.103182917190214551e-01
-8.503777318169125632e-01
-2.001348097395097281e-01
5.747659570012425556e-01
2.350751432936791230e-01
-5.983659766112724432e-01
8.361659312320975923e-01
-4.918722977231905769e-01
7.517202777799714131e-02
2.553885531757433269e-01
2.923182594302164428e-01
4.318014102305911539e-01
2.331914823780247836e-01
6.235888209580183750e-01
2.319388028404102131e-01
9.878190859541583491e-01
1.700898843653954606e-01
-2.225359431034044377e-01
-2.094393735065153694e-01
-1.755243489018309955e-01
-8.006733341133627224e-01
-4.119063323296996426e-01
1.662386101148127793e-02
-4.900399036349032400e-01
2.141877007987821047e-01
-4.226750508735301892e-01
3.613263365287748830e-01
-1.664561853351670395e-01
3.407716829963075011e-01
-3.730648376008646183e-01
8.955575129311184046e-01
4.655829185989350805e-01
4.040322322229602525e-01
-4.441174473832276703e-01
-1.247029827991874118e+00
1.031631240484930379e+00
9.079379196940453589e-01
2.389824381115461804e-01
6.935965672415445038e-01
1.421117060752467021e+00
