5.310042478162817492e-01
-9.746523054270668229e-01
-2.281481788227095464e-01
-4.078820874506012828e-01
9.193399670158743930e-01
-9.738589577692611243e-01
-9.486864063213102938e-01
-2.066345067488555287e-01
9.762885926181641416e-02
7.538584079632744128e-01
8.776066616065127945e-01
-1.439539868607364603e-01
-1.657413174210775608e-02
1.559794765102979763e-01
6.046944860377798658e-01
-3.584842366448319773e-01
-5.605691995636485903e-01
-4.341038883144219263e-01
-7.478646627479823561e-01
-4.620121965695735966e-01
-7.949520097026838705e-01
9.441526231632670907e-01
1.365065550972888175e-02
2.087975000361252942e-01
7.265574346054792798e-02
-1.059518957538307937e-02
7.585968061520313999e-01
8.493146854767716913e-01
4.773351789553472724e-01
-9.338987783648622365e-01
-3.872160139766613884e-01
-5.203349079579573377e-01
-6.852947649210898717e-01
-3.323393815058648393e-01
-4.934023467354027304e-01
-6.439706261157740474e-01
-7.411379573593790404e-01
-4.156421833406185318e-01
-6.290751803682885779e-01
-4.522223068507045252e-01
-7.853613295528523164e-01
-7.902542761899269408e-01
-5.044923602832986909e-01
2.041095302583439963e-01
5.160922169607951027e-02
-4.221033931226525482e-02
-2.073061927041999208e-01
6.855067036440687378e-01
-9.646866449096758167e-01
-1.205987061169662145e-01
1.295824478406897295e-01
-9.506454328361040318e-01
2.323709732687622154e-01
-2.241788271202842520e-01
-7.833527872044665497e-01
7.581005174586308293e-02
-9.224278225983755242e-01
-6.887041801968976085e-01
-8.748810279843344251e-01
3.303127594544656986e-01
-8.354305357282409972e-01
9.731535864621465581e-01
-6.493693397643320875e-01
1.824278830838856891e-01
-5.641451429826511710e-01
-8.672249325079623983e-01
-8.135812668226904965e-01
8.566223357467352972e-01
2.418070817177766507e-01
-5.188284877442221887e-01
4.362816524192112411e-01
9.775148764368419840e-01
-3.102238716516469985e-01
-9.838591055239020999e-01
6.088675510138508162e-01
4.006902534925649295e-01
-3.122200624615802944e-01
-5.197029296350863525e-01
7.138222004986616298e-02
-4.870701587104508956e-01
-7.303297574571492312e-01
-2.567756934929754653e-01
-3.539345914957032768e-01
-6.592421190176889212e-01
6.695559741283132471e-01
6.958565503099836125e-01
4.995970526003297163e-01
-3.520401484776778389e-01
6.223311979579146946e-01
-1.521545077166990279e-01
-9.294513660717782511e-01
-5.900725488072546820e-01
5.946328012391737250e-01
-4.427554649510028195e-01
-5.311929744494134908e-01
1.408261569186810558e-01
7.074254652629621276e-01
-7.618975123098870039e-01
-8.833873729376848782e-01
-4.779785979850537103e-01
-6.665127889056177146e-02
-5.151057448877138789e-01
1.865033702241798430e-01
2.825409763915043282e-01
6.833684508218136333e-01
5.744766209557394809e-02
2.018647051050759256e-01
-4.583389938221698046e-01
-9.769201969970768840e-01
-3.715978796075392054e-02
-3.480932659771343030e-01
7.417969191840012577e-01
-5.103633073574176393e-02
-3.773397301550938110e-01
5.007168659109775266e-01
8.999411954387042112e-01
-3.450337405553205450e-02
-5.576661120284656104e-01
-7.788648756533393946e-01
-1.732959184796249996e-01
-5.736307856163505026e-01
-8.157832502781061645e-01
-8.757563805141099778e-01
-8.121917701137186807e-01
1.323130311464828512e-01
-6.833725919055368969e-01
-8.766752622435269870e-02
2.434180525410793994e-01
-7.375890357240231232e-01
7.783113905529501775e-01
1.546221078807108462e-02
8.629707590519084537e-01
5.944059176560467783e-01
7.246731594498960760e-01
7.271928048476909989e-01
-2.703950476269825209e-01
4.924668973244079595e-01
-8.188984308104585441e-01
-4.955465028970262864e-03
2.192827731099613597e-01
2.837244674307961567e-01
4.413099126581554454e-01
-3.110070746455289026e-01
-8.708962621019611383e-01
9.922032974989074550e-01
-3.884922244197019925e-01
-1.877889737809830262e-01
7.653276185418855793e-01
-1.268471531439039346e-01
9.047236482023992554e-01
7.773622784484426340e-01
-7.135794935131776207e-01
-9.862234669163760792e-01
-4.037788042514400821e-02
-4.921714619605277452e-01
5.045249153546205179e-02
-5.860672703070806122e-01
6.587888525866631984e-01
1.715434475468808895e-01
-1.594435169816788012e-02
7.318635487841240739e-02
-4.548219216577704671e-01
-3.788448449063865908e-01
4.032626379286998741e-01
4.924305560976001139e-01
-8.141466254482936371e-01
9.289327047947599780e-01
8.860139735869876354e-02
5.232312527963864923e-01
-3.007937578199084694e-01
-5.391171907271470332e-01
-8.268797783244881128e-01
4.724590445431062768e-01
-4.422146785652756318e-01
-6.387316452273148482e-01
-2.265451695879230343e-01
6.803311852481894739e-01
-2.420595167673600390e-01
-8.794117413281381523e-01
4.218344081892286823e-01
9.677735051034324076e-01
-7.390212591847800105e-01
-7.277547249761775472e-01
6.264383462448286366e-01
-1.106019432617393328e-01
-9.110699111349520596e-01
4.000534711720109549e-01
8.466695145934228783e-01
9.592711900983919016e-02
1.799810119940414843e-01
2.341247350118014214e-01
-4.462940145095544153e-01
-6.816777692540236799e-01
4.740715431886151077e-01
-2.819030885102675743e-01
-2.524600001156573903e-02
5.571293179425711450e-01
5.289620656485165551e-01
-9.038609868034421790e-01
-8.183252571670620590e-01
6.623360540540395025e-01
-1.990163766532582201e-01
2.565423538955253768e-01
8.966531160271775658e-01
-6.091096284504169400e-01
4.445208797977837634e-01
-3.518467994270229049e-01
8.267741473997149981e-01
1.703025370780106851e-01
4.034996100753944770e-01
-7.152324987840272819e-01
5.369958027603511930e-01
6.363522586812655479e-01
5.292864798720497976e-01
8.439136287427393412e-01
-7.076811412386097011e-02
3.961721729771294775e-01
5.563021396898215620e-02
4.739186861238147142e-01
7.634682306963338494e-01
8.580749862059244837e-01
3.562220163502589632e-01
-2.609457340022114380e-01
7.534738696178175932e-01
-8.813256097259645205e-01
6.619540104394339153e-01
8.926702330154061560e-01
-8.542320442615318754e-01
-5.083213703895193003e-01
7.602698023832423768e-01
-8.244173694527130447e-01
7.434933235560099440e-01
1.297537792271465928e-01
6.080455844215095773e-01
6.356152178840406286e-01
8.092192210452060497e-01
-8.036264328462237039e-01
5.954820172736685624e-01
2.161105714658617671e-02
1.643068616198761767e-02
-3.412834337901948789e-01
-9.051609240876068441e-02
7.517050081912377557e-01
-3.169673624070670215e-01
-9.086708972932715511e-01
-1.308168533444042936e-02
-6.820098123682947211e-01
-2.236876257499436083e-01
3.183041611199708409e-01
1.202373589267486942e-01
-8.623294621752999323e-01
8.497232195283195288e-01
-4.363803551406746362e-01
-3.678851176056752159e-02
1.500928056987376191e-01
-3.998708874561274218e-01
-6.654291243943473155e-01
5.534000707375925643e-01
8.093830816706883979e-01
8.469538709078243688e-01
-1.331721685193993920e-01
-5.396464268779661566e-01
-3.027925250038949745e-01
-6.079009048659202996e-01
4.117228721553987114e-01
