-4.727843642871067953e-01
-7.633835315206964900e-01
-8.408781137541974093e-01
7.961583456866232478e-01
-8.037282621889396683e-01
-2.933598929432177371e-01
7.245194715470442137e-01
-2.307672208352882226e-01
-6.607789873550269366e-01
4.114254470020264343e-01
5.583367608788176728e-01
8.059945608779206516e-01
9.540035198267724503e-01
3.207860660434416200e-01
-1.699273242794574479e-02
7.058856647557314457e-01
-5.926147400042771629e-01
2.848883403142670190e-01
8.283276891954682863e-01
-7.124988028995815625e-01
9.620974225732159546e-01
-3.214974830968000408e-01
3.292666223134417258e-01
3.008832080512693352e-01
9.445912351457186329e-01
-5.540170353459792363e-01
1.524714699678282326e-01
-3.801681724290106867e-01
-1.325727393047564373e-01
4.557542499367170930e-01
-3.563069527502582545e-01
-4.248375942073698841e-01
1.858373752665694045e-01
5.239027513169045580e-01
6.633931476857037879e-01
-2.709616706522832708e-02
-4.619867841835407773e-01
-4.811999267506668065e-01
-9.529175518452650540e-01
-7.612440030510949640e-01
6.525521822758504342e-01
1.795798123533880464e-01
8.799407681396280712e-01
-2.250981418512092436e-01
6.861709793860404361e-02
8.970145595435263797e-01
9.647662743027729526e-01
-5.670600603999933487e-01
7.639524264413777299e-01
-9.108279258074885032e-01
-8.205222174926565248e-01
6.450375477701442151e-02
8.956689158115693772e-02
-4.105799933576721461e-01
-5.360160586571798280e-01
-5.930816277613337739e-01
2.031833177317436956e-01
-4.109588069432337232e-01
6.580825009419051241e-01
9.227152560275795334e-01
5.517020459174488689e-01
8.847495804147209597e-02
6.829537306924886586e-01
3.966612053597620147e-01
8.626486941910627149e-01
8.869465590584055814e-01
-3.696340915451812315e-02
-2.560228439599439021e-01
5.954519611624129460e-01
2.319636629414123519e-02
4.870869020513644010e-01
2.711959160091921284e-01
-8.234426906578671268e-01
7.964681630389205402e-01
2.028600364569237424e-01
-7.283741878452132390e-02
8.094744278571477381e-01
1.337649090056913792e-01
-4.142610717414034749e-01
4.306978596991228869e-02
-2.710463691059905589e-01
8.353887511167916724e-01
-5.632102404704442122e-01
-1.446525929971143043e-01
7.132348036988229723e-01
9.600113507977303673e-01
-1.296612623442034984e-01
1.041289177935516008e-01
6.801942993482466004e-01
4.955818161430365354e-01
-8.016340988541041934e-01
2.813031991911685292e-01
3.648051885336107691e-01
2.440804028649330437e-01
-3.215438804370469583e-01
7.466377397566157370e-01
3.438198443972584339e-01
-8.180916107051781072e-01
8.556117541193168918e-01
1.144696481951610334e-01
-5.322982035882461993e-01
-1.876058180525592700e-01
-4.369203632424223382e-01
9.457586142690106445e-01
9.451356837065216787e-01
-6.584049116382062472e-02
-1.668087236819217889e-01
-9.634504791064477658e-01
-6.689166599005598179e-01
-9.899954789668283794e-01
7.872518868556819260e-01
-9.022582603008910684e-01
-7.214150085248582922e-01
-7.552422628254813475e-01
9.536717507852787712e-02
-6.494023664837338394e-01
-4.158423941364941534e-02
1.957263294984734614e-01
4.403183984625418379e-01
-5.291039875883665200e-01
6.910799981198292308e-01
5.998540404365786394e-01
-6.283665013008863376e-01
1.714685907839494927e-01
6.374797914610947913e-01
9.664559763857623054e-01
7.855244657717332935e-01
5.473036581983412585e-01
8.796378874166652651e-01
-5.002278248700777752e-01
-1.204585611618929075e-01
-8.715015851196377117e-01
-3.869945277459496680e-02
3.983933907631258542e-01
-6.483571068632165701e-01
-5.035570892715737212e-01
-8.994355355780356831e-01
-6.066216763045759741e-01
8.409443920520545124e-01
-3.650042219272129351e-01
-2.982127560937084532e-01
-6.923245612859654230e-01
4.490008900152830940e-02
1.149628801971460668e-01
9.708188385040110724e-01
-6.669919289230277215e-01
4.407042980217168449e-01
5.128140259190632211e-01
-7.525892264339890669e-01
-9.825456809243533485e-01
-7.900796559201290759e-01
3.913704011784584491e-01
1.029817206489653802e-01
2.990434081116728482e-01
-9.430142698754226949e-01
-8.875166947237702608e-01
-3.078858431052247102e-01
-2.565382488130314442e-01
3.494589106235759246e-01
-5.717282632224010008e-01
3.896350884970110062e-01
8.210955295081256988e-01
3.441623796050863326e-02
5.667275061373697742e-01
-1.163791648195404704e-01
-6.370808574231818788e-01
-4.637581879807390894e-01
-6.475959928187444703e-01
-3.211101424555198314e-01
7.367507139729070342e-01
-4.376192095791606729e-01
9.345998825500689833e-04
5.128812173560048926e-02
7.174527414544602522e-01
-4.236893160674259917e-02
5.536839888192193193e-01
1.112119724489346595e-01
6.106965134269810580e-01
6.792399682179794951e-02
5.971136392854494712e-01
6.999903597298002822e-01
-1.875527301720996132e-01
-1.413941634138773384e-01
3.048673546358591224e-01
6.492066306833805811e-01
-4.698481668375995568e-01
-4.154644461355456730e-01
8.468834301530359099e-02
2.624716694502160497e-01
3.893669661646705915e-01
-5.792123319625199773e-01
-8.510314550514295195e-01
-9.111791868145391327e-02
-4.682832512051304796e-01
-5.333232617877676773e-01
-4.000817512863765746e-01
5.247127196562273443e-01
3.751106034941884548e-01
-9.938581607164136411e-01
6.025277091534897433e-01
-4.394643059576819333e-01
-8.559216845885628810e-01
-7.347524575317552209e-01
2.187107861023742661e-01
7.995679887630304794e-01
-5.224082892438199899e-01
-5.269225754898758662e-01
6.116667940765947442e-01
-6.713267514859075913e-01
-7.849677769656144832e-01
-7.051125707986498625e-01
6.474015353457247546e-01
-5.045897061684156970e-01
7.733361630685995358e-01
5.409529366426948371e-01
-9.370244196314607699e-01
6.811567147564769886e-01
-5.637000915705581150e-01
5.717879041951792196e-01
4.051775743915406736e-01
2.647718556416771563e-01
-4.087908231345869225e-01
-2.860036793940556876e-02
-1.457219245645289263e-01
2.684218045358168769e-01
6.048817610535417444e-02
8.171565674053975492e-01
-1.280699046932507468e-01
8.839247447465747864e-01
-6.922559368562377635e-01
-2.172871493474699545e-01
2.363250826290583806e-01
9.787343203181086970e-02
5.061763732942012872e-01
1.548172530863802798e-01
-6.636576390872885867e-01
-2.817149556830520485e-01
9.326001264212742115e-01
4.803663511289963939e-01
-3.446995488625073101e-01
7.092234724775721144e-01
-1.554570574750400169e-01
5.684965345528991687e-01
9.800421797025127280e-01
-7.138573407761685807e-01
7.364892399506057785e-01
-9.893433703583354166e-01
-4.056097964248084331e-01
6.268871497021408778e-01
8.947058927748088308e-01
7.724503548687622345e-01
-6.637581731002228924e-01
-4.609981913834659828e-02
4.111020294415435039e-02
9.503669655560251783e-01
7.432139377671245217e-01
8.636940109234405583e-01
-4.042479604517614789e-01
-2.007305329728403809e-01
-3.298915644989364182e-01
2.421641856749670030e-01
3.733077678142797673e-01
2.302717337801010178e-01
7.561316047686199582e-01
1.666002592419233430e-01
