5.655956595485196470e-01
3.040597595714717993e-01
-9.427972853203818726e-01
6.346668824363901340e-01
4.980998975994286315e-01
-4.581189205148443744e-01
3.256224586594804737e-01
-3.783249241406987373e-01
3.016362166444701565e-01
-1.489362199083781313e-01
7.281488150530790460e-01
-6.505964749769455047e-02
-5.851772388813314407e-01
-8.158640449186846944e-01
8.559008080499790339e-01
1.854000075219939259e-01
-7.684566886134216457e-01
9.347681966490748451e-01
-2.211485549045308918e-01
3.226083764487923666e-01
-9.244893437231092026e-01
-9.311602180390168293e-01
8.768088788049956950e-01
4.632384983647950261e-01
-4.505178470061659279e-01
-6.050450810009009306e-01
-7.316281946632712252e-01
5.243373943556739469e-01
3.481226327467272785e-01
9.023650319118856622e-01
3.407352077747680674e-01
-7.221302530995425961e-01
6.138484273486535248e-01
4.492360875343488491e-01
1.455583442050507603e-01
-4.827014787738623802e-01
6.309971574955097751e-01
5.541454025345293743e-01
9.533978043518136491e-01
3.341768068253292423e-01
-4.898335430375235777e-01
5.781399833231741781e-01
7.545796609142785272e-03
3.815112452572735346e-01
8.436418242031562542e-01
-4.715202893501055925e-01
-9.706732713999899342e-01
5.690682016126997755e-01
-6.898919557978064887e-01
3.939455170190229172e-01
3.518034468022817052e-01
8.385620509922033783e-01
7.340127589441336475e-01
-9.495983476713489857e-01
9.187590922161106288e-01
8.706189137644293474e-01
-9.774352282397420488e-01
-5.988067803207979267e-01
-5.590958338949580941e-01
-5.262931201896137168e-03
-3.765279404414492159e-01
-3.634450977183090181e-02
8.351162875163724575e-01
-7.267788423624002014e-01
-6.676012352996982813e-01
-8.076191286338414432e-01
-7.537490774494060020e-01
-3.058123913835699703e-01
-7.498593881405233308e-01
-9.258280226959691994e-01
2.847741634446676606e-01
4.960493939442351952e-01
1.546001981369113931e-01
7.217579895027492753e-01
4.050769433386529617e-01
-8.892993429642741532e-01
7.245641211823532490e-01
9.920824301455815064e-01
-3.584287174665807818e-01
5.552237375657256280e-01
-9.694059836446196066e-01
1.147306983967588678e-03
5.866435517185328852e-01
6.393342058362363467e-01
-3.363130394906219678e-01
-9.517346794786840647e-01
-3.178460843208530395e-01
-6.700851456955836394e-01
7.800755059539128400e-01
8.099137451029481127e-01
-8.513914682677248269e-01
-8.387700552167234314e-01
-7.551462062981426637e-01
-7.501151551914175819e-02
-9.362350333433124838e-01
8.766272199360509720e-01
5.343728862714436367e-02
9.686988219657572952e-01
6.544289145270971719e-01
6.880961742536371162e-01
-4.927434677610342817e-01
-7.805193143581237170e-01
4.013696908911146277e-01
-2.051605854076261615e-01
-1.294973493605064974e-01
6.373058582142705486e-01
1.544468116201089813e-01
4.138678627183141057e-01
5.259707383767993072e-01
-3.588264414299997540e-01
7.687111023880002225e-01
-5.937094925316510619e-02
2.768440705107788613e-01
9.051728600082844522e-01
4.773101039716352023e-01
2.327502539871544318e-01
6.314088293761874748e-01
-9.907224262566063366e-01
-8.407112915022150190e-01
-4.751008587192395716e-01
-5.398250978350846996e-01
7.083657768956028722e-01
1.091965307488846904e-01
-2.162754303586140736e-01
-7.547043905457639923e-02
-7.412311305652043991e-01
-7.707036490742757984e-02
6.703605487298245347e-01
1.477013462971885627e-01
2.869461144376035389e-01
-8.931842052168101898e-01
5.147104956333845571e-01
-5.995708804019252991e-01
-9.533193448480590249e-01
-4.519238663526023991e-01
-9.840866481077252814e-01
4.480309771168835553e-01
-2.346256135223478978e-01
-2.756688469972554678e-01
9.634772442220391753e-01
5.148059993624862773e-01
8.623856100050670825e-01
-3.678805727157665739e-01
-3.548883261096658082e-01
8.444651977094328466e-01
6.482632976134239389e-01
-2.473974108018786033e-01
-7.136023960383077736e-01
4.184180468772915606e-01
2.636448333183689652e-01
8.321895822277174393e-01
5.658826368883880242e-01
7.579672579606404614e-01
-1.701258772590727997e-01
-9.397013808336329710e-01
-7.618051163919559166e-02
8.002137964769591161e-01
8.944389580459664035e-01
1.739514569913305220e-01
-7.159615810259833957e-02
2.657060389341701079e-01
7.919058007994623782e-01
-6.227942936470329816e-01
-6.375806532823156125e-01
6.427532358957188663e-02
-3.258986050222969499e-01
-2.369329749507362859e-01
-5.664241140941512764e-01
8.033595963894577530e-01
8.235340295905562158e-01
-3.821418932247344635e-01
-7.754764473651856171e-01
5.977216089291024215e-01
7.016669805718767083e-01
1.382966641704084232e-01
9.878015594398623644e-01
4.221966406350023959e-01
8.091031370922503463e-01
2.163114005104045390e-01
-1.869227494316580973e-01
-5.470482059334098590e-01
2.291357837877574521e-01
5.061703651649809288e-01
6.314513868854707557e-01
9.075977681069760106e-01
4.402302659393793061e-01
5.587966276527127629e-01
9.955749502228237180e-01
6.029013575023016713e-01
5.660928029642495751e-01
7.619067323534640668e-01
7.998688746552278239e-01
-4.853637788311169210e-01
9.527893002745428941e-01
8.186469687191659794e-01
1.280062740863525672e-01
-4.723119138925215843e-01
1.316317602807322018e-01
-5.610592863834864552e-01
-9.698984268376371620e-01
6.829952338609530660e-01
-5.470803101273959967e-01
9.886508972066934131e-01
-9.370612347107076801e-02
-5.864378845469495616e-01
-2.641500229433584312e-01
2.395332325338717094e-01
-4.744908067296589316e-01
-5.419477473388363276e-01
-2.269049846607051890e-02
-6.962436838307153320e-01
2.060921789336538357e-01
4.761574108468853428e-01
9.961766771455904390e-01
4.640214000498683600e-01
-8.471059735117234535e-01
-1.629530498970397367e-01
-4.859247221026974373e-02
6.923295691036277510e-01
7.279277046361949388e-01
6.764434498012616981e-01
7.353587820220512938e-01
-6.536696679600353388e-01
-4.389303000604103389e-01
4.939779702916013981e-01
-8.229055912389202643e-01
-3.902902486689008299e-03
8.897149343640875507e-01
1.166699046553520969e-01
-1.983598854681167811e-01
-5.020840179449657104e-01
-6.059813213522977637e-01
5.899982201114304381e-01
1.703916270767287244e-01
7.830966657988653878e-01
-3.999447967043472385e-01
-1.667184302371631510e-01
2.768478132721368112e-01
1.400938144642445149e-01
6.789966709061450167e-01
4.207315810902214626e-01
7.727510236917976005e-01
-5.071161365669099030e-01
3.581862532675665900e-01
4.211467902707077826e-01
1.300706547868664131e-01
-3.905716404679160370e-01
-2.119927671005619185e-01
2.983168307162029631e-01
7.601711278589058374e-01
-6.227902606253836737e-01
-6.476461835243443321e-01
-5.451226707615810518e-01
7.041099508013926034e-02
5.562388248452168060e-01
-9.959345690657528394e-02
-2.881758452089284717e-01
7.078668716209186584e-01
2.471717129316612915e-01
6.082491427889429314e-01
-4.538616259875383196e-01
9.136443636218554154e-01
-1.293143740299833588e-01
-4.034351238602633671e-01
-8.875754483812754447e-01
