-1.013168010482048409e-01
4.385714389463779561e-01
1.393450666633893054e-01
8.715995056282554998e-01
-6.459012325800683740e-01
1.810585075129562682e-01
-2.043467046996219061e-01
-1.583637796374515183e-02
-3.445154092504580934e-01
-2.429014814556669233e-01
-4.094255952192722425e-01
1.016201196351709246e-01
7.846582909005750395e-03
-5.693320243592170371e-01
-6.418010992433309525e-01
-3.190953317915763421e-01
-3.668037077828616432e-01
3.317746296280124074e-01
-3.967444111535227691e-01
-3.887323221590572864e-01
-5.501886845446861685e-01
-8.898470518857837241e-01
6.371637153580198554e-01
9.494138091418284908e-01
6.479633971043392560e-01
4.195568849845596748e-01
-3.519969518430865474e-01
-7.859176465408443946e-01
-3.763545171192810290e-01
-5.827431384863681618e-01
-5.216154286810192886e-02
-6.883222533866795168e-02
-5.513746798685548178e-01
3.218045364580821577e-01
-9.102805030971328204e-01
-1.854094840449693748e-02
-9.996604091290182126e-01
-8.134661511514487131e-01
8.127721384535140370e-01
-8.499554516186291764e-01
-4.208096352018875219e-01
1.267760238821624696e-01
3.970511459949548350e-01
9.965236907027390512e-01
-1.079617515508359826e-01
7.187041269063414450e-01
3.606112777005376913e-02
5.983749639523943120e-01
-9.768471596419219249e-01
-4.013545617795444276e-01
-2.534801250177978194e-01
-5.132034449775670915e-01
9.146398573341667504e-01
-9.516899919687833442e-01
-1.151310599067132401e-01
-1.583580146615490847e-01
3.892679495884392438e-01
-3.561965399454236625e-01
9.500154974081920223e-02
8.723965497607180097e-01
4.062880600026175237e-02
2.119417060929451591e-01
-9.371558507662876014e-01
9.672578784137306762e-01
-8.502449580642883475e-01
-8.121315043414087942e-01
-3.330206645484015127e-01
1.730731023861542539e-01
-8.907624390038617612e-01
-1.539996703313599724e-01
-8.188950071236491546e-01
-5.370193552106383716e-01
3.221858397772250360e-01
-3.138915313397963036e-01
-9.003247826344384919e-01
8.890213637851291928e-01
8.729909821954078275e-01
6.919565103499405456e-01
-1.480568078021888834e-01
-9.001422005002774895e-01
-2.966400769528170223e-01
-4.112284424805467964e-01
-1.267957542531017445e-01
6.686485215659265791e-01
9.007644556122063051e-02
8.104357925825926845e-01
-7.093936975591892402e-01
9.384761141203386003e-01
7.297146292188050332e-02
-9.490072949523060686e-01
8.512238268261702601e-01
-4.195089285490727349e-02
9.950136220995129399e-01
7.977430622200616384e-01
2.497866918134690195e-01
6.969415747726808164e-01
-7.684256971712124518e-01
8.140658323510618910e-01
5.182535423383645146e-01
7.966270202291056979e-01
4.973087496475416813e-01
-8.415107212562418226e-01
-8.756900866626746716e-01
-3.517598956858147830e-02
2.147754178214216214e-01
2.932008804735191099e-01
-8.441202981675344219e-02
-2.970755453395585999e-01
4.854770852506025136e-01
5.343918371469349449e-01
1.841393105812261233e-02
-6.611880015705542402e-01
3.827469669264003116e-01
3.635709693090576344e-01
-9.305332301632167624e-01
-2.950441037222826246e-01
8.356970829335790274e-01
6.687485675716586808e-01
-1.766454790514502271e-01
-8.339469673703296948e-01
-3.397917257055660389e-01
9.633304944645040280e-01
1.684163010944716987e-02
-5.763231073171826147e-01
-2.320611706944393227e-01
9.795384331668566258e-01
-3.334548762594204963e-01
-4.175515078692686455e-01
-3.017364403936868555e-01
-8.442999302295741693e-01
8.396573384835792631e-02
-3.728293067249732751e-02
2.429363848619505717e-01
-1.923592220268612873e-01
-6.378540726070689448e-01
6.745724532758301528e-02
3.407013456278784602e-01
4.327058521143116732e-01
5.982486311596402206e-01
-5.190516070606077115e-01
-4.613838737554303293e-01
4.420743067568426721e-01
-5.282287208232170350e-01
6.622001288048220413e-01
8.220199851027361060e-01
1.703924947726918049e-01
-7.034025943247188550e-01
-2.034905195119642851e-01
-4.504642035463652938e-01
2.647965219940036086e-01
2.738613777845522179e-02
-9.482606863850797652e-01
-4.771523778379340719e-01
-1.859863356601825224e-01
6.128558605018865624e-01
-1.511299256690172843e-01
-3.269953540632950517e-01
3.877237720962409817e-01
1.274629584675044391e-01
5.465164567894933434e-01
-3.420068692258613208e-01
-6.135923803560687784e-01
-3.149404011665983827e-01
6.906461580869667216e-01
9.922798274027826437e-01
-1.363903853443724223e-01
1.951812720857093453e-02
-2.590035607444125532e-01
-8.337735164869468640e-01
1.828939394731998735e-01
6.536959281161736079e-02
-5.860449439232291446e-01
-7.824701909760509722e-01
-7.451323129857203575e-01
-1.340788817079359152e-01
7.884147547935604905e-02
5.951020874865662336e-01
6.618362024200814542e-01
7.906801173664275151e-01
7.725713246891077191e-01
-2.670039734389351160e-02
-4.578980133932146757e-01
5.831546370669735690e-01
8.678440366293942443e-01
-7.059506305672180737e-02
-8.568807599023753330e-01
-9.507171959361964131e-01
-9.475320488947249764e-01
1.932132021679788814e-02
3.425426378450588949e-01
-2.710295414633794309e-01
-6.263122410156667375e-01
4.446021294591355755e-01
7.612392034332553514e-01
-5.878506098862443796e-01
4.869317145401987901e-01
9.694604304070324474e-01
7.967634862564088039e-01
1.559020277867637638e-01
-4.156971372222106886e-02
-1.891731579749813541e-01
-1.415164843740417400e-01
-2.489894301078614536e-01
-4.377196398005251954e-01
7.490067890172971143e-01
6.263996652410788180e-01
-5.745127695400553680e-01
-9.421393030657652101e-01
-1.294136081915286951e-01
-1.417055457497391480e-01
3.984771846175017007e-01
-6.797090648500596632e-01
7.717171465083219051e-01
-1.540909679050788128e-01
-4.132313758174535057e-01
-1.278579384186109280e-01
-8.434878088494983661e-01
3.330389616932771801e-01
9.582968618456466636e-02
-1.480517023805041354e-01
2.026575271432964342e-01
-1.654239658246647870e-01
1.741086131175424434e-01
7.677992164426628019e-01
8.301556713067199667e-01
7.630791627353028517e-03
9.182313897908571665e-01
-7.269492838640392307e-01
3.160025122124576757e-01
-6.193745574499771589e-01
-8.263081938701832829e-01
7.480888762962356608e-01
6.550886077760822435e-01
5.900652921698676945e-01
7.485920114286077620e-01
-4.052469189209264577e-01
-9.793783334745342906e-02
-2.385122119059941426e-01
9.856009273803731929e-01
5.326308568666249244e-02
-6.018317162670898668e-01
-8.026783717841239341e-01
8.371542859727378882e-01
9.092074173963935468e-01
9.025816583791046455e-02
5.589722318189374040e-01
-5.112040772116535070e-01
8.848097534076750925e-01
1.932942073725247845e-01
9.190730547941745598e-01
-1.811747958045104578e-01
4.825411095496632274e-01
3.740950490507264359e-01
3.813432297072432142e-01
-4.118886382044264494e-01
9.091979980360851421e-01
-4.953525065991044585e-01
6.888727020641871590e-01
3.269382839073324831e-01
-1.291594233304185213e-01
3.193396704392457153e-01
2.049804605946903280e-02
-3.232950678419768131e-01
-8.915057312186767113e-01
6.249062179552855589e-01
