3.084385242850256614e-01
-3.771449258293390061e-01
4.167323546786541599e-01
-2.248170401783750050e-02
3.688494100386248697e-01
-3.364861173747654699e-01
-3.757756166667180486e-01
2.465416382772233628e-01
8.355537302678948119e-01
5.463109627182473338e-02
-2.420412343180149417e-01
-1.337690749223265918e-01
-4.259476172580398123e-01
-4.130481897989019546e-01
-2.886310620785174086e-01
-9.036550811112063764e-02
2.732516095676699175e-01
-5.299337113142357225e-01
-3.788055898756374773e-02
-5.341285401613888872e-01
-3.383088645843831399e-01
2.386525705306939693e-01
-1.999104766650849907e-01
-4.083961185342877553e-01
1.834767507531849529e-01
1.374701999485296589e-01
6.365150294837132461e-02
5.820453816206716535e-01
-1.786803359036287231e-01
-3.018341659340627592e-01
3.879896795384743524e-01
-1.058028368860301077e-01
8.841398955798401849e-02
-9.141058801399393197e-02
-1.379439257514809836e-01
-6.193883093914838156e-01
5.283237082064138335e-01
-1.630770051251586444e-02
-5.106425050989606973e-01
1.712200649586468892e-01
-6.609506176199922978e-01
4.034172539806533120e-01
3.081013677248177207e-01
1.115347123482318403e-01
-5.897176693661058261e-02
6.353936340855871334e-01
9.573579478052460234e-02
6.374632628269396584e-01
-6.016608421967933884e-02
1.033068627184439425e-01
3.739530536831570107e-03
1.342652076093104607e-01
-2.627944587571452439e-01
2.093968144606278281e-01
1.628511845158843452e-01
-9.541930128836166591e-02
-2.660118304350947982e-01
6.822901783981513146e-01
-7.592081768842842693e-02
-2.564231059546762670e-01
8.838936851813967988e-02
-1.430325997771629554e-02
4.909641255460008291e-01
-6.953782425012551283e-01
-1.423953220120424690e-01
-2.119947166093430480e-01
7.330008330496373681e-01
-4.342124800383937444e-01
-5.861576521253174521e-01
-2.597330644271094724e-01
-2.933323146245886970e-01
-3.038607372587968092e-01
4.064265012776195896e-01
-5.949682066147123916e-01
-6.544610873903637660e-02
5.240950917944778853e-01
9.105097951648268018e-02
1.098156020410124972e-01
2.676480344058582150e-01
9.964531237319118606e-02
-1.077745408988885767e-01
-2.281401874177114986e-04
8.238316819629348808e-02
-1.443689888814659594e-01
-1.183215754368377587e-01
-4.911784955639138528e-01
1.640806469673619095e-01
-6.511742794248249755e-01
3.627622659348032907e-02
4.949912722487093131e-01
-3.791196808612863900e-01
-1.563517445914255621e-01
-1.010036138638364389e-01
3.887004523151608160e-01
-2.949979962261346789e-02
-3.295856882926327946e-01
-2.036543237091524294e-01
3.062220952451398803e-01
2.707161171124438104e-01
-6.328726397755346511e-01
2.046579602696409206e-01
-1.217132697187202073e-01
2.316194467379641686e-01
1.359320843778448196e-01
-4.989157416087920682e-02
-3.212501182426890645e-01
-4.709965054306591847e-01
-1.754981334851133390e-01
4.806021263774279406e-02
4.556616037146761500e-02
-2.193034424791296400e-01
-2.556733871240083333e-01
2.552401527025766614e-01
3.590840122488383468e-01
4.994401787445382213e-02
2.155619924928671161e-01
-2.335700105681279004e-01
-7.274803882077857109e-01
-3.461866751753755467e-01
5.200629959436348093e-04
-2.949273066789444009e-01
4.266670116520020484e-01
-8.656975354790000243e-02
-4.968245511717219731e-01
-2.730540635788707426e-01
-5.311392155075774779e-01
-6.790239660376325148e-02
-1.456025644996410129e-02
-5.092790076896841489e-01
3.377589735400057247e-01
8.917221674207492788e-02
-8.855590820354600212e-02
1.314770826886487165e-01
4.109192711136114284e-01
-7.884425655361236851e-01
2.643484087636649993e-01
-4.462527123175534793e-01
-4.365021126966146525e-01
-2.585188831415899391e-01
7.944714054940343884e-02
5.545662329781547717e-02
5.772413391330066812e-02
4.874093250611980510e-01
1.473716067256680695e-01
4.556128196278075859e-01
-2.576293704264353002e-01
-8.945051821914920542e-02
-1.253690408317887361e-01
-3.750285302517550878e-01
1.477825010243722648e-01
7.625328921251735004e-01
-9.719181787620362334e-02
-8.502388425662249505e-01
-1.307698698886498589e-01
-3.719773049596016845e-01
1.708086079627600395e-01
2.903236624604769167e-01
2.396004629288591148e-01
-1.073642239346435101e-01
-2.279168816785283602e-01
1.227823160454065976e-01
4.491921476986492356e-01
-1.977354035006573252e-01
2.938277727865642452e-01
-6.794738602427350393e-01
-9.740533534180309538e-02
1.217205616225480909e-02
-6.797415214546702611e-01
7.498337409019369959e-01
1.996725753352622534e-01
2.184136890538685427e-01
5.046258359610992367e-02
4.438669236181171929e-01
5.063662571726663675e-01
-1.063927462674658375e-01
2.077631816098184925e-01
-4.299727620993314403e-01
-4.901569203152079945e-02
-1.423388642401218207e-01
5.619954888481515365e-02
-2.061505046934933860e-01
6.475671590054948856e-02
-1.124906901372374479e-01
2.843720372843002164e-01
2.364518178385213373e-02
1.568397608306180691e-01
7.620242096008633670e-02
-1.681157572529139999e-01
3.199446974536509503e-01
4.863177667467261100e-01
7.537096720214808698e-01
2.548746279484610522e-01
4.713039251523579165e-01
2.317007636145846372e-01
1.600857986984606796e-01
5.227375515182726140e-01
5.441647615802943649e-01
-2.856403407295747821e-01
2.572038961248088729e-01
-6.399760713797837675e-03
-4.151122923996254654e-02
5.046977196241797525e-02
1.353869385134100489e-01
1.450259599822453505e-01
-2.961688013574890754e-01
-3.423776384387826333e-02
2.838086087498030707e-01
1.202009176023163817e-01
1.095438527673038842e-01
1.588138579655281601e-01
7.591948552773379599e-02
1.916591203825447065e-01
9.481640123158938116e-02
-1.095597812036557955e-01
2.361162750880869965e-02
-8.661820668359354602e-02
3.926290151114725235e-02
-8.974639668881026489e-02
4.388481693230069092e-01
3.166677714361054163e-01
2.979572941340166148e-01
1.114450682773182599e-02
5.415762510488291159e-01
9.714506489858609761e-01
-2.101175959411650251e-01
-8.632354903724389628e-01
-1.860048709951002410e-02
-4.974077677857962621e-01
-1.488495609643147866e-02
1.967588076527853891e-01
-1.202011064577611921e-01
3.408812881704328390e-01
-4.323441976910755158e-01
2.553744550847898975e-01
5.793745563468675197e-01
8.146482649538132614e-01
5.095438237527811776e-01
2.332435112270979383e-02
-3.966062500736888818e-01
1.220561466671110651e-01
-1.824522659005487490e-01
-7.480507827046438685e-01
-4.827686762686529409e-01
1.785910692242630715e-01
5.485202638326571734e-01
-8.759688986123920218e-03
-1.787461504418933200e-01
-4.083720576922291179e-01
3.729025948246855182e-01
-1.342320423276936736e-01
5.262370173246430083e-01
-5.610002112501206312e-02
2.331559685853910602e-01
-5.615403345992898698e-01
1.700636135208179189e-02
-1.787460609672664180e-01
3.366903624309415810e-01
-3.480023371140537614e-01
-5.719286928877327369e-01
-2.074389171219069572e-01
1.803877791175603762e-01
-3.631221347939579958e-01
-4.641855176855580467e-01
4.021292262271434215e-01
-7.959758807650041401e-01
