7.080437870201272688e-01
8.996070802836040325e-01
-1.515314680614632259e-02
8.312594045967409695e-01
-9.975386906955878707e-01
9.228621795098785885e-01
3.135661101879534396e-01
5.493250890240168882e-01
-2.584391224999462722e-01
2.861089651654180610e-01
-7.054709421759903787e-01
6.400943006894710408e-01
-7.614050008443904449e-01
5.838372101403905834e-01
4.719522628587824453e-01
-4.102703756310446259e-01
4.083805746082347365e-01
-4.724843313764366393e-01
7.185952353584761365e-01
3.522708775665019942e-01
-2.886626507163239097e-01
7.618718090790899122e-01
-4.515415037054593128e-01
5.010700894196815636e-01
8.990660404439960729e-01
-4.508573892514773362e-01
-7.701767021671590552e-01
5.745625701019863030e-01
-5.376874184025504100e-01
1.187508356216475658e-01
4.087248795431990267e-01
-9.668250338556001466e-01
-2.252792526091536018e-01
-1.786399570053003316e-01
-2.072975130761423035e-01
-1.648265551425491804e-01
-3.974487388992244963e-01
-6.191379092515134630e-01
1.049006033881341171e-01
7.616020611876945789e-01
-1.005760443932390835e-02
1.891562059186546740e-02
7.134026166336024932e-01
1.354815854821955767e-01
-8.026724215606351187e-02
2.663703865095830015e-01
-5.069709562203406072e-01
-5.386004631212573113e-01
2.417670933135258604e-01
-1.838775916632209295e-01
-2.871415342084717714e-01
6.872491437070109566e-01
-5.574348565555926616e-01
-9.769685167416366500e-01
-3.415644979693204242e-01
-2.341410822973462036e-01
9.274500414215052224e-01
-8.924723359689834545e-01
9.984996669496466470e-01
-9.759517412382026080e-01
8.641314157594330858e-01
6.873293813557925791e-01
2.878771763255547622e-01
-3.670337008858080008e-01
-8.069077297206386223e-01
8.136759877097781146e-01
6.956138763853501050e-01
2.308785842276228628e-01
7.378683139356623233e-01
9.687105653742213995e-01
8.407613137181633167e-01
-3.652383775645333674e-01
-2.692001470477674019e-01
-4.616296264021784168e-01
6.067426449432933300e-01
-9.573432704352500267e-01
-1.252749078303305730e-01
-8.190263462598734723e-01
7.114923133130877098e-01
9.720077908571240766e-01
-5.705947263644848277e-01
-6.377054886386606114e-01
4.387424133008477334e-02
9.875060960488368789e-01
-5.350216609622537867e-01
-4.013475042442427032e-02
-2.508174825915967521e-01
1.662837848047216127e-01
5.437235917529401608e-01
5.940322362849457249e-01
2.080550476019127348e-01
4.587814856366341232e-01
-6.296360736825594717e-01
5.250327782593569026e-01
-1.713671025903902301e-01
3.744277185960682708e-01
-6.823198083451946783e-01
6.482678950602749346e-02
-9.285541985763223760e-01
2.044403513652406357e-01
-6.549055392141942544e-01
-2.156791415199315054e-01
-2.324422367581651105e-01
5.277276647895701167e-02
-6.308804337209672486e-01
-4.459771734413253697e-03
6.496914708488328305e-01
-1.230550408383601635e-03
4.590751345902730485e-01
7.123292860272329996e-01
7.416695363003591446e-01
5.228661619803975924e-02
6.256067901314297242e-01
9.823382394939108586e-01
2.023748064313521944e-01
-7.576699205365389211e-02
4.276484582767758891e-01
-9.033127010072772300e-02
3.657534571005918167e-01
3.445881434876676419e-01
-5.297331047895790235e-01
-2.913749660861111312e-01
5.104930422013991276e-01
-8.876177289042979091e-01
-4.574409190313035722e-01
9.538111839954084292e-01
6.490009550909399128e-01
6.128779769210122019e-01
-4.350307084800930646e-02
-2.317793338391407332e-01
3.404374200607478418e-01
-4.455960241774550301e-01
4.178101278367636340e-01
5.609887167085447768e-01
-8.652513970649056141e-01
3.087237882705906600e-01
5.259298517675881079e-01
4.050518503618911748e-01
-8.295491003247759121e-01
1.391686447703703866e-01
3.878809323463985326e-01
1.193265195658028688e-01
4.884837659164702472e-01
-9.176104179144348727e-01
6.349934942298889329e-01
2.474494014301915623e-01
-7.738244127831519492e-01
-1.460668337083728119e-01
3.150079484708647737e-01
2.810396495679108320e-01
-5.590363679378782535e-01
9.897620703202196779e-01
3.048829504935812729e-01
-4.033562927181564284e-01
-1.432026536043460307e-01
-8.697148935128398151e-01
1.873201892877707220e-01
6.816740575269963909e-01
7.811580499382053677e-01
-4.302739654809539793e-02
-4.986573569924102056e-01
-2.117088355854439552e-01
5.651072421670955137e-02
8.663644869886037991e-01
6.380460018829936519e-01
1.222665788402601539e-01
-7.190725670613806741e-01
-5.686850064314683539e-01
8.373428709132666459e-01
-9.783504955715092155e-01
-3.918429436043464609e-01
-6.452098033751405559e-01
-4.887696592212720237e-01
7.113084813393617534e-01
-3.505808258790765741e-01
2.036255450686081936e-01
5.192289672780587839e-01
1.866817074737079363e-01
-3.667381448575812719e-02
9.170903304013695578e-01
5.371502544826782799e-01
-9.143370334330549465e-01
-3.026539282775198014e-01
-3.587794816904221751e-01
-4.217719920483979923e-01
-2.106032465705576229e-02
5.901939799027049460e-01
7.082043604454257846e-02
8.147490654043023639e-01
-9.630483553192974444e-01
-3.010724549452312715e-01
1.754676028222303952e-01
-2.183531068675215181e-02
-2.356221171636228018e-01
-8.414231761492994011e-01
-7.949166019603417510e-01
3.874598329180147793e-01
1.131947400968802420e-01
4.746750771007104408e-01
-4.084845074387026820e-01
7.476477241490653292e-02
6.534782254831306147e-01
-4.393020070848538960e-01
-1.622788806837194286e-02
-9.920399706072884349e-01
1.609673534297915154e-01
2.390594582444012239e-01
-4.992233375971029119e-01
-5.238039844058623995e-01
-4.046143240919846118e-01
-6.542445299751400434e-01
2.174380888579627857e-01
-3.459269709043260033e-01
6.237462076428990088e-01
6.728995910115731505e-01
5.557045140889418366e-01
7.710315780485439419e-01
-1.151413532934191242e-01
4.086019437231447338e-01
9.858999242452468614e-01
-2.027554284768169346e-01
-7.487063878754556256e-01
9.027289784144265639e-01
7.024521751146530768e-01
3.947875431587211104e-02
8.346547766169898352e-01
4.241548769678209485e-01
-4.712672228386236561e-01
9.065545515070962956e-01
-5.543337078489465330e-01
-5.187724961638038312e-01
-1.169589029983446604e-01
-8.177513380182754865e-02
8.189676873117730516e-01
4.145756018152408906e-01
6.417785990582167699e-01
-3.562954199343755235e-01
-7.992786244407978913e-01
2.144974228099645330e-01
1.517827261580029230e-01
9.065419785864512470e-01
-3.660181511040268010e-01
-4.337779487304858073e-01
2.546120334709660593e-01
7.519807024489759684e-01
-8.598962155351663750e-01
7.964472857469810929e-01
5.884036390375249059e-01
-7.056621748909597258e-02
-6.036548997231252489e-01
6.846789287359649201e-01
-2.550735648753776896e-01
7.692370346489842969e-01
-9.082071382801799597e-01
-7.118196695953413755e-01
-8.441124803338226901e-01
-7.019574213041883670e-01
-9.317242474636098226e-01
4.426884621715898582e-01
-4.087391089498935148e-01
3.557356777134648151e-01
-3.210494577963096674e-02
6.461383345980731274e-01
2.360349591431099014e-02
8.453285767186033972e-01
