2.355183994780624679e-01
6.453324072314270410e-02
-6.675599689756230859e-01
-5.438503607163431841e-01
3.313434437726173742e-01
-7.958863524528680955e-04
6.673857844156243224e-02
-5.217017766856207883e-01
-1.233262211241103190e-01
-2.350834087940958383e-01
-1.085028943236394650e-01
9.270772370700575138e-02
4.319367572436457747e-01
3.502090815087184339e-01
2.234932128908434235e-01
2.557157129356224523e-01
-4.618956177402465668e-01
-6.041840578567859721e-01
-1.828473387190338029e-01
6.426986163023815091e-02
-7.666848080447973279e-01
-8.073718588043954369e-02
5.432328023179777698e-01
-7.567802087332159422e-01
4.806445711041597013e-01
-3.850599303389903860e-01
6.587717289951379174e-01
-3.182983851393903496e-01
-3.188483397562722477e-01
-2.260873082152541624e-01
4.457913531494337445e-01
-1.910136435894067564e-01
2.258480271764919389e-01
6.694337280111545274e-01
1.271424231096998647e-02
4.127386055916462682e-01
4.532816529020399776e-01
-2.915305774872242739e-01
-9.606074559914315469e-03
6.266153166446774003e-01
6.231871492534641899e-01
-4.052087850110266398e-01
1.234383327617754322e-01
7.617057270351462739e-02
5.495579938691076416e-01
1.895048140632428491e-02
7.469883448631511880e-02
-6.987220399611255850e-01
-6.343356078189215097e-01
-2.380004821224069450e-02
2.712435758685312615e-01
-2.937276338659187136e-01
-3.817604853327909165e-02
-7.180445957107899069e-02
1.701500106714028127e-01
1.039860814067479766e-01
-9.054548356091146610e-02
-5.160418251163395587e-02
4.158156702103948388e-01
-7.629697684966152416e-01
-2.942130892366685568e-01
-4.728732777775704332e-03
7.343646359290731951e-01
-6.166109452893631104e-01
4.397065405425695794e-02
-5.007657983621907061e-01
-6.126649415588732994e-01
-1.172730307679361317e-01
1.404193179110854173e-01
6.524491775069704014e-01
-3.309634262339007371e-01
-7.696430891276696828e-02
-2.579755227951961993e-01
-3.542289887242777713e-01
8.290384470741805067e-01
5.269301092040230561e-01
-5.523047259101871997e-01
-3.934768150229508432e-01
-2.275917117998592920e-01
-5.815034838441952153e-02
-6.648906492999626661e-01
5.153930928240926246e-01
6.475798102227893205e-01
5.360066496670869984e-01
3.849876261932368149e-02
6.170446347739094728e-01
1.365562969013146555e-01
7.306634793434689801e-01
-2.678239548485793486e-01
3.161998278301092480e-01
4.949791599897934713e-01
-4.383956908129006402e-01
3.766452049906385824e-01
1.523665974406833157e-01
-6.252142092704223719e-01
1.362664823183884488e-01
-3.521420437021229310e-01
-7.694548656666655440e-01
4.922093160036757342e-01
2.175569629744368572e-02
5.535078143970015851e-01
-2.475818991232455191e-01
2.885870172980570247e-01
-1.474849542919770551e-01
-5.951769590963687517e-02
-4.244765614345856752e-01
-3.223050856330805236e-01
-7.513664464718330382e-01
-4.864300756133286274e-01
-4.988887064182214726e-01
-6.500860006962541071e-01
5.260136773671038324e-02
-8.955326579225431072e-01
1.232972864209087860e-02
1.323601558167201708e-01
6.038053972574213280e-01
2.955762063066377232e-01
4.097051059736110945e-01
3.831519954151348939e-01
1.065330928618313799e-01
2.450437189048345343e-01
-3.241893766752608208e-01
1.450126258955996283e-01
-5.159915385587041659e-01
-2.764513457895108606e-01
-2.099286800589778013e-01
-6.621528926524623548e-01
6.643171318019406302e-01
-6.431800337982519489e-01
-1.654301963958873523e-01
5.519334892380807212e-01
4.736854009392088560e-01
-4.895803553664833108e-01
2.508780223710981305e-01
-7.910716612829851724e-02
1.707276137017639805e-01
-4.985151730691093630e-01
5.672366616842451637e-02
-1.780036360877405577e-01
7.926309192728587805e-01
7.997167510163323279e-01
1.461620538617001142e-01
-7.917175675535175206e-01
-3.038082734241601690e-01
6.829507471703875066e-01
4.969269975574802656e-01
-3.208129129993005924e-01
2.520288151543289001e-01
2.864331427058359192e-01
3.076747899306286893e-01
1.956053364514524773e-02
-1.028352845493011591e-01
2.638886094544456995e-01
-4.718905302202443530e-01
2.514007882066685018e-01
5.582905557400184016e-01
-4.681044344613006225e-01
-3.039162782619190817e-01
-6.276880914459577188e-01
-5.183675501383329109e-01
-6.169906654418491065e-01
2.077345082539136523e-01
-4.084611836033089083e-02
-2.749892614642567845e-01
6.553401113605699102e-01
-6.955642044064731522e-01
6.139042415082568427e-02
-3.319772947588688350e-01
-4.964463728161635503e-01
2.999946998339232951e-01
3.045758076426157146e-01
-1.194481714194794569e-01
5.632957362915609334e-01
-6.723765650186236398e-01
5.678519964087409555e-01
-1.387630945049126430e-01
3.137827742277640164e-01
-4.963576558245427761e-01
4.238778197597328212e-01
4.952632496705687282e-01
-8.114563280866791961e-02
-1.779933257775928312e-01
-8.008958675819043138e-02
3.010259442331250646e-01
1.821863724741816515e-02
5.097636598939122576e-01
5.848717715051453547e-01
-4.124403820238869978e-01
-3.275514093422344369e-02
3.258650623555073844e-01
-3.583338962684039508e-01
1.035810633861209834e-01
-4.613173270597624165e-01
6.467385988193823376e-01
-3.297545494120759368e-01
-6.867304583400575257e-01
-3.451683215568766006e-01
5.865987228543595444e-01
3.239385612443162477e-01
-7.106257736207597375e-01
4.229532513298606133e-02
3.965946032522799092e-01
-8.367597027007589450e-02
-2.681487337302496665e-01
7.186399314550920847e-01
6.252569149959872341e-01
6.329306054491775635e-01
-6.686879681938945330e-01
5.133025084088411738e-01
4.055691222777157434e-01
-6.859635691246587230e-01
-3.349830883296014417e-01
-6.273787605380163335e-01
5.367134864047264919e-01
1.211007582953888828e-01
-1.113887756186746625e-01
-1.624207902340892851e-01
-8.619395331234214197e-01
-1.202811856529126672e-01
-5.184721297282640640e-01
-5.253564485105086668e-01
1.791483163833928194e-01
4.923863789505889543e-01
6.762573309456563209e-01
6.864829994886600950e-02
5.830264596453775816e-01
1.076849632268987028e-01
1.024304893583980469e-01
-4.532689429210243759e-01
-3.158282159819263413e-01
-5.539779686681007842e-01
1.664629135164653884e-02
-2.846127663030801336e-01
1.365313968247329202e-01
9.999777676504859047e-02
-5.507016700575141366e-01
6.305125912960789225e-02
4.817700552171179373e-02
-6.063404237265634933e-02
4.785462580130105947e-01
-5.305383291614427232e-01
1.939730481438821375e-02
8.252218429604091243e-02
3.770322338146336327e-01
-1.446971527449207873e-01
-1.235856583724999069e-01
-2.315267988514197461e-01
4.219238723471334385e-02
-4.833501065655917417e-01
-5.742304570678410380e-01
-7.664212064589853712e-01
-4.647169638329110564e-01
9.476731201880986277e-03
-5.473182462511695379e-01
-5.338598232287733447e-01
-2.366468755363459742e-01
5.813819193206328784e-01
6.447534915866868221e-01
-4.870131079328676726e-02
6.876081167308476516e-01
-9.457257921023415337e-02
2.979156567608978734e-01
-6.051419161271153202e-01
-2.148355553468941914e-01
1.631667820053615547e-01
