-5.906895867291070967e-01
-6.915696549826888528e-02
-6.004618869368838485e-01
-5.979496847526430958e-01
4.024758841276501187e-01
-7.649280944472374166e-01
-2.226518955019922696e-01
2.587343675021276379e-01
-3.867817361135010845e-01
8.951512173986104770e-01
-8.801605249434538703e-01
-2.863838169866268490e-01
-5.940673711766637499e-01
-6.687879812891364129e-01
8.180333984040328854e-01
-2.222486470667535130e-01
5.171248296137977984e-01
7.464998436742655841e-01
-3.562329569428215326e-01
2.361919996663157661e-01
3.201413484043480473e-01
1.799700425267347637e-01
5.281984917734796614e-01
-7.353461573493067505e-01
6.453447473394835487e-01
-3.322105880090817642e-01
-2.396838802991041462e-01
5.515256783584210343e-01
5.998666791605384851e-01
-8.567951503980739680e-01
8.468590027028854994e-01
-4.587320491893662755e-01
-1.753682787445760560e-01
-9.878368748821497736e-01
5.212654386318882338e-02
3.527264110528860463e-02
-7.602429664500560680e-01
-7.408497441610366607e-01
8.345947507031050705e-01
-1.500430145848685726e-02
4.749018117235903613e-01
2.740929500020423681e-01
-1.603499659515663645e-01
-6.032176479688531323e-01
-5.961659646412829083e-01
3.359862026709869998e-01
1.215208321762997201e-01
2.291819441567963800e-01
8.136373526893478925e-01
5.434773482834442948e-01
-9.618820380592423280e-01
-7.426311186215337479e-01
-7.123475941486463459e-01
2.479454530708606885e-01
4.900706789950894926e-01
-5.915481279354637412e-01
1.996066648600258731e-01
-6.678164443129852579e-02
-4.955663808932440073e-01
8.638443773008490645e-01
6.511057662297556892e-01
3.906469150506437504e-01
7.813756267317721882e-01
-5.477280134689164193e-01
5.061995088237152274e-01
1.402892853386552563e-01
5.368312094858729289e-01
-6.314134765103807112e-02
4.484421359261798745e-01
-9.169044740984568787e-01
2.082962644647969874e-01
5.763319801329767067e-01
8.460103405876706617e-01
-6.575082585223495091e-01
3.504739976601967122e-01
-2.315162665616150584e-01
-2.894115295418551170e-01
-3.092646497707152164e-01
3.568765925286987439e-03
-3.252524849117175432e-01
1.068320118245051908e-01
-6.498350720513417222e-01
-5.136892377428883272e-01
2.170619088988094969e-01
-6.142089871324873940e-02
-3.822429086497878270e-01
-9.920525719119943631e-03
-4.253027915191307518e-01
4.603912817804094448e-01
3.045885040844555913e-01
-9.690298611384196015e-01
-9.811865033346196530e-01
-7.762493902962110948e-01
-9.023505172375603234e-01
7.669397170486211834e-01
6.304361150174675466e-01
2.256563292625011208e-01
8.405260394705866833e-01
5.026893852483296232e-01
-2.133036278606907921e-01
-1.702486692033766680e-02
-4.925332282031058551e-01
-4.526711415907684888e-01
2.038256156547557651e-02
2.385415459125370674e-01
5.976652529938863978e-02
-9.063302678199161022e-01
8.274192876334816038e-01
-1.454080896204823503e-02
-8.907940235994020739e-01
1.035209688786979942e-01
1.461425448979662978e-01
-4.603835510340004156e-02
-3.466786952586144999e-01
-1.439465581022543184e-01
9.293528708994802656e-01
-9.141715901885871798e-01
-2.274829740206578688e-01
-8.087575451517317049e-01
7.729479069014688619e-02
-3.858517796678999634e-01
-7.618407520090486607e-01
7.918958954512809179e-01
-5.594269861174294700e-01
-4.072202954857633284e-01
-3.541412397312826421e-01
1.582902518168773920e-01
-4.486197504718787421e-01
-6.657630526504434432e-01
-5.239430461260246030e-01
-2.638563340604014318e-01
-2.544916015027842704e-01
-9.949728159551585183e-01
7.932337441998116301e-01
-7.260739814276639947e-02
-2.969598075929706926e-01
2.131036824130287943e-01
9.731494727324301319e-01
-9.395688397206276576e-01
5.230869136842595246e-01
-7.127151582115069939e-01
9.416657990891226238e-01
4.243473894790665835e-01
-9.321351627052130162e-01
-7.168923922434264906e-01
2.306623366483948612e-01
-5.929113918412638462e-01
1.717380862237742889e-01
1.409545508591398821e-01
3.042635054839062381e-01
8.503867226689880710e-01
-4.347979981447280817e-01
-5.144952512143057266e-01
-7.060003229065907604e-01
-3.486570167915425955e-01
6.105069051436495808e-01
2.087754508078520921e-02
6.930973178141905944e-01
5.044735921217227137e-01
7.383811039021219713e-01
-2.767459705035912876e-02
1.190702556388512079e-02
-5.474588128570163637e-01
-7.863667208301994282e-01
-1.511188508067227154e-01
9.222761551261631219e-01
-2.690451280319388072e-01
-5.169961438543424492e-02
9.441168618615718433e-01
-3.051828661829203426e-01
-9.548590562854004649e-01
1.712642316911705542e-01
-5.950475071249972103e-02
-9.412371472327587529e-01
-5.616704518749249253e-02
1.639637060618743813e-01
-8.898532553355766872e-01
-3.769573579410736563e-01
-5.002735348929361336e-01
-7.390779824993074509e-01
4.305100730662441144e-01
-6.937939985657177733e-01
8.143657121301064450e-01
6.637009052006883625e-01
9.050691375133101957e-02
5.867408766232040662e-01
-1.634776525965095928e-01
-7.386753792374982641e-01
9.422055298837743731e-01
4.421472847144931606e-01
-7.751398940702762808e-01
-1.279743835416642384e-01
-3.595245170862426676e-01
3.389833272575681899e-01
1.737002761460433309e-01
-7.934436029456053419e-01
7.774289058171732769e-01
1.888759439298719478e-01
1.435370142015606199e-01
-1.439991838183034556e-01
1.343129385092534100e-01
5.064206723019215595e-02
-4.699504904010114448e-01
-9.140584247461625012e-02
-3.769690371464256007e-01
8.766499702858654430e-02
3.545656902680738298e-02
-9.585903530669790396e-01
-2.714169580446261776e-01
4.834762608192486599e-01
-1.318884552694008505e-01
6.127841972488978772e-01
-1.115115913428887939e-01
4.947613386477316411e-01
-7.591023965533696405e-01
4.953608433249492293e-01
-6.128459784544004751e-01
-7.417348033000665808e-01
1.025051427584333652e-02
7.059274839020155401e-01
8.339087750325078208e-01
-2.867271954805656886e-01
5.968714077780985505e-01
-2.337929473425892635e-01
-8.086642451739154414e-01
-8.468004529332111563e-01
6.286890213300524444e-01
9.644624443813221149e-02
2.210533219847479192e-01
4.682310617254661356e-01
-5.051259800765441899e-01
2.853508401939026662e-01
9.768925750702968092e-01
-8.464137019885542568e-01
-9.856889041841971899e-01
1.005621190026670941e-01
-8.883831545631570847e-01
7.635657690720876190e-02
6.355107975296214740e-01
-3.151707762888236175e-01
-7.947994880974740273e-01
-8.058360002362441321e-01
6.810037816628784491e-01
-7.061739507210318401e-01
-8.918772471803124713e-01
3.327832504113528156e-01
7.609503364087899513e-02
-2.998356896448486353e-01
4.873472725760137347e-01
-9.636909600832959111e-01
-8.207888143273780468e-01
9.856584776989940622e-01
-9.409749152751174517e-01
-4.366728543833633402e-01
1.058229150027145682e-01
7.697466201863440993e-01
1.460215868890826219e-01
6.397458281019918758e-01
6.232231146805424782e-01
5.061775832807746678e-01
5.069672903237740780e-01
7.856654274265268967e-01
-6.226648327358772494e-01
9.894454748973422475e-01
3.280456596595922036e-01
