-9.776253285047562525e-01
-1.786842444075116276e-01
1.903868801547810019e-01
-9.752638846664016814e-01
-9.735765211394822316e-01
-3.042911953886817678e-02
3.656171385962310172e-01
-7.875819639774483960e-01
-4.372291271902080112e-01
6.685473156583023879e-01
1.251826678430592032e-01
4.571199257285745166e-01
-1.272391339927290144e-01
-7.308430920627357885e-01
2.903383170052855622e-01
-3.291123912782680794e-01
2.960200513219675145e-01
-6.337123659554768640e-01
3.628301462618397366e-01
-4.289196421689789318e-02
-2.844166278552617833e-01
6.497036918085772328e-01
4.132417195419011424e-01
1.463639300698593715e-03
-6.073753031985098527e-01
3.765868440590471877e-01
-2.977407257349957703e-01
-9.427439857751576113e-01
-4.111262956114103417e-01
7.609386714507340166e-01
6.229841605785224612e-01
-7.727124473223982992e-01
-6.891283104148293592e-01
-3.235388502381602027e-01
-9.048792010209010250e-01
-4.736257699809112154e-01
-8.364604237686119603e-01
7.040151511924319649e-02
9.397807776273821023e-01
-9.737231674682191862e-01
2.217527083309676073e-01
5.109538778114299795e-01
-6.356355761261136550e-01
-9.574444517567022306e-01
4.098613373248167768e-01
-1.042004749450271550e-01
7.382847059178254678e-01
2.066180143788911572e-01
7.813259833104717611e-01
8.351870314857769984e-01
8.326590791712780160e-01
2.956837333666031409e-01
1.486331990035629769e-01
7.612701721248638087e-02
-8.832074892592012283e-01
-1.805803054901951032e-01
7.259175953735053088e-01
7.638203666160885419e-01
-2.741509056792386101e-01
5.546971043247070909e-01
-8.289179371239516758e-01
-1.551239417899328288e-01
6.792686186845149354e-01
9.921301768995187675e-01
8.842778372535604614e-01
-8.081283062527222505e-01
4.436610062910166796e-01
1.618989186932633384e-01
-8.540779344628814940e-01
-5.548147442800721585e-01
-1.327422708495491488e-01
4.675426739906947127e-01
7.280077773824009668e-01
-8.610377424828263848e-02
5.232172088637385698e-01
-4.697198276130281069e-01
1.690920926017391857e-02
4.381930552731125861e-01
8.553608926512008548e-01
-3.553501260908078496e-01
1.072961308174278372e-01
-5.161300662806551642e-01
-9.154111657084527121e-01
-7.680277459426845255e-01
-1.285857806098411604e-01
1.028827636824298786e-01
-1.172842239601685765e-01
-3.146565458040198049e-01
3.232112861381775115e-01
-1.323035413669486626e-01
5.794262372114338255e-01
8.942044274300740003e-01
-7.101209703970230436e-01
-3.940998662990715662e-01
-3.634458343449020745e-01
-4.273649853734402537e-01
3.459353686140016482e-01
6.422173663010797284e-01
-5.550078828386340035e-02
-2.328538108132756079e-01
8.720755333021723565e-02
-3.109835473679734008e-01
3.619890018963698441e-01
8.324041670847497354e-01
-7.059823247993932682e-01
-5.664271988359570464e-01
2.952228818646978059e-01
8.845573854049140206e-01
-1.843935431820418192e-01
-6.667026947996466113e-01
3.688328867476897699e-01
-8.032122326207082885e-01
-9.198866580501641188e-01
-5.416809656940972939e-01
-2.441399091084806017e-01
-5.386767904356570824e-01
-5.414850785221692053e-01
-6.514547861603079415e-01
8.017817452209947682e-01
9.821389686026500421e-01
-3.098671883601178401e-02
-4.199671102091528940e-01
3.221934373439649946e-02
5.208522522003704580e-01
-7.332707652448333668e-02
-7.225613143098550406e-01
-4.023827595776270361e-01
-8.333790423165163830e-01
3.101653647406066305e-02
5.222410169806956937e-02
-7.930096653505371851e-01
-4.803117954208424578e-02
-2.359266917575677525e-01
7.229894884571015368e-01
4.262667268925945940e-01
9.003418210696192414e-01
-7.477756696568071959e-01
4.172597265021371626e-02
9.205528402642666475e-01
7.302056566512999947e-01
7.743571975743466229e-01
2.573378979782210418e-01
5.348630811985073397e-01
-5.959404891506903112e-02
-9.559542766259092605e-01
-7.666212562150298560e-01
-2.285320222858604478e-01
1.161299178681298727e-01
-7.895812661993590886e-01
9.929597035139929861e-01
-6.623545164495241444e-01
4.634762778268295413e-01
-4.799779440787605989e-01
1.755949120017381571e-01
-7.309755470994434567e-01
5.728212926178157804e-01
1.431694503998288681e-01
9.759257593788162044e-01
6.295014739587303509e-01
4.958642827190717917e-01
8.375475646822039266e-01
3.231769893382558934e-01
6.162070519171602978e-01
-5.998661560784923630e-01
2.275188317474838851e-01
-3.239438336959257203e-01
3.554775803863585715e-01
-2.466232317334327018e-01
5.691097129539834931e-01
-9.916552186192870710e-01
3.687545583232765267e-01
8.152118997456272442e-01
-8.684035239177105847e-01
-2.796023732192298716e-01
-5.203742177722359141e-01
2.079917124920522831e-01
-4.185139198156089257e-01
4.530483783812748744e-01
-7.784861928648802998e-01
-6.639518859313835453e-01
6.549494774696331678e-01
-2.250032574915938888e-02
1.952544949668164609e-01
-5.871354756890372339e-01
4.042680287254052374e-01
-7.112652643630823501e-01
-7.321426250767604227e-01
-4.120495983317042921e-01
6.456927795316638186e-01
-2.307057792287059428e-01
-5.164470148229585167e-01
-6.134739066579641964e-01
6.225116448013312542e-01
9.987050216335016106e-01
4.813946796766721548e-05
-7.879190158836790747e-01
-4.030736965005152772e-01
-7.170774012855161139e-01
-2.557453848441890720e-01
-8.180855800548354484e-01
8.156414082811034305e-01
-6.377370236261383774e-01
1.325020610828604450e-01
8.210794308278539511e-01
-3.790047870377695194e-01
3.162755389689502206e-01
-5.755393955025034369e-01
3.766506832957114970e-01
8.255185106525080307e-01
-8.605942151887939762e-01
-4.115670728324993810e-02
-2.685524916627362035e-01
5.241888671168772884e-01
2.284640808449318605e-01
2.196582041661532259e-02
-9.968678703517082074e-01
-9.089794583959498464e-01
-1.874621476803151054e-01
-3.014010338302861580e-01
1.919946127746432474e-01
-5.823581466316445354e-01
-6.392997550109313920e-01
3.479209581664572948e-01
3.819845542545983186e-01
-6.849581714113313069e-01
3.086649390510731727e-01
-7.351631813787646852e-01
-7.022450554495225372e-01
-9.167069503623148652e-01
7.159468951746221776e-01
-3.869877257015721383e-01
7.364959672345081643e-01
-5.598129837265064523e-01
2.451897693446694060e-01
-9.698602736287218473e-01
-3.995328832539333241e-01
6.589475429095983383e-01
-3.691628506361224193e-01
-7.290426593215004747e-01
3.742757799101190663e-01
4.197177942829612984e-01
6.737766310964989902e-01
-6.073487933022132523e-01
1.548857046274041416e-01
3.393102681076445304e-01
2.075504617914969430e-02
-9.468446099596512511e-01
-3.941037408316923063e-01
-1.788664853185457648e-01
4.920175098714600903e-01
-9.201294843113854149e-01
-4.383462958480386362e-01
8.033524791752715277e-01
4.148069803464333738e-01
3.861525674813026665e-01
-9.486950776175411271e-01
7.211974904950644305e-01
-4.102531595966203426e-01
7.695952982262190822e-01
-5.828756789207385491e-01
-8.440329898011784682e-01
-7.203770323075970872e-01
-4.349107235005129635e-01
1.884515664336048335e-01
-5.300318781644741684e-02
