7.635172883965180013e-02
-5.846192851420519698e-01
-6.299467241689853392e-01
6.793676805052690781e-01
-5.839666005195647269e-01
-2.706818181941906820e-01
-8.850044633527043292e-01
-5.925495522503663182e-01
5.460933803137932863e-01
-5.864104834955918832e-03
-2.252951148689408267e-01
8.074195538657291671e-02
9.404776734966635576e-01
8.783145054729851742e-01
-3.171934566097700525e-02
-6.076574270592474125e-01
3.608719293208186851e-01
-9.791655916676690607e-02
-6.754736012720778948e-01
-1.214134264836612409e-01
-2.699942724386339421e-01
-7.534038638260118770e-01
8.977513747541994160e-01
5.324703243337217673e-01
2.670161429114590868e-01
5.581280110911256420e-01
-2.583165446526869413e-01
6.671978858462432882e-01
-6.844346974843211473e-02
6.953677274486015358e-01
-6.240703650306791417e-01
-4.775230354489168327e-02
-3.763463064452925444e-01
-1.907177072410797258e-01
-6.275174833879914038e-01
-5.122519474902447190e-01
-8.539081055868301684e-01
4.947085808520972350e-01
-4.164085090303237813e-01
1.561961428779539141e-01
3.073991670840572343e-01
9.427752480059459206e-01
4.956341932740278011e-01
-3.389398011995075621e-01
-1.753487617449258629e-01
-1.633464162015934029e-01
-6.138671409140670221e-01
8.767861942197103797e-01
5.214319557500682878e-01
-4.687452481617567224e-01
-9.444156573146382794e-01
-4.079162334758221209e-01
2.983467481379772912e-01
6.310447393944519368e-01
-6.307503027051390987e-01
-8.069653306689408279e-01
-9.230622568185380405e-01
-2.866499001930593593e-01
-6.505412153741900738e-01
-2.426671402812439204e-01
1.923479965692054261e-01
-5.449331032824056287e-02
5.511601492562925309e-01
-1.901785878051849288e-01
-4.017956755866647356e-01
-9.726525196091522218e-01
7.889758350668090170e-01
-8.887064042137338138e-02
-1.719917911981625469e-01
7.713633075014512119e-01
6.791023870049009981e-01
-6.217232746741048199e-01
1.287221053125624515e-01
6.444255808563279508e-01
-4.515700582672423913e-01
-3.482858453064698878e-01
2.950055601742105349e-01
-2.526719797293239811e-01
7.276261495257243528e-01
2.994343661494378583e-01
3.885341732247087343e-01
-7.021692343574457151e-01
7.412782528278505367e-02
-5.927496280925692584e-01
2.846373745668298594e-01
-5.862581422407959764e-01
8.383992867090495071e-01
2.450148606502071669e-01
-5.306841181516659400e-01
1.081520647497691001e-01
2.486255819496312469e-01
-5.609930852923064037e-01
4.407968941215245628e-01
6.243293089908978910e-01
-1.200449035205699566e-01
4.328814229264608127e-01
5.640648157794116990e-01
-2.241716794940703528e-01
2.042556470896763621e-01
-2.202656853402420456e-01
-7.400522891122416347e-01
7.217302356691617238e-01
-9.398511988867042088e-01
-4.150239723394048841e-02
5.781821041298145225e-01
-5.468580757414858162e-01
-1.538415318346855187e-01
6.047445971340053017e-01
5.555265777347948575e-01
-2.795760397737054870e-01
-2.513919913168065623e-01
3.544552061968888612e-01
5.178350333784693255e-02
2.611594561671524151e-01
4.216509501943268567e-01
5.982754724940178015e-01
1.017587944209341622e+00
-3.655113417169761902e-01
4.244518211951411324e-01
5.801496248434814262e-01
1.970357575080381729e-01
7.475773433205183671e-02
-2.969659160518862695e-01
4.595067027541663851e-01
-7.452175472775381948e-01
8.752382129900406760e-01
3.484916945350905459e-01
-5.464156645320283889e-01
7.604525507402226658e-02
-2.234972236325223904e-01
-9.684893542450030424e-01
-7.677548393795781134e-01
-5.123887103583926184e-01
3.878314864007454954e-01
-2.268788521875432229e-01
-9.227317360866629237e-01
6.582636959745482574e-01
-4.507125042942475290e-01
-1.003908832933840145e+00
9.327196833226614192e-01
-5.873169766865746766e-01
-3.841517516460595250e-01
-6.279814112930783843e-01
-3.145534183259190986e-01
-3.445073771440827493e-01
-8.873373780929061372e-01
1.619011875525142585e-01
-2.646789614305091742e-01
-1.710213081213751707e-02
-8.642091963322935388e-01
-5.280312344924849022e-01
-2.706308998249977726e-01
1.807707038876453787e-01
-9.686040981319172793e-01
8.226807569987912849e-01
-6.892228046245040263e-01
3.823684888303517937e-01
1.450962639660571263e-01
-6.391054823619048975e-01
-2.776367871436598023e-01
4.143367492616603087e-01
8.913440656563298425e-02
1.268849185978924154e-01
9.581459358632162804e-01
-5.167323778668982959e-01
-9.144486042823065652e-01
-1.898117084869966331e-01
-7.459687196445639046e-01
6.346278085795613588e-01
-4.609042761578256986e-01
6.432882119046912095e-03
1.420032458068347658e-01
4.611500281745084528e-02
-1.167223969455577492e-01
5.666807041522825550e-02
-2.980446095685700958e-01
-9.687530322268247396e-01
2.833436472829708452e-01
1.969558791470429338e-01
1.785215620638120892e-01
1.228698110520526798e+00
-7.535587200132498609e-01
-9.053512988085917756e-01
-4.756435174193139881e-01
2.285769009641995253e-01
-1.536850307530805981e-01
7.882561001751440255e-01
-6.655852387089649103e-01
-1.497964494727572760e-01
6.193783959665002392e-01
-3.264095697199600465e-01
1.729122936303764124e-01
-1.147139843701290296e-01
9.824013723310682789e-01
-1.733065596040361811e-03
1.478826818168688106e-04
7.216772291131012818e-01
-6.723428671156508329e-01
3.409042328707920788e-01
1.837229149356418567e-01
5.491023020309864222e-01
2.152983541860881145e-01
1.973864661839765944e-01
-1.267764975536239680e-01
5.273680758312138117e-02
4.694953415550195963e-01
7.175058291960695334e-01
5.731446221563407661e-01
-1.265249913269830273e-01
3.001448982676496735e-01
-1.798901494042972615e-01
-4.095646389106015750e-01
-3.708917525394357373e-01
5.771431509812325888e-01
-6.559046149630416433e-01
-7.988761182839281272e-01
-9.582267309999181748e-01
8.173901812278205892e-01
9.208127599548656672e-01
-2.013135845391396117e-01
-8.020902818746034058e-02
5.889455385215560668e-01
2.329683831173690323e-01
-9.779645539126329279e-01
-6.340511309103804560e-01
2.388013921259580785e-01
4.764366607927088548e-01
3.017454071698074669e-01
-5.855680168117411988e-01
-1.041591940566200636e+00
-8.380122850428382009e-01
-8.081168500818243228e-01
3.184418876354582206e-01
8.746613354650367711e-01
2.734620560526598299e-01
-6.392783447985439516e-02
4.810214027874595288e-01
8.235405376609277184e-01
-8.632691766605105066e-01
-6.436257780653549254e-01
-5.076067900346115103e-01
3.230017733880461428e-01
-2.478423153678060709e-01
-5.660943104453184382e-01
-7.472306122795728811e-01
3.962378156094268356e-01
6.058476780580825949e-01
-4.690126682471165154e-01
9.360016254351726239e-01
9.532220479952054903e-01
6.101900204678953887e-01
6.174676097304063749e-01
-7.192826652371392404e-02
4.844793721315902024e-01
-4.626170034135663744e-01
4.198207654309242809e-01
-8.738526959830850149e-01
-4.266987978037513063e-01
8.230920554713141435e-01
8.423479951289296608e-01
5.478217767366144741e-02
2.029025579535873036e-01
6.127967490095720393e-01
-5.753777842307306045e-02
-4.650833248838885936e-01
