4.961291659219431160e-01
4.546384130220300079e-01
-3.031623394576381525e-01
4.693984428312689694e-01
3.944460835082024275e-01
8.999773043929175653e-01
7.319436255121496426e-01
-3.459477613877397495e-01
3.839540407563430957e-01
2.558095224925938105e-01
-1.164212171460428102e-01
7.889670653281659618e-01
4.618164140635361292e-02
-8.439440688053621020e-01
2.483669283532288219e-01
1.162912988730409047e-01
6.147162712333533729e-01
-5.186567132714228201e-01
1.132777145838772537e-01
9.830745466067751792e-01
4.148327814446903794e-01
-5.587428317634750563e-01
-9.364353711963668836e-02
-3.673752286534137657e-01
-7.632380186670910671e-01
5.313998934596475543e-02
4.367637579756502575e-01
-2.499078061224160319e-01
-8.109101512238903187e-01
9.094290315560105142e-02
-8.956872802709738846e-01
2.195282550550565759e-01
5.132856812383104206e-01
-5.505753394701116132e-01
7.753566080932892124e-01
8.799241490640048458e-01
1.055055460242682042e-01
-3.510460016157568308e-01
-7.492138667422807430e-01
4.545293978445001937e-01
-4.334077708645442950e-01
-5.002371299129251270e-01
4.798038240738342619e-01
-6.767227864380644942e-01
-9.140551230787741233e-02
4.621030040992335497e-01
-7.708331162819446192e-01
7.366399711206361722e-01
-7.021237188735853785e-01
9.144730697871854552e-01
-1.119661228964714539e-01
-6.702850709960106457e-01
-3.470262265623926812e-01
6.471899914425660594e-01
-5.938203149371867884e-01
-1.854744292209407064e-01
-1.090388183381811871e-01
9.130253034491624398e-01
4.392483725950111495e-01
-2.881385700911422987e-01
4.187669468418671048e-01
3.422710478821033853e-02
3.985038699236334025e-01
-9.231847975035727405e-01
6.097556473406047228e-01
-8.755405689391120294e-01
9.227248462305994714e-01
-4.142054027046122577e-01
-2.333230146726112952e-01
-2.624896944666779142e-01
-5.006822412668454625e-02
3.939780127384386876e-01
-2.972844528243707707e-01
-4.822092189186455435e-01
6.730193023680066666e-01
-4.225533596831330119e-01
-4.152949286987976940e-01
-8.201054892945749408e-01
5.883138710540585237e-01
-7.476826828967351180e-01
-1.202181270776343514e-01
9.011722769615591044e-01
-9.793549243894039691e-02
-3.940314377342382102e-01
9.012765837668883506e-01
1.569206238696614353e-01
-1.797705129674234126e-01
-6.031340618564728917e-01
-4.248839786621176895e-01
-8.060613786658319402e-01
-6.693475433684936693e-01
9.310333147660720954e-05
7.896548599918067346e-01
7.009134168512953789e-01
4.994361538648086629e-01
-2.578401616978387434e-01
-5.746909737030514442e-01
6.613749065021712337e-01
9.502072644626251563e-01
1.800210069721479567e-01
9.555824249400262094e-01
8.716693066352909636e-01
-9.112661929674059635e-01
-5.645688643025528197e-01
-2.341059602285884278e-01
8.156072591216330103e-01
-4.241098891584562658e-01
-6.364816020269883357e-01
7.600452399856709729e-01
-2.229322540706317746e-01
6.919750014421401918e-01
-2.627396256465954760e-01
7.002603018749997688e-02
9.078824259840398980e-01
-2.557803318680067495e-01
7.610666492586526388e-02
-7.436183237584133021e-01
3.408383984640472875e-02
5.740172763241868648e-01
-7.979699523621637258e-01
4.964358591792861208e-01
7.421702033069841331e-01
-5.106212662725535534e-01
-3.513019004905715281e-01
-7.042487010482081367e-01
-4.691285084646934500e-02
3.786748165385045439e-03
-4.676320490111824935e-01
8.888057402165334686e-01
-7.616085069908782312e-01
-8.583140285657344659e-01
-7.282769037819702973e-01
9.342720670110000736e-01
-1.496247427609416203e-01
-5.444787019073320522e-01
5.107253123515806958e-01
-4.994322618622730747e-01
2.341094641936694032e-01
5.581955074816347118e-01
-1.469193957837622300e-01
2.642666540928197971e-01
-1.394714255069833264e-01
5.846496963697749294e-01
8.669470513649597532e-01
8.170800162110294362e-01
9.647449820819287147e-02
9.765025239406803781e-01
-4.734308516432534919e-01
-4.711621028923529408e-01
-7.582778358149389053e-01
5.222021842475261799e-01
4.992173338345768929e-01
-6.893103547114105556e-01
-2.657142755635186759e-01
-2.299777049684876840e-01
2.433284434738827162e-01
-6.696801198098834007e-01
-6.763435488729727663e-01
-4.203607961307427310e-01
-1.219635303813431104e-01
4.679516440712938596e-01
-8.994185740722644429e-01
-5.665883915668590287e-01
-9.586436462631389155e-01
1.644038318732354842e-01
8.054841587584529172e-01
-6.185536450603359437e-01
-7.513032419431393549e-01
-2.396532530288264518e-02
7.265427891177966835e-01
-2.497582287474389151e-01
4.791974805310459384e-01
9.830208222347442959e-01
-7.923019113907141531e-01
-9.823580857604405914e-01
7.120239404539401296e-01
6.635273600889832757e-01
5.193583587196748397e-01
-3.178709362258689275e-01
6.120779130680953362e-01
-9.118445345768637633e-01
-4.514824880860968115e-02
-6.342698778643727220e-01
-5.244114302814049111e-01
-8.814722707166666726e-01
5.043259151314298805e-01
-1.365024156789313992e-01
-9.336942769241640683e-01
-6.498015540467101392e-01
6.610180749823733048e-01
2.282267942864457666e-02
7.075769634189008617e-01
-4.261368472363322724e-01
-6.152707263284904471e-01
8.369748244868291387e-02
8.971787988307757811e-01
-1.095662188776167500e-01
-8.566999172287939057e-01
-6.963996875175029189e-01
9.510775521159220425e-01
-7.908353126739600114e-01
2.959713920555446798e-01
4.464099767135940589e-01
3.734026884084560294e-01
2.881896758114455004e-02
-3.819314990514532937e-02
-7.893610686645391450e-01
-1.238110295016841000e-01
-5.764978407207388411e-01
9.557117312044058899e-01
4.416198614466582129e-02
4.753248369851750255e-01
-2.965861758415895277e-01
3.316246308232240203e-01
7.260521109673290230e-01
3.437044616657169982e-02
-5.569329370782638566e-01
-3.171101815481187636e-01
3.063739899479338558e-01
-3.056162038043794826e-01
-3.730860968203271177e-01
-2.801515445913547175e-01
8.860386993372380005e-01
-7.926615182402394488e-01
2.822127895586370450e-01
8.375516104185145583e-01
6.955015221651861257e-01
-5.277987343389787256e-01
1.126134929222817327e-01
9.463278018257859081e-01
8.344014107114796630e-01
-3.058731961105782826e-01
-9.674366199628443574e-01
-4.050314306384108498e-01
3.805558713066063969e-01
-6.237130128632528692e-01
9.008966395673507765e-01
5.302460475467380974e-01
7.025663642881461168e-01
-3.637851650156305183e-01
-8.337335985982150532e-01
-4.979631908573192156e-01
5.678209000083931368e-01
1.201420446517746932e-01
-3.971140811489708433e-01
7.722632621711249534e-01
-3.423246643472246387e-01
-6.543630214693330061e-02
5.677865287945296213e-01
4.714095910959219538e-01
-5.456184864019997249e-01
-5.964228385419581002e-01
-8.898788575655049993e-01
-3.007977909365233682e-01
-7.576682645656527271e-01
6.433661287413094954e-01
2.335526589153280597e-01
2.987312782277675716e-01
6.960315625922814942e-01
-9.932187271683765584e-01
1.811554659465166583e-01
1.781065507098638090e-01
2.959983323731043559e-01
-8.288728397226281519e-01
-1.063954957059050077e-01
