1.949689036449017698e-01
4.014017003365647485e-01
4.800979019991221675e-01
1.142514133094431283e+00
4.026041438792363758e-01
-3.734920402559028796e-01
-3.565514983576035801e-01
4.192003861702537915e-01
-3.773214204996336862e-01
3.132769079520213162e-02
1.619929550923519534e-01
-5.397519732707201090e-01
-9.344390365959542866e-01
7.434238357375835826e-02
-1.010107228774816512e+00
-1.296738208136362924e-01
-4.516277396089634077e-01
3.291888222988372248e-01
-1.600392083511219254e-02
-6.610766713037714570e-01
-1.033594018516628271e-01
-1.093706756172653671e+00
-3.022353010040547683e-01
-8.212059683270156452e-01
3.991727853775001167e-01
-1.987793275517013014e-01
6.808447355789986055e-01
-4.794951299897961400e-02
-1.143681880513826160e-01
1.028255841406503279e+00
-7.667492713905644797e-01
4.628281448463928971e-01
-3.741986002193856131e-01
7.939906327859254098e-01
-2.955849886443092656e-01
1.117024819869328334e-01
3.990113027570402759e-01
-4.439846876015564048e-01
-3.869260861211831770e-01
-9.653499689119351412e-01
-8.231475765382421095e-01
-6.757008068514025467e-01
3.510405798318870230e-01
-6.054252241818922631e-01
3.128102238495659160e-01
1.000851523056160541e+00
2.553668227946880864e-01
1.232665247630257976e+00
-7.526994450728761166e-01
9.434153428417012544e-01
-2.768459864869138309e-02
-6.584220674358685077e-01
2.076004930578336238e-01
8.624317522692358517e-01
1.113758236442221328e-01
-9.651333138829231162e-01
-3.426097850834421421e-01
4.479020306040377153e-01
3.295564485051849513e-01
4.885496934695912064e-01
-6.133785781570805229e-01
3.542518173243662805e-01
3.242797850643276414e-01
1.796926507143390417e-01
-1.945518726073673932e-01
-1.089635544088946029e+00
9.811017524752178032e-01
4.317504315500353407e-01
-4.829498073548412623e-02
-1.557091537295171857e-01
-1.225601006644115198e+00
-8.970511250767638778e-01
-9.560532034709789961e-01
-8.046550735169212265e-01
-8.278047344115400108e-01
-1.877823079755756019e-01
8.590968191895693717e-01
1.187215573055109830e-01
7.937798535230519148e-01
-6.199344660950590891e-01
2.484714989832984555e-01
2.556882886229909779e-01
8.238809991226461182e-01
2.339743233359366792e-01
-6.769037159214366106e-01
-4.319456420699183674e-01
-7.978482479095534430e-01
6.367553217885453254e-01
-9.657917977517629926e-02
-3.926155104479792657e-01
5.576125365017772229e-01
-2.926479705374709361e-01
7.879799769349007388e-01
2.360255848716993621e-01
7.294346083293363758e-01
2.723363116295081376e-02
-5.113736715864392046e-01
-4.784094060696264528e-01
-7.821327741837402758e-01
3.071784403310912070e-01
6.602139802049362682e-01
2.200008856968204973e-01
-2.883695383722513217e-01
-4.492555646613087539e-02
-8.825899816315639912e-01
8.405379535575043803e-01
-2.885725852664939306e-01
-9.507520260687333247e-01
7.223598886658835205e-01
3.279358593333688843e-01
-5.030160323308823234e-01
1.493716744846104727e-01
-5.203272712011770551e-01
-8.886343209571338775e-02
7.440099834946914958e-01
6.637811457811376714e-01
-2.790625289500153761e-01
9.322638073231810374e-01
6.954197069690687405e-01
2.024171138028470485e-01
3.669175268517322896e-01
1.028265942365277352e-01
8.573551528134059074e-01
-3.126713771567553035e-01
-3.330334270194277302e-01
9.139586215751245302e-01
-2.783580825795374525e-02
-2.719142196287970270e-01
-1.211125796968588686e+00
-3.862669530467522927e-01
1.329680346100511890e-02
1.182206343757803285e-01
1.329861409803531624e-01
-8.570895498852720840e-01
-7.174721512360553444e-01
-5.387086930942377450e-01
2.270059210447022968e-01
1.047576538609782393e-01
-7.277479788177125819e-01
-6.251504927784493071e-02
-9.878183797855173420e-01
2.376591147907352874e-01
-1.294647616964095527e-01
-6.438929048924334486e-01
-7.537232841314099596e-02
-5.013959568877985884e-01
-9.615815559775717225e-02
-4.272890219974097986e-02
-4.319276634463712350e-01
-4.650032255396420178e-01
2.399061713411893004e-03
9.225413845619423459e-01
-4.802459053711881642e-01
-6.951789977307044621e-01
-2.608844019767985745e-01
-3.017316966422473046e-01
9.762809085536565679e-01
-4.162267344945711489e-01
1.022549627790950710e+00
2.152736748582583792e-01
-8.036555829961811170e-01
-1.556146335177993889e-01
-3.634831832331198442e-01
-4.419601835024912218e-01
3.324132779674495719e-01
3.368591479701837366e-01
-1.992550698621698146e-01
-6.911956305111477405e-02
-6.075646605118333321e-01
-6.800262798174473433e-01
5.589358844759408917e-01
-1.509408584008613274e-02
-1.176987566417508235e+00
-1.426641412295505396e-02
-4.235031004221873063e-02
7.851727507234583792e-01
-4.024098251874806964e-01
-5.583740863661211806e-01
-3.406884114729651913e-01
-6.547701609766941599e-01
-3.672919167053789735e-01
3.015687482018639121e-01
-3.751181335198047195e-01
2.868216398675669243e-01
2.427556307650676481e-01
5.913153447083001613e-01
-5.047154931071479167e-01
-2.574082210817284500e-01
8.184585159878630112e-01
-9.733683222504030397e-01
-6.536660339799564845e-01
-9.269123723648065027e-01
-7.931163231758040499e-01
-3.888833686644888044e-01
5.236810223559863475e-01
7.498859488842750665e-01
1.405624093364382932e-01
-8.255328933798917745e-01
-3.560862285788310433e-01
-2.366722466418964277e-01
-8.358735841429534297e-01
-9.908078900278409762e-01
-5.307235574508246678e-01
-9.120167542367560998e-01
-7.356180385360467922e-01
8.603927389638853507e-01
-3.992111324517947368e-01
6.901401242915494727e-01
-2.166456248649786809e-02
-3.190458396490682413e-01
-9.077520781783293691e-01
3.505258921988821386e-01
8.231870902652873578e-01
1.368840107230346326e-01
4.366809361447447912e-01
8.471988787988631309e-01
-3.796469542159813804e-02
-4.174372521760386645e-01
2.504920569542782305e-01
5.780944157307357223e-01
1.131848704536304595e+00
4.581451039642159273e-01
9.327185606604593282e-01
5.483713516503184726e-01
1.492287088427868835e-01
8.353683726827902944e-01
3.571006422688302595e-01
1.032398270298249709e+00
8.496752501853581663e-01
-6.652620744282624621e-01
1.034616559158593407e+00
-7.382465778037581305e-01
-7.300972227656454816e-01
3.281085722056860665e-01
-3.966352006018009774e-02
-4.772446419996812517e-01
-8.798295823315125386e-01
1.610532565704574925e-01
3.099877794867724190e-01
2.370161530905795788e-01
5.384851974251720907e-01
-1.060272421502156115e-01
-2.462010563637650473e-01
4.109124757921325810e-01
4.343595919836869546e-01
-4.617182212137033170e-01
5.110523704860977512e-01
3.608460753531762544e-01
-1.856226466400457686e-01
-5.798760702359542218e-01
-8.392115120339310730e-01
-9.078452539741130312e-02
-3.445038625557202971e-01
1.431917905603674046e-01
2.881201363015309380e-01
-3.669245164538081916e-01
-1.114084527419526127e+00
8.697240922169888755e-01
-4.741480790114475097e-01
7.915484173155249437e-01
2.898782476066392166e-01
-7.518728600653543648e-01
3.619430317566028621e-01
-7.472840176882740160e-01
1.097308025803569898e+00
