-3.736787437916068155e-01
6.936340630486114156e-01
7.994537814085556082e-01
3.543302831984870838e-01
8.413185041728820091e-01
1.219685668202729945e+00
-1.461748074159739397e-01
-1.053654162815997886e-01
6.663399244930041654e-01
-1.427775120092544814e-01
3.187790864999860418e-01
-5.317739620387011978e-01
8.448247974538715122e-01
-8.747769197788413109e-01
-2.459189797630237095e-01
-8.456859717031254275e-01
9.752619307288823425e-01
-1.278556470952290081e-01
-7.502112610933435732e-01
-8.323808890794872628e-01
8.155286458282552664e-02
6.982411206956038452e-01
2.214656176326362247e-01
-9.263234582985305776e-01
-8.883565993120008386e-01
-2.955682013168518529e-01
7.480945868149893041e-01
4.042242440295986672e-01
-1.669621140590252240e-02
4.749549846583017154e-01
-4.967092862037246759e-01
6.707090168973764976e-01
9.199259183414121299e-01
-8.589522845057532274e-01
1.040123310065700579e+00
2.651800284009560582e-01
7.951267122904105700e-02
7.931021674098378549e-01
7.585662848333848407e-01
3.607295005651985909e-01
2.212581720272576713e-01
-4.283521748775646065e-01
-6.440170223291139528e-01
-8.130754914745819129e-01
-2.523693902904533548e-01
1.088486763006570435e+00
-8.529883273929322884e-01
3.070261941500955771e-01
6.739949647407299516e-01
-4.417471837533706869e-01
-5.830230016247256453e-01
6.375302247847567383e-01
-1.101310453859027927e-01
-1.265625514936194809e-02
5.176518177952867950e-01
-2.819509636051464874e-02
-8.782512063662004653e-01
-2.967978270665458385e-01
9.039059954434185418e-01
3.099053705648171508e-01
6.036498532597576183e-01
-2.500779805127599231e-01
5.246495138066772368e-01
6.657046629273739580e-01
-1.107122138406570588e+00
-9.177567624010198877e-01
5.061131539700796100e-01
-8.785827994536405949e-01
-8.875832574751284509e-01
-6.136093900383032818e-01
-9.052252347310192349e-01
8.812288688759080113e-01
8.757029017936019955e-01
3.526770101642504596e-01
-7.347316977600900634e-01
-1.062448920413402997e-02
-3.912408109208590501e-01
7.607810436657114206e-02
-7.563014377680551403e-01
-1.684312216431369080e+00
-8.066318665769168783e-01
-7.518288251559449575e-01
4.995269855440247486e-01
1.998510405800122403e-01
6.541792355566802275e-01
1.037511029379448502e+00
1.419037238721816419e-01
-8.213006605265977811e-01
4.605544738912321079e-01
-7.516237263113325628e-01
4.735593399434335771e-01
7.842907997960003597e-01
3.724870579608874910e-01
-3.069046776810331889e-01
-4.736882126577504626e-01
6.392693860045397525e-01
1.860131175483364929e-03
-8.019040894359444893e-01
8.917367044172853641e-01
8.616273733994471717e-01
-7.109758669169576883e-01
-6.355618863110079619e-01
-6.964809743538402653e-01
-8.074703629005818284e-01
5.285300772532325331e-01
2.927694508930807071e-01
2.666900841268228239e-01
-8.209948400811175606e-01
1.461347950263398587e-01
-6.026690120804480133e-02
7.126123960089358889e-01
-3.347419833191336846e-01
-3.279100717189731284e-02
8.728699794446087568e-02
-1.832873697819970005e-01
1.069824673950789951e+00
7.065734981965490213e-01
-7.276672915198164615e-01
-1.219433043728029187e+00
-6.465130886158179102e-01
5.964257142278622803e-01
3.131650572319045756e-01
-5.832221772751318145e-01
1.041862076717646080e+00
7.204194869178676131e-01
-9.195690967346650813e-02
1.993466301246431538e-01
6.400448605863542362e-01
6.044355060637912613e-01
4.547035323173071464e-01
8.691198088639453534e-01
-3.545525161554001770e-01
2.519636009873701954e-01
-5.021501777572322522e-01
7.621191143498770026e-01
3.197749352948672241e-01
-2.550961497118998667e-01
9.998049005182781113e-02
-8.914335023774812017e-01
-5.167358987939058013e-01
1.170004142448230477e-02
-8.684206972812091863e-02
-1.166794911818864078e+00
-3.913972179392677941e-01
4.661547912213287459e-01
1.752156629571600399e-01
-8.098126680931705401e-02
-2.072505654014974441e-01
-1.200159308808664393e+00
9.084620903943996240e-01
3.932553760588372027e-01
8.443700517110742654e-01
-7.571678836117428091e-01
3.037037894677806216e-02
5.505629044245199943e-02
-5.333403212929404003e-01
-9.398211767633123381e-01
2.536445391617208611e-01
-9.645726294773264708e-01
7.969915798250375438e-01
5.768251128813303152e-01
8.378167814745940412e-01
-8.848166290705006265e-03
-8.131199533025539328e-01
-1.020664028161515913e-01
1.596894315374529860e+00
4.468316275608709143e-01
-6.968296285028391379e-01
-1.027813765424938408e+00
-5.477072619502582063e-01
6.588977059588408958e-01
1.898601116684501822e-01
-2.621454778143366138e-01
-4.071478644265725810e-01
3.718004429877838080e-01
7.150407845395184703e-02
-1.234088478253510535e-01
-9.152405549439543986e-01
-9.794222883751159126e-01
-9.199101740243659231e-01
-8.131835455073755936e-01
-2.604555050936151472e-01
-3.398730072803207158e-01
-2.975418474527471435e-01
8.051246371984465133e-01
6.262369906846000367e-01
2.220914195205244412e-01
1.082268003549012425e+00
2.367800232222189716e-01
-6.421910152883070211e-01
-5.100938503826023540e-01
-7.065090769043075314e-01
9.376631498457603797e-01
-2.847379760141209859e-01
4.902347929855386810e-01
-3.661471794881570041e-01
5.234770159785040455e-01
4.260578125238961844e-01
-6.515001523924710547e-01
5.736572368380640219e-01
1.246755209563943367e-01
-2.793148112520141835e-01
-6.148472550317418683e-03
1.859907031751219519e-01
6.317778808852136940e-01
-8.266185111743307168e-01
4.408668684391238712e-01
-6.103480335216283637e-01
4.340187487798792265e-01
-1.002400463240858963e+00
3.401050033540654050e-01
-4.504179612335025840e-01
8.688891681355164209e-01
9.116791626538938154e-01
1.913214940610357129e-01
2.062148317895710625e-01
-2.178900881381065913e-01
-4.471847792495746154e-01
4.838614690451960021e-01
3.651234058725547071e-01
-7.940753878909255770e-01
-4.185658844326358707e-01
-3.499272722407226893e-02
-1.423692387004922011e-01
-3.491222893880639444e-01
2.446840468306461791e-02
-4.694262976431317069e-01
2.413745201443419086e-01
-2.862424111872292620e-01
-3.383031485126286597e-02
7.155927346330976935e-01
-9.471686657624817096e-01
-3.270276128025554896e-01
3.353187101038245244e-01
3.653223231596252063e-01
1.183151901651429694e-01
8.032269418305035824e-01
8.831857962095517323e-01
-2.882097682839900865e-01
5.803704733217444067e-01
-9.642109424218772151e-01
7.362126793630481281e-01
7.610358281651527501e-02
1.402605534009089272e-01
4.589173332974992303e-01
-7.723574532140169424e-01
2.369701299572040884e-02
7.144149734162660303e-01
5.865390013535117797e-01
-1.192463951697352309e+00
1.005875504938695403e-01
1.069966831183583600e-01
-1.974494490793332890e-01
-4.656032394408747832e-01
-5.634476390347487040e-01
7.792660522424436076e-01
-1.260988064225824878e+00
-5.032246317237818456e-01
7.045029390916394130e-01
3.298057308747761041e-01
4.986192351360832498e-01
9.231566111790103779e-01
3.764259512265729080e-01
-2.259830865498327068e-01
-7.359384376706190611e-03
