-3.483548540924917281e-01
-4.834693766700527695e-02
7.078120442297115567e-01
7.450667263809542806e-01
-2.615305820369195899e-01
2.366464158642498650e-01
9.774472329831800366e-01
7.958657677084027826e-01
7.322098707178594790e-01
-7.316768931934394260e-01
2.606659199263662921e-02
9.566142995853740283e-01
-7.137799177924400995e-01
5.571612654663626873e-01
-5.460435917499125713e-01
5.964358313328878003e-01
-3.721528480168221353e-01
7.516942260826298128e-01
-1.108694665143895169e-02
7.323183839420220886e-01
-4.489825098585032426e-01
-7.842921440473598071e-01
3.796169031541420380e-01
6.455885417084006317e-01
3.268545321577873142e-01
-5.438572567710764361e-01
4.611105978764974411e-01
-1.044434626853831372e+00
7.488145888585091559e-01
-2.963092080162990638e-01
-9.464704872350814258e-01
8.213994403139537326e-01
9.803728619210000383e-03
3.973337032477878838e-01
7.223432623797214625e-01
7.109668861386090333e-01
5.975635723495869023e-01
-9.321123195076279622e-01
-4.511448174875693495e-01
9.434511344457620075e-01
-2.829783265191087582e-01
-5.104894569025602014e-01
-1.147295136258849935e+00
-5.474460525298130431e-01
8.763422288846887953e-02
-1.079101854182248493e-01
3.866057542893714949e-01
-3.536068294973549464e-01
1.643830077629334641e-01
-2.355852283575529671e-01
3.321747691475561148e-01
-5.641138599738017012e-01
-4.106516892312778166e-01
-8.153593922716205755e-01
-7.589369811603329241e-01
-7.526550063089527676e-01
6.122222632445706303e-01
-8.993191137888028042e-01
-5.924180652914244893e-01
1.543426039626385193e-01
-4.123023935493288494e-01
-3.265639394947993934e-01
1.168382977855614957e+00
7.295971528838665066e-01
3.302588174660553433e-01
-3.343650998663952323e-01
-3.877212426701628356e-01
5.444633059048133994e-01
9.982092398464467164e-01
-3.491376125379988538e-01
-5.637003084144054377e-01
-2.098326873996504971e-01
4.009351259735705053e-01
-4.938374288767019005e-01
-2.174965035620748943e-01
-9.110982822034946471e-02
4.041222903992473525e-01
9.940198614074262640e-01
7.214273197549656014e-02
-3.295034776967037948e-01
3.836112408818155572e-02
9.983719366186169508e-02
-9.791419652413119179e-02
8.532855291886720650e-02
-8.969608583931600876e-01
1.414112948581655871e-01
-6.294723367486670940e-01
4.872258676170533320e-01
4.781230220725967150e-01
-3.000774966101327212e-01
-5.975823873634688033e-01
-9.480635067847622555e-01
-3.200571791403816757e-01
-6.983761324281524407e-01
7.692582373627999959e-02
-6.516787410980483530e-01
-8.931162898303190989e-01
1.090152045674670944e+00
-1.299878567151161735e-01
6.222981410602212993e-01
-3.329158860184885382e-01
5.006773536290787252e-01
8.690734200646038632e-01
-3.964348283151350461e-01
5.274953054367643723e-01
7.117720238340440320e-01
-1.105800412874734739e+00
7.793556794627700679e-01
-1.037092939919540963e-01
-7.160572480623245140e-01
5.847413970624408819e-01
-2.396526683589247364e-01
8.386148494563496758e-01
-1.139155855699272246e+00
5.242227650500212999e-01
1.590234904330438959e-01
-4.060777368920918673e-01
-1.006730030377763319e+00
-2.850785931698865405e-01
-8.569456025439524671e-01
1.003346799804408995e+00
6.454905268666597529e-01
3.830804689822088216e-01
4.451412312091622137e-01
-8.627845484876446314e-01
-6.963621862753291980e-01
5.589599592620190238e-01
8.627435604946206982e-03
-4.593576280116765664e-01
-4.661994897661180248e-01
4.591711562225938015e-01
-4.290371042181224670e-01
-5.888397500677764462e-01
6.204567939856546754e-01
-1.768181496484964865e-02
3.091994209992117715e-01
-4.220840827143552132e-01
6.437515163215244696e-02
-3.726705624164669550e-01
-6.233241084973861756e-01
-9.452180235315411627e-01
-3.253847995376465407e-01
4.242289494865337796e-01
-1.901673646184114663e-01
7.893499918268632731e-01
-5.788071136728207833e-01
-6.850631049053481636e-01
-5.370748677924737091e-01
-4.816981986042870867e-01
-5.463022767704854565e-02
7.878489872863694288e-01
-4.376890604845931620e-01
1.804871003667662677e-01
-2.469565099434144206e-01
-1.896637350751444739e-01
-3.882738697399483740e-01
1.517910048076100415e-01
2.711117236019480181e-01
1.280620254248482637e-01
6.388193307710914315e-01
5.952916198932302061e-01
-4.800875951766466199e-01
8.490045563937562711e-01
7.358886652465360667e-01
7.196025070587032113e-01
1.092793634798296942e+00
-3.393314044597642853e-01
1.142144349114618374e+00
4.992717282710485427e-01
-8.416298291832012834e-01
4.228702107943015376e-01
5.098140801891826168e-02
-7.962819218863110837e-01
9.763773014071063239e-01
-3.482691148274184023e-01
-5.598089472866939476e-01
-4.918420268649945637e-01
-6.997822242008641114e-01
4.851298809754744923e-01
1.278665144432029367e-02
-2.960278823864212483e-01
-1.021873128419752419e+00
5.531867222305479892e-01
-4.726869120824190862e-01
-9.083822790731931329e-01
-6.650394775570611650e-02
-7.076560217015591403e-02
-7.274360274404612081e-01
3.063767719306941806e-01
1.857802980451330743e-01
-3.774700047590725527e-01
-8.002951877811161907e-01
5.434510683366842176e-01
9.623423464100228086e-01
-1.357440948852401963e-01
-5.182346855912915995e-01
-3.859404129417435270e-01
9.712440912520660108e-01
2.157961128737277690e-01
-2.070621496540185624e-01
-3.823009869029059260e-02
-2.057775721341070507e-01
2.770420650257762185e-01
-6.407344160763972507e-02
7.413137580722491959e-01
1.013337185938373297e-01
-9.368749081701160941e-01
2.226093253583821818e-01
-2.671591563365808830e-01
-3.368518956966721767e-01
-3.242080991849110028e-01
1.095709501669654085e+00
9.463523326075895525e-01
-3.187546418496222111e-01
5.461783937170888725e-01
4.845404023732994281e-01
-9.045043631139568774e-01
3.429303440021629346e-01
8.428882956863414933e-02
1.099249969056657950e+00
1.011008621278717712e+00
7.836839877237034013e-01
-6.787070608017451434e-01
-8.195431116535104588e-01
7.617522303836083974e-01
3.916802704297055460e-01
9.477281837170271617e-01
6.437458661490634837e-01
9.583895683838419277e-01
2.229888371970891181e-01
-3.166914641798806995e-01
3.552240478052060557e-01
-5.689570481276348679e-02
4.567814513366986739e-01
-8.640049470737080073e-01
-4.583374489450858791e-01
-5.741458264233877118e-02
7.736590199410497970e-01
1.556781958179772329e-01
-1.398780653475624747e-01
4.536073098901926559e-01
-1.147077702402412094e-02
1.050028366527619994e+00
7.973649965577242482e-02
-4.469720753643618427e-01
-1.174332493648799214e-01
3.249957719771377485e-01
-6.014362663695189681e-01
-1.290577959654707896e-01
9.524359136008577753e-01
-4.663229664363507387e-01
-3.493381246190919720e-01
3.727928983532181051e-01
6.074812391939214684e-02
-7.633968885723121378e-01
3.190992263725793698e-01
-6.429475839684996030e-01
6.024178933695001348e-01
2.982047238889266594e-01
-4.863622229571310518e-01
2.279582359188405127e-01
-2.498156416438289673e-01
-9.048698887893885656e-01
-5.793651035085133350e-01
8.807778405591411008e-01
