8.970929218853631593e-01
-7.827631736221827286e-01
-8.769563250971874613e-01
9.859897488929758591e-01
9.611620008198753506e-01
-7.988970609750967178e-01
2.982731336123998211e-01
1.238170004995990947e-01
-2.607262315507397066e-01
9.728415714364870848e-01
-6.642587780370554640e-01
-2.843997199961283417e-01
2.117260336849802194e-01
-4.227050305772086514e-01
8.746365611962580999e-01
-8.039057670318106030e-01
-8.390088745817614324e-01
9.893691093887353460e-01
-3.030836281695170609e-01
-5.978325258352312765e-02
3.479433730999175189e-01
-7.113473666303247178e-01
-3.228619860053119073e-01
-6.495190284196736830e-01
5.986872301443126876e-01
-4.648216217223408719e-01
6.658429959781713148e-01
8.143579713064457160e-01
7.541023387175387338e-01
-1.849553231544236453e-01
3.346926829689280680e-01
3.006431906450202085e-01
3.294275906561972000e-02
-7.109408302791553336e-01
-8.133188195585296931e-01
7.238705352843233243e-01
9.174237384364218872e-01
-8.618606035847291569e-01
-8.227743884757652282e-01
2.410968629080665337e-01
-5.475778349951825330e-01
5.684674679080619075e-01
-9.085130609303055937e-01
-9.634582115364849209e-01
1.007563878471144925e-01
-5.866109248138264842e-01
-7.897248846593065696e-01
7.287233992894059931e-01
-1.224977489784970786e-01
6.858397993902975998e-01
-1.972606677298360811e-01
-2.297052909547001587e-01
-5.565322888630586107e-01
9.944579959997392749e-01
-8.344242120529112849e-01
5.384322551920448507e-01
2.055360525026546092e-01
5.187617093860084072e-01
-2.906582071679542079e-01
1.135279583784321034e-02
-6.144469902212104095e-01
5.791056074135796372e-01
-9.481862543774972618e-01
-6.842805571001484566e-01
9.161920543928574467e-01
3.859930073832809061e-01
-6.225514657569788390e-01
3.950900292770631594e-02
5.624983478889913346e-01
-6.579804316964068533e-01
-7.893899213199757625e-01
-5.057509827348509734e-01
2.768923290956031291e-01
4.977572160880017194e-02
3.365802337146870382e-01
3.889478168016968773e-01
-3.642872538763040069e-01
2.295153103185192389e-01
-5.828630250383068923e-01
-6.003273593947726638e-01
2.197494263096013700e-01
4.952758475808465288e-01
4.333752127305956492e-02
1.624043764643074983e-01
-7.293735788458488578e-01
9.542867349226766827e-01
-1.669595305116005068e-01
-9.406937785021574072e-02
1.125380995412437191e-01
5.734014663788231658e-01
-9.191075522955194366e-02
5.959187101425476030e-01
8.567825340721728633e-01
9.242146823794730182e-01
-3.532135040271122683e-02
-2.550458056434150578e-01
5.631894592402946209e-01
4.149919898546672314e-02
2.003645502427466862e-01
8.508997238324189638e-02
2.888265376972587450e-01
5.874466573574550488e-01
-3.648985302862415292e-01
-2.761949751909467121e-01
9.286037146901908734e-01
-4.618706490351343064e-04
-8.959516751633138654e-01
2.308183898685869373e-01
-8.866240867048729157e-01
7.395607198654035042e-01
2.837450491461117608e-01
2.056398482382972848e-01
-3.900728513402780262e-01
-4.833136785052836171e-01
4.790976527807959684e-01
7.088265192118881064e-01
-1.579941631347061559e-01
-1.507188777060752827e-01
-2.743352876607174640e-01
-6.370538185113387986e-01
1.005871906041664321e-01
-7.431159114328842463e-01
5.478255987810762839e-01
-3.107407963825472574e-01
-1.591011841512501856e-01
-4.043622336525725114e-01
7.187580566677000959e-01
-4.106855537222113828e-01
-6.545332583852736530e-01
-7.930460595213317809e-01
8.469161949599204320e-01
4.305455210366553320e-01
-6.710012299151253412e-01
4.012180836255720973e-01
6.941169989913609228e-01
-9.324658138765640203e-01
8.830067830871057843e-01
4.602595235643220928e-01
5.615247465992552200e-01
-8.865035410310979636e-01
6.645282395311653545e-01
8.531660010654509296e-01
-7.330832688239798944e-01
-1.008714138123478765e-01
9.769729896668555291e-02
3.896885264604290633e-01
-2.259541652367689224e-01
-7.647333708702344079e-01
-2.177437531276382732e-01
4.792607151771366425e-02
-7.823800269065639412e-01
-2.470087749548535161e-01
-7.743197822126040020e-01
4.144924153664562017e-01
5.612341587359175321e-01
-6.551760528186616472e-01
-6.709878532300568299e-01
-1.733214212922393749e-01
6.938747354824390534e-01
-9.648620472699551698e-01
-4.712397085644086658e-01
3.801923065748142871e-01
6.053182750173087268e-01
-4.583980674922807363e-01
2.014890692131652283e-01
8.949567119356793832e-01
5.687739265630991081e-01
6.188671631427680175e-01
-7.905282648280509417e-01
1.588744490970577239e-01
5.248169828749782440e-01
-3.616461907789525476e-02
-3.186103272676454878e-02
6.987818435827308772e-01
-1.142154491044213849e-01
5.391658757187456352e-02
-8.153450402705195721e-01
-3.064213703863449823e-02
-4.188374301216977180e-01
6.520588547367722754e-01
-9.983287863490251102e-01
1.111293565441500153e-01
-3.958303511256522356e-02
1.630800868845845297e-01
8.489690421534714648e-01
-6.288695192749846896e-01
-3.387632982954063010e-01
8.583443390175271581e-02
-1.075943378156174468e-01
3.162728971611024065e-01
-7.125443105540907318e-01
7.771602957596035477e-01
3.417069467214735035e-01
-7.684664170106385583e-01
-8.297033458949332196e-01
4.566699023740450336e-01
-5.145855583902112507e-01
-8.348939473165173375e-01
5.154659027063797083e-01
7.377042015187706969e-01
-5.181471194552436099e-01
4.056937894989267601e-01
-7.146574413654769309e-01
-8.502764973521512726e-01
9.192259568207901133e-01
-6.438642588967575797e-01
-1.053696474507237468e-02
4.850698575705583160e-01
-2.096839361936964075e-02
-9.530594885635617075e-01
-8.161775430137030440e-02
9.177415380677766965e-01
9.329053413152157415e-01
6.654458342446514241e-01
-7.385059748653530765e-01
7.588274941944210816e-01
-8.162203465831130433e-01
8.331062683725083406e-01
-5.547724320863345326e-02
-5.808403015507028755e-01
5.282303919548507753e-01
-8.167804467327886009e-01
-9.809592644288518404e-01
3.342966870788899314e-01
-7.788546183167481818e-01
6.929339780962262552e-02
4.350895170178832316e-01
-2.014701436063204287e-01
-5.556910161567376605e-01
-6.428962853760877838e-01
-3.807519956841545206e-01
6.977000726328774771e-01
4.900609437341763019e-01
2.586995950469683780e-01
8.374924473008626968e-01
-6.104098294736115538e-01
-6.384249115041831235e-01
5.318667749371939202e-01
2.040000467225719927e-01
3.475043702571414261e-01
2.185724911470294796e-01
6.421691336653283511e-01
-1.109196006410795299e-01
3.117543892664906835e-01
7.369953619076907714e-02
-7.194047171329198687e-01
1.717397708495138620e-01
-6.899219378007819259e-01
-7.895329083008426618e-01
4.248691006116271929e-01
-8.869475922456546702e-01
-4.842976965332772554e-01
5.055665590648970031e-01
7.373995841875549129e-01
-8.294624450106380387e-01
7.616274553932238511e-01
2.401102216574895198e-01
4.417988506041865548e-01
5.531208374796572347e-01
9.058487212891630502e-01
-3.259764965392166758e-01
2.784474883656684607e-01
-2.825128161813685868e-01
-3.114731236950494253e-01
1.512954326418090023e-01
