-8.790689370984257067e-01
-8.751793412741140088e-01
-9.895965137496764985e-01
-1.223933721213636971e-01
7.040069058979381289e-02
9.911815234364382832e-01
9.884086682514217070e-01
7.297789107313064072e-01
3.473935751542853723e-01
4.065656784696716208e-01
3.965627295209466219e-01
-9.793478142559486344e-03
7.456920864700886664e-01
7.176224479042232485e-01
2.022308570651398796e-01
-1.856774865490808946e-01
1.096162748901163830e-02
9.546372765296091689e-01
-3.768221456200269159e-01
-7.965406173158178227e-01
6.099999861623719433e-01
1.435559870193379162e-01
3.616692134163801420e-01
-9.492624235681579314e-01
-3.139108097237330863e-01
-3.119597107141089953e-01
-2.671386888577040875e-01
1.159746274551540779e-01
2.587978643489305952e-01
7.815586211504450542e-01
1.683385594620112613e-01
7.624043059284719703e-01
1.084459038982050760e-01
9.296888361591815197e-03
7.046514267292165457e-01
-3.950246992643784427e-01
9.463419787728222232e-02
-5.228735789049929750e-01
5.351179855290748577e-01
3.052352069141135438e-01
8.831228484248250243e-01
5.696231230690695924e-01
-1.845435813119897794e-01
3.230124290288711730e-01
2.972228906932785630e-01
-8.306455907823653284e-01
-6.060313399790004940e-01
9.249940258604241183e-01
5.341117967771362718e-01
9.979240644843805352e-01
-8.646032978844961914e-01
6.641841343949792531e-01
9.537787178919954201e-02
6.734765757923188989e-01
5.743686862120043202e-01
3.920804693509853944e-01
-8.873474168248998151e-01
6.911128747266483963e-01
4.945885723506029397e-01
-3.866078971822832777e-01
-7.354903327434914040e-01
6.154606420989328086e-01
-8.750969212617440984e-01
-2.861778586740530983e-01
-1.116788601942699799e-01
7.351835733989975363e-01
9.297350643718020891e-01
4.328691550059331483e-01
1.659663409110032628e-01
-5.811567576594915963e-01
3.214399301423784827e-01
1.372354603543262108e-01
-6.512737796734726636e-01
-1.503381033223580854e-01
5.084064109147692356e-01
-4.950857133748209904e-01
-8.937854938997582543e-01
-4.136714117963224968e-01
-6.613293445508112711e-01
4.309013683246982751e-01
4.111466259775502508e-01
-6.734517724369466496e-01
7.389638932408899574e-01
-3.282997456777327905e-01
1.258641541610336922e-01
-8.106647608156769547e-01
-2.903423387301071745e-01
3.326315037951823594e-01
-4.459533767318057951e-01
-2.412479340968423092e-01
3.914864557461328332e-01
-9.020502642053074283e-01
-5.569294702912370720e-01
-2.839509848048780150e-01
-8.385135763419306887e-01
6.522081026835824247e-03
4.160755324245228870e-01
5.030005543999860329e-02
3.829410659014986784e-02
3.048563899431169233e-01
5.311317794455039376e-01
9.578428989524037096e-01
7.472313627897202437e-01
8.485534793576343660e-02
1.500397052498332329e-01
-2.216443926616817883e-01
-5.263989299931655097e-01
-2.925026863265092203e-01
-3.405458580649658451e-01
2.726251641951478177e-01
-7.421520671122967538e-01
-1.724487266693253140e-02
6.813933643142058294e-01
-9.422755753506883991e-02
2.646533150718475280e-01
8.912222380069181327e-01
9.433313639626430547e-01
-8.035204053422104753e-01
-6.136666787076647811e-01
9.793858157806798470e-01
-5.024678964469639908e-01
-5.523490242080490997e-01
9.886720449274704059e-01
-9.025450845283820023e-01
6.933639080091313911e-01
8.902397736462421829e-01
-2.279653487574759829e-01
5.738074265042527600e-01
-3.783149675407531110e-01
-4.545497663181914394e-01
-4.354954057479216711e-01
1.512449853512798370e-01
-9.242905581669653703e-01
4.437799394214818616e-01
-2.472308470236428413e-01
3.818816216140528130e-01
-4.011931439587443915e-01
-6.250519499907427612e-01
4.622043416730958754e-01
-5.641064322510345175e-01
1.751921732212891047e-01
4.744031971753159826e-01
7.611921404697152838e-01
4.412548363643749028e-01
-7.631269846973787185e-01
-5.642299788871008026e-01
-7.859064181164485685e-01
-5.404116117776354145e-01
5.642613334834867267e-01
4.736748395828498381e-01
6.577886632079072982e-01
-1.344088378917640547e-01
-7.622567537097049151e-01
1.582071383207650506e-02
-7.561492851346685029e-02
3.766394456852679706e-01
6.781205643950738438e-01
-8.292781840777487812e-01
4.789407058846788523e-01
-5.858080315919726999e-01
-1.334647469698237998e-01
9.115829913192237122e-01
-5.992655353337636992e-01
2.467015447970846154e-01
7.297358236418702848e-01
1.843550556437034693e-01
-4.895524524107255360e-01
2.854241716857606193e-01
-3.216996226820427740e-01
-1.301519586576462828e-01
-3.997549467504435405e-02
9.406853912337800327e-01
6.424425447957045066e-01
-7.946718325762631707e-01
2.790432808734719661e-01
-5.599892395059684613e-01
-5.092315443426853605e-02
3.285146091433397419e-01
4.545379187288500766e-02
-3.636569023695399583e-01
3.624329109533208637e-01
-7.644406992967978098e-01
-8.094913714251175119e-01
6.428531150479215306e-01
-8.970911836930823835e-01
7.909736374723523866e-01
9.194745682087135386e-02
-6.008536912473323444e-01
-5.672650450470295702e-02
2.752063231350967420e-01
-6.286885842754608156e-02
-4.316893555447089970e-01
5.407598478382187324e-01
4.882496915221794520e-01
5.515333293786466307e-01
4.116053024745680577e-01
2.013229302192813819e-01
2.229209239467691006e-01
5.661079283878800439e-02
4.185075895023169235e-01
6.786469956044227647e-01
-3.430501580370795001e-01
-5.991194763781253485e-01
-9.506123222046534149e-01
9.585279744438581773e-01
-7.889148346759711217e-01
-2.603581901393170472e-01
-5.640112062980426888e-01
-2.782732218327115259e-01
3.602858325582376509e-01
-9.514630318827714817e-01
-7.492671060250850612e-01
2.598397579115878653e-01
6.181840122233179802e-01
-3.381703171144443409e-01
-4.486657892951029236e-01
7.537203073478642157e-01
-9.602391607179270316e-01
3.524901932866826293e-01
-2.876505085785587834e-01
-2.737865635283633914e-01
-1.763497751251967838e-01
4.536422967938922302e-01
-5.498705842085083173e-01
8.040527581515006794e-01
-6.157330385135795225e-02
8.962117411173267101e-01
-4.838680744761281183e-02
2.149335790647644018e-01
-9.996212668689945513e-01
-8.747003224508453911e-01
-7.350709598649300958e-01
7.901425287194401292e-01
-4.509854039786984625e-01
7.552033793111698756e-01
3.125854481751455527e-01
-9.304710592725085050e-01
-5.476604911560849498e-01
5.050548036482456205e-01
-2.716332134076269167e-01
-9.958938811772555244e-01
-9.122607740160664225e-01
9.855228472048098709e-01
-5.751849870576328794e-01
8.084139441384341485e-01
-9.308451074416463911e-01
7.564987413675836603e-01
-3.674033768897071450e-01
8.448622418606037687e-01
-2.323835185168476869e-01
-8.853031997878391124e-01
-2.248333832945281774e-01
6.714379659729832195e-01
5.584624184720197171e-01
7.866536908107379933e-01
-3.021278105985329976e-01
-7.648513231895304187e-03
6.560938489065850643e-01
8.290113129844567386e-01
-4.592740819145546549e-01
6.769238100005907643e-01
-2.059697885103450865e-02
7.674943205570563531e-01
8.943281688611064428e-01
-4.616125558132087026e-01
