-4.066412276723461172e-01
3.342936150464470568e-01
4.548011840414700746e-01
-8.647330364260006341e-01
-4.388437001236913382e-01
-5.282948385206274189e-01
1.179088313155718382e-01
3.145367073105556077e-01
-4.412547483047148944e-01
7.954664773325936800e-02
9.982143580823326090e-01
-6.043227028306086268e-02
-3.476690561692159509e-01
-7.141601268704420580e-01
-4.470711263206545993e-01
-4.070705954158633233e-01
-7.810853717608543523e-01
-7.133613054079122051e-01
5.369505871738093905e-01
-2.383715813188624910e-01
5.543499404276364118e-01
-7.176526729851770980e-01
7.138809163068160490e-01
-8.927445095293498056e-01
2.288473559610992858e-01
7.508375077253148788e-02
1.072259927112693134e-01
1.767064195607890298e-01
5.752758686818251199e-01
-8.954867184596164709e-01
1.358393277872216309e-01
-2.114931256224039657e-01
3.795927109002947830e-01
-8.890802443325123150e-01
-4.501946228719098109e-01
8.003604517536204721e-01
-4.917119399083669240e-01
1.218630609694084654e-01
-9.118006642611822254e-01
3.232902034560769522e-01
-7.025297001369978922e-01
-5.621366347774026107e-01
9.503492880464654569e-01
-4.853344552336413820e-01
-7.522867481875761264e-01
-1.824323726036380933e-02
9.295713187331891003e-01
-1.085291040755447245e-01
3.171757796827245901e-01
-4.539676937331347251e-01
-6.576417400688872039e-01
-8.694636185548878515e-01
-9.306070681159075431e-01
5.712959564046649064e-02
-6.424086402246345084e-01
9.469201176145143339e-01
-3.342921811292005607e-01
3.962848139415846571e-01
-5.128835588410061153e-01
5.163627751972850177e-01
6.979061116251783492e-01
3.358415587221021958e-01
-3.343837620148581991e-02
-5.558679516394469111e-01
-2.765940321969013738e-01
-4.074251916267459528e-01
6.519554699030767342e-01
2.087136710063437484e-01
-2.554164442424544657e-01
3.954944705193643717e-01
6.293226728544063509e-01
1.069231541086665960e-01
4.457142530232909294e-01
-3.653611821805848869e-01
5.263152328707505490e-01
2.034044182661258748e-01
-2.020485775974290021e-02
5.576404018238332316e-01
3.885849852573182162e-01
5.746912731210891412e-01
-2.287920073051552539e-01
1.459565998981677826e-01
8.896893348643517552e-01
2.348067371192148478e-01
-9.196641446822311217e-01
3.475428127347224283e-01
4.111028020432894170e-01
2.196606784990760008e-01
2.996691208436390585e-01
-8.815899939186528922e-01
-7.309956973494036170e-02
4.654236123989097251e-01
4.079614188229423455e-01
-1.258625450662571588e-01
-7.151471696016737933e-01
8.825635249125745041e-01
-2.082575196569202980e-01
-3.698899158710677870e-01
-2.911003026166791852e-01
-5.371948517215099361e-01
-8.545989651190843972e-02
-5.231069952972673409e-01
-8.289597549193263859e-01
-9.267961687744743493e-01
6.513910673851281974e-01
-6.336514510236146425e-01
6.432604714365537379e-01
-7.947333397650722109e-01
-8.613440624892976238e-02
-7.679936904112854013e-01
7.141499313038743857e-01
1.744072946238441890e-01
-5.198230731257700299e-01
3.073372409148396045e-01
8.698596651987944295e-01
7.278023356487228757e-01
2.138752620363255641e-01
-5.755907545140470649e-01
9.667080565563948014e-01
6.887460128231666090e-01
-4.754595792690672340e-01
-9.229490054055240478e-01
4.161557172346797007e-01
-6.309352620220285424e-01
-2.144496750311024602e-01
9.507353607608719503e-01
3.514455869926882414e-01
-6.566323012221109146e-01
-6.183587031621169405e-01
-1.686585771444806259e-01
2.204165188505065043e-01
-9.904435656198675719e-01
2.695066801753109864e-01
-2.453204076117689869e-01
8.609373869150296343e-01
-3.403607286491570072e-01
-6.518222241286217855e-01
6.037179239038881207e-01
6.292617421477626483e-01
5.541640968659571342e-01
7.753998506167159022e-01
8.782462849242860248e-01
-3.454764424816327839e-01
9.094554186912846561e-01
2.631203450054813153e-01
-8.066028854063542752e-01
7.644677678798319498e-01
5.514695482188354259e-01
-9.728589963724325607e-01
-5.252373750593584134e-01
-6.643964555401815630e-02
3.731718386076954275e-02
-3.767659289099598574e-01
5.706388231213743722e-02
3.638149933659819979e-01
-9.961678024535298714e-01
-4.578038180294037307e-01
2.706701633403008067e-01
-2.758923722282871083e-01
-7.486772338739977606e-02
-8.725508504345755867e-01
-7.926123176501989054e-01
-1.687528980793784328e-02
-4.830896421723087641e-01
-5.127462635135648927e-01
8.762083210575308811e-01
1.127327061682312781e-01
4.091509876534717982e-01
5.078659146390809287e-01
-7.391065705992370116e-01
4.976015255020316275e-02
6.718682843750902745e-01
4.997265705651892098e-01
-9.459050156914736718e-01
3.220935165040899051e-01
-9.910730847526849630e-02
-6.035177899717989458e-01
8.234420515911202720e-01
9.705443338410826293e-01
3.619323755363657025e-01
9.071926772875846812e-01
-6.461536382461383621e-01
2.058604041461364886e-01
9.843485983018791519e-01
-7.220010896924500265e-02
8.443067216453270518e-03
-8.059078973412232560e-01
-3.845864268862724256e-01
-1.932963780280703148e-01
9.462550706217425223e-01
2.519871173900569694e-01
-1.315860047346404382e-01
-1.488132678942895026e-01
9.676557807557761848e-01
7.494195568796582219e-01
-5.117764578342753889e-01
-9.828124738077284039e-01
8.870078414534208200e-01
-8.170540580298508715e-01
8.059576927814924296e-01
-6.735011294670374404e-01
9.824831570095771127e-01
3.482994584332401722e-01
6.983778617681735135e-01
-8.448059830981757834e-01
-3.411343915419307038e-01
4.420686289351465348e-01
6.329370223873111989e-01
-5.482790600973752593e-01
8.323294744066862538e-01
-8.004360190804238329e-01
-5.801122254518440435e-01
-2.159548557813435465e-01
1.451432496669824435e-01
1.627410071939716651e-02
7.028682779946475723e-01
8.442113938156006192e-01
9.259346485548751726e-01
9.751285389569819273e-04
-7.762899284618680618e-01
-5.028875573673452504e-01
-5.839718141222822734e-01
-4.153692166837763544e-02
8.414602189355029349e-01
1.620128996278253908e-01
-1.217844130438130446e-01
-9.262778590311764315e-01
-3.285219811249520117e-01
2.415291429783896771e-01
5.109603227919858881e-01
-1.630490118642189401e-01
9.895815071339699731e-01
-2.067667122027632143e-01
-1.617200465751844618e-02
5.095784390804707353e-01
-1.910241623955777346e-01
-4.035040147574779912e-01
4.671299214504822661e-01
-1.152900780064203268e-02
1.891284118797487146e-01
5.741053660959192229e-01
4.230188828634580123e-01
1.519677932011422872e-01
6.136239214255851948e-01
-5.657277361495642864e-01
-7.585099958131387154e-01
4.358228532987515891e-01
1.436730383113271614e-01
8.484629470902627091e-01
-3.364263144327523936e-01
7.108422683326447444e-01
-9.469475697116966906e-01
-1.053477303073127036e-01
-7.974526536048143210e-01
-8.560732589516255597e-01
-2.093894765086108389e-01
7.825596029971386702e-01
-3.545561329848885279e-01
-9.502962594307793331e-01
-2.809218720488773080e-01
-8.337426589653991194e-01
8.930556718114157633e-03
1.835901427742137049e-01
1.755585988915497886e-02
-5.646994792241901706e-01
