2.908967085264091423e-01
-2.248579488565334294e-01
4.307103293084446616e-01
-2.569270441054374299e-01
7.375911112352830923e-01
-9.116952441895231907e-01
-3.074483442409186029e-01
-6.069775201428737610e-01
-7.298449220039329166e-01
-7.115820653669764351e-01
1.464805285437140725e-01
-1.456881397012841362e-01
5.150749497064095461e-01
-2.950552063718925311e-02
-2.859127021758898213e-01
5.511223724212508390e-01
-5.493470300834146780e-01
4.765468569980861879e-01
6.271167818942948724e-01
-2.058569481346026464e-01
-7.290795306330744019e-02
1.582742184822767406e-01
5.813337259484827602e-01
1.688957020127053177e-01
-9.374713440796722530e-01
-7.637020315869029741e-01
-1.168182398942867461e-01
3.981601222887727332e-01
-9.581718644205607927e-01
4.289749413155279356e-01
-4.499840081008066317e-01
-6.230967709718537861e-03
-1.838239055239772046e-01
5.763161724646879147e-01
-6.936381841491623401e-01
-2.996209403470089239e-01
-3.627175371971054219e-01
-3.480104188216468497e-01
-8.359838900335030409e-01
-5.924228330146141808e-02
-1.039136940764300299e-01
8.960867991789676079e-01
-9.031897250688141199e-01
3.457439379587579076e-01
-1.616321631276633752e-01
-6.037913153868141869e-01
-1.424235201450338995e-01
-8.335512742936779240e-01
7.446270079128392005e-01
-1.018174355617240678e-01
9.838051532708185221e-01
5.616676118351506819e-01
-7.781160336868897520e-01
-4.453272621638733053e-01
-3.384619817985849988e-01
-1.641299509923168642e-01
-4.458956422393784980e-01
2.782064581356591404e-01
6.029744034681971954e-01
-5.089598031692732505e-01
5.890134852058266368e-01
-5.976807328418944909e-01
7.715760525091275301e-01
7.616074763912559220e-01
1.945817012744595065e-01
9.864165673903941833e-01
-9.950501837243552750e-02
-1.799841500854622023e-01
1.541949054151805498e-01
9.700000864895148567e-01
-9.871246660205963419e-01
-7.499210878386290968e-01
7.440163543732989382e-01
6.096547069793840645e-01
-3.970044111233665962e-01
-6.084911329538511549e-01
-1.917500657405111220e-01
-4.963564135563791613e-01
9.137964085195238173e-01
-6.311321156609637217e-01
-3.515844695527015062e-01
-4.060363948185210514e-01
2.759755605811775592e-01
3.319576462426285790e-01
-8.800409191974558620e-01
-1.456366493753995517e-01
-8.546994382773642762e-02
-4.287855399260140921e-01
7.286900774711004836e-01
3.534114026943808717e-01
-7.199241052721070400e-01
2.979566198689960199e-01
3.767587908798903928e-01
-7.969838899943677557e-01
9.508689728089414483e-01
7.566982628182614690e-01
8.336562160318066184e-01
7.307761767548217602e-01
-5.650036061155692124e-01
4.350405910028558587e-01
5.229077181802666008e-01
-4.782140913640928748e-01
8.478437288226394752e-01
-5.468312375591768415e-01
1.933499820295498939e-01
-8.414721200905281862e-01
-8.767877002486068605e-01
-8.111282017160361679e-01
1.206376404801634550e-02
-4.215438438022123258e-01
-9.124150144017457720e-01
1.369536468905026005e-01
-1.153801189517129622e-01
-6.385170068621006667e-01
8.099464979532722264e-01
1.076707052937153630e-01
8.289260038792740648e-01
9.702327376763353328e-02
5.854905394217067016e-01
-6.059167914874206140e-01
-4.321440705612960009e-01
1.263128854633421838e-01
-3.266646925701983672e-01
6.686335422620863778e-01
-5.951651918555196374e-01
-8.864832482085849286e-02
5.491213048279282027e-01
-8.284719238139968134e-01
2.409865041677523578e-01
3.625546609936267650e-01
-7.052832924937937342e-01
-8.734785241243439025e-01
-9.029370990513838624e-01
8.813699216874049114e-01
9.148993952773425420e-01
7.710989035873287989e-01
-3.039300742582298209e-01
3.027931596644779511e-01
-9.075299296461114551e-03
1.453497052520351662e-01
7.718287082915542552e-01
-1.723790703341547825e-01
4.635564992257390493e-02
6.575157429505378293e-01
2.008376350280511868e-01
-9.685271752992741234e-01
-1.920914441600896083e-02
9.335583801909557167e-01
4.417384364333845070e-01
3.388921586874686920e-01
-8.500684643994085299e-01
-5.872166850724753751e-01
3.939489559768447613e-01
6.854986637959619156e-01
4.866306304630620971e-01
-9.813255991670348788e-01
-6.464134536628298733e-01
-8.287164593077347430e-01
-9.494441680832392816e-01
-9.245111760762083630e-01
-7.612955204064220105e-02
-4.139795123113421127e-01
5.728262056240300826e-01
9.283955644832797560e-01
7.246029623564920197e-01
-1.796398402084475876e-01
4.135694904185072129e-01
-7.970194837940869359e-01
-5.451846401099176287e-01
-7.261523726887730845e-01
9.932392176892923530e-01
-1.450513534721227238e-01
-5.288339932896619633e-01
-7.227528620909917656e-01
-7.052923194829094911e-01
-1.522886035178536712e-01
-8.703165407861261915e-01
-9.905135485556419983e-01
3.599287842831571105e-01
-9.614687182691574741e-01
9.893136114511282830e-01
7.075849683669606094e-01
2.843811286607262900e-01
4.486989315345331075e-01
8.841246311588875084e-01
1.503934734160492503e-01
-2.105532500604010426e-01
9.777512281148228457e-01
4.762837898119554048e-01
-9.171919633040024333e-01
-9.087482559619384226e-01
-2.801482207703216432e-01
5.864702228811982110e-01
7.108909078401204340e-02
-2.734702016056833607e-01
2.684904124271048076e-01
-8.692519571502816955e-01
6.322654641288050215e-02
-5.055153716595841562e-01
-5.832309093743068829e-01
-6.078701629535214757e-01
6.288634903199117332e-01
-8.646543254060647943e-01
-2.011526565715187065e-01
1.764493241600053608e-01
4.216728861087080116e-01
9.655378478373024542e-01
6.876434611807573649e-01
4.588075601818146776e-01
7.345131124872072981e-02
-6.541682502382393238e-01
6.451520003085993160e-01
-6.149750531865947334e-01
3.908775181809267529e-01
-8.570618317714984169e-01
4.918730924996095322e-01
-9.349329728963933217e-01
7.798641595678188487e-01
-9.209641609047969357e-01
7.182817539007846364e-01
4.373597883776325634e-01
-6.045074253969060507e-01
8.255744861045979377e-01
-1.239144243419172398e-01
-4.332033512662591956e-01
-5.133407522144821655e-01
2.219151692585217273e-01
-7.839195363468998146e-02
7.714470204354710869e-01
-6.274671224403847170e-01
-6.824832250056169780e-01
-8.524243518619745164e-01
8.697119407781508382e-01
8.891035209449822396e-01
-9.675914474910936036e-01
-5.247412002970637257e-01
-6.189582787076355341e-01
2.734362005508828020e-01
3.669980592596222557e-02
5.544218144383130653e-01
-1.726679709657785722e-02
8.610801510292009908e-01
3.039830424889202742e-01
-8.336285806266952036e-02
9.717197362171123842e-01
4.056389883372044647e-01
4.888554207513799987e-01
2.925888766824602527e-01
2.309443326022078136e-01
8.339748265926341109e-01
6.508480330673311887e-01
8.673682020838227036e-01
-8.047919219967634152e-01
9.470672350655446881e-01
5.277836642109479115e-01
-4.996871349626499370e-01
5.682931520582243934e-01
-5.331155993148373184e-03
-5.126314099914774935e-02
4.466795466510355972e-01
6.255742854961310329e-02
-4.508121205746300486e-01
-6.577076214183432690e-01
-3.783208325353450974e-01
-6.714697459025897874e-01
