1.581867503381197970e-01
5.045829234888323800e-01
-3.660588934633661751e-01
-7.080468155568184763e-01
-7.114309894807044898e-01
2.334483237107269904e-01
-5.523913529878028417e-01
9.163943053635874580e-01
-5.532025060387322224e-01
-4.309136710203453902e-01
2.536074432429784586e-01
-2.330746299888291073e-01
3.365914547068298290e-01
-3.072858585741375936e-01
6.307465079172780431e-01
6.292117225461493213e-01
-6.782154891518032969e-02
2.179445155057881944e-01
8.474648480713269372e-01
-5.500951939801737023e-01
-6.876645971726762507e-01
6.497673731641804284e-01
-9.587743121643592659e-01
8.487288351935267094e-01
-7.114070622145594047e-01
1.297290836737960973e-01
-1.244767622585327693e-01
1.466459840934173364e-01
2.482521397430350607e-01
-6.188313012220114651e-01
-9.727141854991703251e-01
-3.851474253013322802e-01
-2.297491966022753296e-01
-4.538391361374689570e-01
-2.716819570442408072e-02
1.634979521540258496e-02
-8.587282039422554636e-01
6.831411441879866597e-01
9.651483570024355085e-01
2.755773430750008135e-01
9.004398305720262563e-01
-1.175333250024190868e-01
-9.838026439620155550e-01
-9.875585634194412599e-01
-3.887165646329451274e-01
-1.033453755550426401e-01
3.576649520081391920e-01
1.563933849223591022e-01
-2.303617683603416122e-01
-4.400144620877981527e-01
5.380810770653772224e-01
4.472344947947628491e-01
8.156118231802180762e-01
6.923568196455771595e-01
-8.927901549683407989e-01
9.881621494888594981e-01
7.607305001432840275e-01
9.730812526467582657e-01
-1.569564301433268305e-01
9.876419027890657176e-01
-4.529956930262750703e-01
-7.884005610526789720e-01
-7.960244590224490047e-01
-1.981277726784378412e-01
7.673940780264327799e-01
4.510096363388063079e-01
7.600439899194997295e-01
-4.325598729604605008e-01
-4.445301881131840105e-01
-3.066291361542716754e-01
-4.549483527678386263e-01
-6.496518566982105725e-01
4.931717492700136152e-01
5.876263442813842719e-01
1.229841730310863301e-01
3.283540472917823028e-01
-7.794904821675892048e-01
1.672913111333822478e-01
-3.130015769584828522e-01
3.553843600691852789e-01
-2.727385455494397704e-01
9.412882678265785952e-01
2.740482428504420476e-02
6.266978352933401109e-01
8.800146083758877413e-01
-9.974563442823480841e-01
9.802149579208827568e-01
-5.870599299922376613e-01
-5.122025461344059671e-02
2.897044720628192405e-01
-6.207102804728128476e-01
6.424259968578260871e-01
4.547691261242483574e-01
1.300563424092087139e-01
3.088789488822645257e-01
-8.292220265355008113e-01
2.166092462047306544e-01
-4.371739724491763290e-02
-3.891933613469442665e-01
-8.999293387315427939e-01
4.479909503823673589e-01
8.002892935845005162e-01
-5.083392260787640282e-01
6.586630616242452607e-01
-9.672474686585850190e-01
-3.337223476499162622e-01
8.463813737136895998e-01
-7.551152109740126850e-01
4.658644394959412516e-01
-2.984292350189967635e-01
-3.648754660332207411e-01
3.242303453220551912e-01
-5.724191890211656197e-01
-2.398432098451570571e-01
9.722428385528132377e-01
-3.256206968130872514e-01
-9.337607260441564971e-01
2.126880601905454249e-01
7.891602394869750015e-01
-8.340982856617220609e-01
-4.007326582596282272e-01
-7.527216887838810155e-01
2.906794601022475444e-01
1.383353993658780201e-01
-1.003966386764552077e-01
6.551735613171989492e-01
-2.976688983898705398e-01
2.540850926435940238e-01
3.590231458964605604e-01
7.742127827278311170e-01
2.947818293418418278e-01
-6.538361461231907423e-01
1.588811066253150717e-01
8.921328917800135372e-01
8.342043159526184581e-01
6.780149088131091073e-01
2.092105257682130848e-01
1.296938116245185402e-01
7.051416144281632548e-01
4.300800316812525281e-02
-8.071356984569735271e-01
2.628329123795365430e-01
-2.463491567573448116e-01
-3.857554410200827455e-01
2.734445850587479132e-01
6.376168930317536176e-01
-1.470681182610151794e-01
-3.195236435427275534e-01
2.371187501133578124e-01
-9.423425563284020257e-01
7.834855008454015834e-01
8.639503008687572372e-01
5.096678998953070305e-01
7.056036887194996332e-01
-3.230400564992588208e-01
-3.757466326612721730e-01
2.760770454483620906e-01
-9.869272380355225138e-01
-7.791728521850131983e-01
-6.804981082919603352e-01
3.650157814369390241e-01
-9.207521692813935843e-02
-9.752095656088857201e-01
-8.776802628148701046e-01
-3.387764199646978724e-01
-3.443863298187632704e-01
1.505378398573731236e-01
-9.907861404782216663e-01
-6.643886054486725090e-01
7.558494557270498682e-01
4.313552815535681706e-01
8.510510761989793505e-01
7.571862645279203718e-04
7.823556763710786122e-01
-6.355010680390575928e-01
3.155347140550184282e-01
7.632687846046248836e-01
-3.936979296633398295e-01
-6.985334521768518101e-01
4.621220533698502386e-01
7.818945807692194716e-01
-7.103535134565834852e-01
-5.497859436014220780e-01
4.901334267220682772e-01
1.451460689097925361e-01
-6.684732311372372227e-01
9.145148605380888363e-01
2.206960666286938988e-02
-1.973824548650451316e-01
-7.246418550511135592e-01
-1.079327392215729819e-01
-5.455149343396881179e-01
-6.494778122975424228e-01
-4.721845999600666755e-01
1.609354088478665012e-02
-8.834201484778927416e-01
-1.487081842967441503e-02
-4.074944117011218836e-01
8.736558982921802663e-01
-2.695665414390471248e-01
-5.392972569969072261e-01
3.383639612171451816e-02
9.292762752367211831e-02
-1.951837711364654560e-01
-4.940273714406611116e-01
-9.379323381837976203e-01
8.315598214030408553e-01
9.031980195441422499e-01
-7.959715403304847836e-01
-3.434471353578409936e-01
-6.037982117829385764e-01
7.403716986613995132e-02
-6.721252608373642357e-01
6.002774032232012225e-01
2.716628257484232645e-01
4.254777222271257653e-01
-6.762254211331160114e-01
4.940201486260709096e-02
-7.011495084224452778e-01
-3.499640818205085324e-03
7.064922552661805355e-01
-5.997868347775825448e-02
5.955844111140737862e-01
6.987705634753367256e-01
-1.317777981657735076e-01
-4.345316058401957893e-01
8.394870925441693110e-01
7.891217028327879301e-01
-1.168439980508166887e-01
3.875729752514720516e-01
7.832501387593748809e-01
-7.725680910610672747e-01
1.569758976707884557e-01
6.280034792844544356e-01
-5.637614082711754904e-01
3.399687600240064445e-01
5.819413586093240554e-01
5.622755451171836949e-01
-6.077112568432831985e-01
8.708706947481705818e-01
-6.076748331038572815e-02
-9.023932421045910424e-02
-7.611266289570575161e-01
5.293008741960152364e-01
-8.770826861346894265e-01
-7.256738599967746950e-01
3.485557512851187312e-01
4.990591635409891147e-01
-4.576531709798363767e-01
-2.703494228922294074e-01
-8.811975142525036997e-01
-2.002437130078640326e-01
6.029056752330541613e-02
4.283925589128800837e-02
-2.194027609598054873e-01
-4.065956600543465527e-01
2.980909100617163965e-01
3.758894143568556334e-01
3.898795677300177509e-01
4.583672637179270204e-02
-7.971849838955251677e-01
-1.492019844216061486e-01
1.146705397806941917e-01
9.208217895415704568e-02
6.177582825867518057e-01
