4.501336582165702538e-01
6.463706964236726193e-01
3.975364110229571146e-01
-7.765588170111596966e-01
-1.949357352770939578e-01
5.600251619963396710e-01
-5.242514979659573804e-02
-6.984451702660749994e-01
3.309148424619772211e-01
6.262748057108982191e-01
-9.427036448805810043e-01
1.625366835249173469e-01
-6.750389883131413526e-02
-2.074220684125838154e-02
1.787713965949677686e-01
9.896823159984902141e-02
-2.099704794277830189e-01
-4.442375519306622778e-01
2.991202251525701961e-01
7.763098807133468338e-01
-7.790765160214416785e-01
5.300238181985925667e-01
7.300490098799341521e-01
-7.396034307100163296e-01
5.839763505686017542e-01
9.930890857835419361e-01
7.258205422987096256e-02
-9.432964846219671351e-02
-9.856389921712942481e-01
1.972419600722166155e-01
-5.351892249700838100e-01
2.054740505844188103e-01
-4.946805286295137272e-01
7.516589949274854465e-01
-7.729728929284362948e-04
-7.792527614028037508e-01
1.616639347136246130e-01
-6.088029472170026768e-01
9.231681833117362235e-01
-3.207933447308168873e-01
2.699933331459811736e-01
-1.028373402474540566e-01
7.021131843109011950e-01
-1.152910646461484667e-01
8.983370845655869186e-01
4.804341466621573353e-01
-9.470490838101237596e-01
3.502957471779608589e-01
7.996218953469114155e-01
-2.429844801517477837e-01
3.448302776900871169e-01
4.556485204304441261e-01
7.155617952419228711e-01
7.299724869984851594e-01
-1.505286172967095215e-01
-5.298945399726482375e-01
1.588029279598233146e-01
-5.602320607931001728e-01
3.510222936037503683e-01
1.592426931497463727e-01
-4.677850564748424755e-01
-8.166946754326567248e-01
2.663611631313789196e-01
-3.517499873011986633e-01
2.329625415406297861e-01
-2.601955077938722383e-01
3.631211017567113064e-01
-4.126339783328090149e-01
1.075731893834586117e-01
-9.617088012388672613e-01
-7.141099954926075632e-01
-5.267775806303092168e-01
-1.846840958750637363e-01
9.254683443404805310e-01
7.620366085177763260e-01
9.362257631682286974e-01
3.529731250198384629e-01
2.284972970545995352e-01
6.698022326090693479e-01
3.804479145013062169e-01
4.063404857206205367e-01
-6.235148492877744530e-01
4.810182400077949172e-01
-8.989818682905721392e-01
2.968758756642615459e-01
9.650709023530583686e-01
4.730759173658247718e-01
-6.022404763883641987e-01
9.502214297678701627e-01
1.531206265458395777e-01
-5.072386359078717710e-01
5.690053079558559102e-01
-9.693893362426393434e-01
-7.794586994881202990e-01
1.531866066485507716e-01
-4.758851375509922654e-01
8.622125254382648762e-01
4.423613209062402518e-01
4.466896116703562569e-01
9.259245246667471285e-01
8.980737167514789565e-01
-4.771529641647982434e-01
-5.760612832032352415e-02
2.874593879532545415e-01
6.001650494983379325e-02
-1.429369154155730737e-01
-7.896985303220964703e-01
1.817589665261658549e-01
-4.956420423064440417e-01
-9.141587483773139233e-02
-1.535730264543970769e-01
4.843155714005160650e-01
6.956502805209918705e-01
5.773624099231937645e-01
9.276580971320305125e-01
-6.992969613992718880e-01
2.572396959997091948e-02
-7.067248472621137090e-01
-5.640393672415056070e-01
-6.120485736768284113e-01
5.256176740601450348e-01
-9.726994612453678801e-01
-8.274996720123928284e-02
-5.559525870128778635e-02
4.944982563379236584e-01
-9.625855857676315352e-01
-6.809742758235548532e-01
-2.949195150643002528e-01
6.001658626765911109e-01
-7.091593420967645667e-01
4.545216379048160338e-01
-4.261520940524983203e-01
-3.971196731933832602e-01
9.246680349457214732e-01
4.721573682557038687e-01
-3.981020973547761965e-01
2.257995490107427283e-01
2.967270615049268923e-01
-8.991308425390511783e-01
6.052681872950356201e-01
-4.452798283202454854e-01
2.248053446088378315e-01
7.789479399446841423e-01
6.328722214295012805e-01
7.469688486761894008e-01
3.022649591368908872e-02
9.562710218923551331e-01
2.270516956973804845e-01
-5.263658611726580450e-01
6.193072457037551715e-01
9.440781163100884221e-01
1.317767114125532046e-01
5.282030284370693440e-01
-2.087591067891660934e-01
5.604573306419557976e-01
-7.983958579544168099e-01
5.765812661070919276e-01
-8.097477790732252600e-01
-6.679872659517900324e-01
-9.298049778010430977e-01
3.751683325653873968e-01
7.696642204500678819e-01
7.597779339675947430e-01
-8.615179653585822717e-01
8.984117538166143113e-01
5.247070061162850685e-02
1.687997583947467017e-01
2.380481046080085150e-02
-4.445268319467403639e-01
-6.618549154347788122e-01
7.254961014511280837e-01
-4.229681250571160067e-01
-4.284813209566171732e-01
1.112673371082277818e-01
7.470695720717743793e-01
9.141039900810041807e-01
6.159029173874559504e-01
-5.267246147010506974e-01
7.350970131245488925e-01
-9.733888194801731952e-01
-8.114350829640071261e-02
-9.452241341722664725e-01
9.019406776498632983e-01
9.493595468477584731e-01
-6.731291586042695840e-01
2.808487513293804749e-01
-1.518965962721618990e-01
9.683433194609132322e-01
-3.787604958224921603e-01
2.009500406974336073e-01
4.798461975110839273e-01
-8.129861683345365186e-01
-8.391395065214317661e-01
-7.706957028073189164e-01
-8.929724566379790840e-01
-6.231894640282034104e-01
-1.504199320150354513e-01
1.471479826701393989e-02
-5.147855433612025244e-01
-6.937280928618119180e-01
-6.350477199452670973e-01
2.828523741516635326e-01
2.912070052511523954e-01
-2.523129644959833939e-01
-9.707955386536866182e-01
-9.964425985049245593e-01
5.435144607654220916e-01
9.382610142368130735e-01
-7.073465974569677073e-01
7.415160253727237638e-01
-1.724310514229305813e-01
3.713005730013856365e-01
-1.629211637366014820e-01
6.394124476750600028e-01
6.489485529532661445e-01
-8.108670874220915703e-01
-2.857971891123212149e-01
-7.946445791206024900e-02
-8.831639739540877443e-01
-8.949443939841652540e-01
-4.586422346731178212e-01
-7.336038964537876517e-01
8.094936168336819282e-01
9.489863061421444090e-01
9.022561792104004663e-01
-6.726182945511993694e-02
8.752414881346148867e-02
2.626436853379698899e-01
7.779625935757066291e-01
-3.556848173443682981e-01
-6.774324629021433175e-02
-7.366294572093634585e-01
2.243232005059732082e-01
-1.496214298615823335e-01
6.323988934360327274e-01
4.454813627460552095e-01
-8.641571363439539688e-01
-6.210892488186403604e-02
8.882669792030339906e-03
1.795324870021959285e-01
9.434262160828812416e-01
-2.365290919960019167e-01
-3.205861699955265820e-01
9.673226737352822457e-01
2.520209193142497472e-01
-2.713214688729090884e-01
-5.961851710108283520e-01
4.487276174491878766e-01
-3.482511504467242780e-01
-4.584107813007212151e-01
-6.128107814628180883e-01
-4.377044710095585600e-01
-4.669866789006880126e-01
6.271763260069060930e-01
-8.736267041952427981e-02
5.659204558154835585e-01
-1.996322949867614938e-01
6.461960899819776394e-01
9.953071168459912688e-01
-9.484627460004937394e-01
-8.768817637770367490e-01
-4.868642158595606340e-01
7.299918223442749543e-01
-4.246794343069855149e-01
-2.173564732676793732e-01
