7.391427340507967791e-01
1.281860048937870644e-01
-6.187945928840961063e-01
3.431431368705062379e-01
4.151920030565205977e-01
-7.321104548087473685e-01
5.710121597957453776e-01
-6.491838552079707281e-01
-4.969656504475170600e-01
-8.311496277346572814e-01
9.887256729909497110e-01
4.680313362050927406e-01
-2.245157538399265018e-01
-3.355872826047023860e-01
5.653104028886133392e-01
1.488249119842228740e-01
6.617710165219545804e-01
3.063368990436301509e-01
2.021086054512095664e-01
-9.850888222507458991e-02
4.767035957837326698e-01
-5.049174224754193752e-01
-4.568556895440982757e-01
-2.691847088195389315e-01
-6.022954415070114198e-01
7.265262608706930525e-01
9.003766685225800259e-02
8.338346595192163146e-01
9.626571258625888916e-01
-4.895567706065346858e-01
1.801985884275627559e-01
-4.114300745208709920e-02
-1.525281740485910920e-01
4.368511147575555587e-01
2.457797165345978474e-01
-9.186652394093199892e-01
8.976699963836076712e-01
-2.447686550515992820e-01
-8.679731634838852017e-01
-2.505011875842912961e-01
3.750210360963646128e-01
7.769150752607192345e-01
-3.634207967335945089e-01
5.066644743310178001e-01
-5.789610618436662470e-01
9.999287055032597404e-01
1.997087707673081969e-01
-3.942253741637136155e-01
-7.939431555732117118e-01
9.560158051952427627e-01
-9.268312166663017493e-02
4.891460090983190678e-01
7.099638560908552165e-01
-9.968567413302822366e-01
-4.519717278046426756e-01
3.575906466897913472e-01
-1.356317402125466476e-01
-5.621734459293625807e-01
1.714699043404888101e-02
-7.201171908659045329e-01
1.154572401480198351e-01
6.478694173966574876e-01
7.059466820525945874e-01
-3.200311487420028911e-01
3.602020720531431408e-01
-1.808789747642578494e-01
1.253125661270009239e-01
1.084796894456319105e-01
9.701684843643629819e-01
-7.449418398818474785e-01
8.889969268874642339e-01
-3.619133305022179670e-01
-4.558616079937967136e-01
7.971562888078880249e-01
-7.254775263557657894e-01
-3.565928959594362180e-01
-9.276104828081566112e-02
7.228736351517330849e-01
-8.032519286205737075e-01
-7.438255684141039659e-01
-6.188064188589257331e-01
2.193890075860407407e-01
1.235869936972522343e-01
3.651598461592440170e-01
-9.734232351123479621e-01
2.431060419000985462e-01
8.718689814718927344e-01
-9.474212675370472514e-01
-7.099469300973804131e-02
-1.173678071624921770e-01
6.211191837958400797e-01
9.759828637312017996e-02
-6.931001810553376608e-01
1.123014186970101580e-01
-2.295346459786848925e-01
-6.689434964244831416e-01
-2.163493692240674449e-01
1.104486856486324164e-01
3.105567376275193414e-01
-8.958297347750132644e-01
9.521058470515892935e-01
9.307635154120643683e-01
-8.654952034291651941e-02
5.064990772159381205e-01
2.637333406974895489e-01
-7.432797305398786136e-01
7.594178749646718352e-01
-9.000481091883825169e-01
-9.933112087290472125e-01
-3.821077480277996763e-01
-1.208719545647425342e-01
4.748001284354048668e-01
-2.642071273482757832e-01
-1.530507591863980998e-01
-9.307216550206276473e-01
7.209984993006823828e-02
6.491121601854707990e-01
4.811362754747663395e-01
2.086233471392036076e-01
-9.474282561072666642e-01
3.950529970363292342e-01
8.123123918992998238e-01
4.464421454264211331e-01
-3.301143868903297918e-01
-7.574072882872349144e-01
-5.463842459905441373e-01
-2.925401543891836820e-01
2.257642947333018402e-01
5.444488661149970987e-01
-9.508102192516674211e-01
-1.269752187778172559e-01
2.722300215920621103e-01
-9.669010823761123863e-01
-9.721344298923400018e-01
-7.813730867657440182e-01
-9.430686898349289748e-01
4.468871266144740506e-01
6.824020432933641800e-02
-7.359252217075185065e-02
3.012591644804352153e-01
8.312292713277655842e-01
-9.093544699952884613e-01
-3.972663380480028206e-01
8.629367623494752504e-01
-3.680151589281110969e-01
-8.538698800379316278e-01
-1.367050304232289015e-01
2.159319367769036990e-01
-8.428021953461066751e-01
8.029602358062339906e-01
-9.518078759606900530e-01
-8.417429366310791305e-01
-2.507165551714394258e-01
-8.282533024122544774e-01
1.569964514602666394e-01
8.376372462988888046e-01
6.949151112945461950e-01
-7.730397061471383502e-02
-2.741293992202069596e-01
-8.682281186311984200e-01
8.553748333732260622e-01
-5.931667127093742664e-02
3.457103788807214251e-02
-4.409194813949013358e-02
9.098538624731409286e-01
2.901759027787897960e-01
-9.009849653877959330e-01
1.370993047829298650e-01
-6.253573394729738943e-02
-7.350072658723458829e-01
9.386556368264098449e-01
-4.325384618711656248e-01
-7.022172155503314528e-01
-5.804970294313656076e-01
-1.327531014844440804e-01
-9.212280472033087531e-01
-9.435767508619561372e-01
6.772490676303617452e-01
-2.842287788035435803e-01
3.865821622964140669e-01
1.806105260310308935e-01
7.453609820801267993e-01
9.904761392603282921e-01
-5.069437929433842083e-01
4.020009871059577744e-01
-3.023600039051543842e-01
-7.039236238826098724e-01
-2.882662188708606799e-02
3.293370730668967461e-01
-3.130508273516026119e-01
6.147462089811441821e-01
7.009018452107182995e-01
6.382569567626446005e-01
4.164702830813522549e-01
-5.317184997872348440e-01
6.705160247449413191e-01
4.692166841188236681e-01
1.398941815046061965e-01
7.386378904958137426e-01
-8.385580264227663339e-01
2.793345658530510534e-02
7.303264552976311830e-01
-4.239290337028129851e-01
-4.572438752252330207e-01
-7.528951314925069749e-01
4.450476369655762543e-01
-8.404208397950352349e-02
8.551213546297182777e-01
5.185412411564100932e-01
-8.702386397758015146e-01
-8.680239297099778817e-01
-6.468580652912214735e-01
1.675645749898357906e-01
7.051598188513552579e-01
8.621193505073381225e-01
4.119463033846622046e-01
6.912487460942537965e-01
5.992520417802575938e-01
-5.437579109745116490e-02
-1.658731765019831883e-01
5.745482010873748102e-02
-5.179221000282501208e-01
8.797294836015043806e-01
9.353733722528219108e-01
3.651824705152240114e-03
-4.061769579169902666e-01
7.485509449648626301e-01
1.847993297559220593e-01
8.140910228428155371e-02
3.177436323069326995e-01
5.965433548116947371e-01
3.199957458585918069e-01
-9.683007588420911027e-01
-2.689047036745444430e-01
-6.877776434161717578e-01
-2.379553777992746699e-01
3.701622273726425938e-01
4.935294254947255599e-01
-2.258901385364073811e-01
-1.759043338597501283e-01
6.263378601529967504e-01
5.275788591812442530e-01
-1.170819313717419430e-01
-6.226228306066028395e-01
4.126303068195016355e-01
-1.930470952124769823e-01
2.381500845634099139e-01
3.423113839104696687e-02
-5.928374830721208077e-01
-6.170730790649687769e-01
2.878912948584739784e-01
-8.668674529964894848e-01
-7.084766594917151217e-01
-1.341777940501325261e-01
-7.397023095142043481e-01
1.209147400866776856e-01
8.236291647431066565e-01
-5.876543908575282416e-03
-8.071266880526122289e-01
-9.970126745936309653e-01
2.722667874620576800e-01
4.922015328698170489e-01
4.299866446912496976e-01
2.302988952694904334e-01
9.421397382302874046e-01
