-8.987115579587423575e-02
2.634947159790741456e-01
-8.476345334405024357e-01
2.465381073765742226e-01
-3.737329464478877927e-01
1.954840191443814046e-01
1.698900825225970745e-01
-5.880315443913364248e-02
7.653338111134939670e-01
1.498144112442267861e-02
-6.871341877956631539e-01
6.372369873510730365e-01
-8.016759610399946112e-01
-2.779817355555560532e-01
6.515190740374781075e-01
-7.733128618173925606e-01
-8.485674105280722745e-01
-5.807722555514491791e-01
7.588700734770257306e-01
-1.512594871622170434e-01
-1.028913472960208964e-01
-5.306321032097696122e-01
1.977857330188919072e-01
4.632783465408851775e-02
-1.121412603618336945e-01
-9.716539448973549042e-01
-9.994196910009596202e-01
-3.959216606409721173e-01
-3.338448689962794091e-01
9.351294137938159778e-02
-9.350140880025561430e-01
-3.654487176946707994e-01
-8.018980186664745879e-01
-8.457525447169198518e-01
9.555309766748032452e-01
-4.467077538391928115e-01
-1.034167751577903527e-01
8.652917902636694247e-01
7.636110521664287720e-01
8.220518061392767528e-02
2.897329199055300730e-01
-9.587680275377628014e-01
1.447041333870191515e-02
7.697849878765443687e-01
1.128965919923012873e-01
-1.893193219339073252e-02
-2.270149722146854732e-01
9.428403038678014880e-01
-6.164021070073082420e-01
-5.254666090592696737e-01
7.774271315500413948e-02
4.140317504709498664e-01
2.259168294796105592e-01
-7.390081101231498195e-01
-3.791571862520450864e-01
-2.989424778576552644e-01
-8.113449983687588407e-01
-9.790852117752903983e-01
-2.491553624415723256e-01
-8.772472902919510318e-01
1.846683061878113818e-01
6.405986081283305822e-01
-8.300516275629543639e-01
-4.464582778116892303e-01
6.136138542962041864e-01
4.389475416929089491e-02
3.996663088284901910e-01
6.838729472634827999e-01
2.778761717312161483e-01
-4.111826860018372720e-01
7.138031867383758389e-01
3.334330381896952744e-01
8.608627236117061265e-02
-5.996068218497576652e-01
2.768546958777040601e-01
2.660640289155804528e-01
-3.497710857654579009e-02
1.267094834218465138e-01
7.547115823363939047e-01
2.059575737637107107e-01
8.319604284652639681e-01
7.438262235441204240e-01
1.732488417698749839e-01
-3.613660465666523880e-01
-1.646439797618619583e-01
3.097155096230703730e-01
-9.128458517136446293e-01
3.120450063358548576e-02
2.738756557533608138e-01
-7.726254717132978733e-01
-8.815761981459417918e-01
1.510362457805780600e-02
-5.095681719407838539e-01
-7.920823575593183286e-01
-1.817274967238780015e-02
1.787601977875223902e-01
-2.381498449128842676e-01
-7.114781300728516555e-01
2.427724172975143091e-01
9.935897731886231821e-01
-2.306666674521877791e-01
3.985197106291393787e-02
2.729457010585010224e-01
-6.870992090535077423e-02
-5.278198402027456382e-02
3.135842891228242113e-01
9.868190243970149655e-01
5.571457154231076458e-01
-9.906649036792625207e-01
-3.493897971433044258e-01
8.624670363353952318e-01
-6.488249091972497773e-02
-7.538095144140992687e-01
-8.175678249632090111e-01
4.838718715816661131e-01
7.196291770344365180e-01
2.673422853662674736e-01
7.812399577295106035e-01
6.554204951687243597e-01
8.379239900412065456e-01
4.777593336982068895e-01
-7.603186236359134043e-01
5.147708053694568520e-01
1.349900218930444318e-02
7.188393279149045689e-01
-1.813645566992339031e-01
5.599285910388802634e-01
2.235885105800170525e-01
8.516549761919973704e-01
-9.061242015375450265e-01
2.790657379682803807e-01
9.334939820675458577e-04
6.629102733580203299e-01
7.358763042646823127e-01
-3.244269916820388122e-01
-4.067892477171852761e-02
9.852292288275643628e-02
-6.772979420808122875e-01
-4.942528880367278443e-01
4.201020526432155400e-01
-3.751736810749473072e-02
-8.640306694039019408e-01
-5.017450243942080945e-01
-1.331500222883670315e-01
2.971456224559574366e-01
9.260229033511779839e-02
5.667122723226343251e-01
-7.335107341424547123e-01
9.776668907657912744e-01
-4.463317709629888164e-02
6.409617909811491376e-01
-3.078316502491369455e-01
-1.130846806105809677e-01
4.582455495281312352e-02
-2.397221406664495902e-01
9.232585942402253831e-01
6.047458506808189860e-02
-7.594818892162198409e-01
2.335147689741068344e-01
-6.532784329960821257e-01
-4.219673930710388099e-01
-9.049206682596881990e-01
-7.973612900513873392e-01
-7.208529111207886420e-01
-5.010222176918159853e-01
-1.517645257568038808e-01
5.844127647579009377e-01
-8.670487182231132461e-01
-1.920072137122434963e-01
9.251793150659821663e-01
3.568155881411787522e-01
4.289165807293637833e-02
-4.003862297073246257e-01
-4.459366894950682614e-01
-3.622390655657667935e-01
-6.893853935001428290e-01
6.778331639876797876e-01
-5.726420874698323615e-02
-2.200092873430286033e-01
-7.642635591258284400e-02
6.540052929780821867e-01
-6.990921468975652697e-01
7.158216837744364458e-01
-9.264944947097450978e-01
5.921906192707504513e-01
-2.063233608887771187e-01
8.549535772346064100e-01
7.897759962833554859e-01
-6.965192263927058036e-01
-9.232245582113021154e-01
-7.454496560013810225e-01
3.790906470015582563e-01
-8.112920715922589121e-01
5.481390148867077983e-01
-8.528067305682500709e-01
9.431460859992619739e-01
5.860043508148689018e-01
5.687253402192560259e-02
-7.646714432618393342e-01
4.009995053868451453e-01
4.034528811470994292e-01
6.420206686199239066e-01
3.673759350124599088e-01
-8.448346106464208471e-01
-7.493062940758634660e-01
3.033357394729250256e-01
4.946165835343119266e-01
-7.883696661218531077e-01
-6.312274277811347201e-01
-5.242427673252010312e-01
-1.711303368634100597e-01
-9.771796431239794245e-01
-5.409789567274059241e-01
2.736725750241917332e-01
-8.226957657397719892e-01
-7.040441356277014062e-01
-2.757079128921922084e-01
6.807197870380885529e-01
-8.407470624669741710e-01
5.976464291382623806e-01
-4.627479791002813148e-01
6.362480506218002319e-01
-6.632044959531058215e-01
-5.153212007407728112e-01
8.847705812033848094e-01
-7.253737038800867065e-01
-8.332735368452826030e-01
8.606599459713075717e-01
3.974109744545912815e-01
1.745784056370958126e-02
-2.399377957320452115e-01
2.158346024597723734e-02
-3.331536776041259529e-01
1.934661135591102532e-01
-9.041697937577244382e-01
1.499336131783277626e-01
-6.333865417316335567e-01
6.403111430318217945e-01
5.254048395078751987e-01
-2.421553435910752672e-01
1.838444932853546820e-01
2.958947476605331417e-01
-3.699909607923970167e-01
4.209552499355526667e-01
-2.755305631493214502e-01
-8.520256153117260478e-01
-7.048085934907817318e-01
4.102261350727220979e-01
-4.678737830433308265e-01
-5.726244328410698969e-01
-1.099863017087734374e-01
4.188768353098724084e-01
6.570783127147601377e-01
4.968928115882651486e-01
3.413754351557340971e-01
-2.135524278704428180e-01
3.925911545658713475e-01
5.059335611749893324e-02
8.782988813936345451e-01
1.639337971034608987e-01
3.455338827652523204e-01
5.553893846447155447e-01
-1.850376124595132232e-01
-5.561291053949042329e-01
9.879566452928303377e-01
