8.879074347586424221e-01
1.557598336688144069e-01
-9.653427183875136208e-01
1.649372949888636697e-01
-3.821422898845083793e-02
-7.156213676887168695e-01
4.592976689965941883e-01
-9.562925900623000519e-01
3.090756371368803546e-01
-6.688110470968200438e-02
6.298959523069931343e-01
-6.332686857689637794e-01
-9.283866927768718025e-01
3.079948209018266159e-01
8.660425754632710138e-01
2.896908372663542508e-03
-8.739482795728445996e-01
8.602591860761787945e-01
9.779050723519553401e-01
-3.245556679752563678e-01
-3.408881373878738241e-01
-5.436909062211376931e-01
-3.000574828095039503e-01
-7.226842505491695157e-01
-3.144949559523408933e-01
-1.156868855980619504e-01
5.086053430464609892e-01
7.191679802566697255e-01
-9.526809091485270997e-01
-3.987276012473166542e-01
4.281158779757534560e-01
3.698181842128995811e-01
-7.115716705074834891e-01
-8.713959141168634570e-01
6.525546595895959090e-01
-6.406531092107952130e-01
-7.345422816924942477e-01
-3.654152844975664394e-01
6.765517052711615964e-01
-4.637700027834013028e-02
-2.822273357082416556e-01
2.962628855238571557e-01
-9.282219071039752301e-01
3.649657171153279922e-01
-5.306841791195207048e-01
1.752225700061549318e-02
-8.310186617857255875e-01
5.004937592578251326e-02
-5.959609861581467438e-01
9.580243091035380854e-01
-6.914423658899160330e-03
6.299578062905859532e-01
6.779435749803255362e-01
-6.749851865966338682e-01
8.113798499766107231e-01
-3.447797469675966120e-01
-7.792555833462722070e-01
-9.843500080490936721e-01
-4.642698590498257616e-01
-3.538109678705685379e-01
1.689508756322666283e-01
-1.128625387499999633e-01
-2.346303212874392141e-01
-8.853861889925338513e-01
-7.509087714727815666e-01
-3.941476397884002836e-03
-2.696808951953264533e-01
8.166792029943239495e-01
8.738954940468242061e-01
-9.554591480094389855e-01
-4.028821510680584694e-01
-9.069544285291744057e-01
-8.655281685546072357e-01
4.714603427351233833e-01
4.706289566608634622e-01
4.372471288474690798e-01
-9.842662673609778867e-01
6.588404886624772416e-01
8.318833659635838096e-02
2.954651506228413993e-01
-9.846068500771369969e-01
2.494372253861627531e-01
2.972256196523133109e-01
-7.248327839488069024e-01
-5.970179048374930630e-01
3.836577811198784715e-01
-6.610596171616844874e-01
8.391721351517411609e-01
4.627606631292067174e-01
9.340187796286356647e-01
-5.913052014753894525e-02
-7.949235391432618592e-01
-3.874395091999307539e-01
-1.299964888107121297e-01
4.665913629620206393e-01
8.748764689356343105e-01
-1.711212405709294782e-01
-7.302165976736632036e-01
4.621933767159693840e-01
-3.476123190993110068e-01
-2.150596895094281091e-01
7.108198171957649247e-01
-5.978460000929974871e-01
-3.729743269990630772e-01
1.536288882063181482e-01
-7.326993959169814108e-01
-5.026535437366319581e-01
7.304441177750597980e-01
1.074103876964784821e-01
-8.843214591441335148e-01
-8.378458101509029810e-01
-6.370995196338486988e-01
-9.118698014867072654e-01
-6.743268328322324923e-01
-6.901113007628099094e-01
5.891184692101358866e-01
6.496955539215594211e-01
-1.283270127804567728e-01
8.796211227660148957e-01
-5.101063090716078108e-01
6.691722612834425377e-01
-2.915329346079840178e-01
-4.087842161144079611e-01
-3.507878520873628503e-01
2.507436391177817470e-01
3.785842105758501219e-01
-4.729244101994702909e-01
7.546709539074880624e-03
-2.946328352952942708e-04
-1.654773043710844327e-01
-1.035431408156393118e-01
9.554538447485270147e-01
6.432304199072302886e-02
-7.952195899698961679e-01
-5.542174609455099432e-01
7.992738204318288187e-01
6.525722565803053765e-01
1.849059734883600203e-01
8.100236942076635138e-01
-3.583174207263777333e-01
-9.725648409139697748e-02
3.413524370632059490e-01
-2.119172766926578078e-01
-1.618990681886476324e-01
-9.127410489738130295e-01
-2.898995453700472513e-01
2.182873411546626397e-01
5.816426783894976804e-01
1.294677286871417365e-01
-1.099125547045443074e-01
-9.422610895246563700e-01
7.300627066609814975e-01
1.522489604129535490e-01
-1.259316989848868751e-02
-4.888624307420923465e-01
-4.234709448221340988e-01
-7.470804483057100764e-01
3.462467940517683918e-01
-5.002072438209186345e-01
7.164925224664580039e-01
-5.726543767929646034e-01
8.015089068235115022e-03
-8.493120615072957680e-01
1.271902588359861141e-01
1.723931052384475304e-01
6.950902241058729558e-01
-1.479760695533440806e-01
-2.435811978972330927e-01
-6.652741447098626804e-01
-8.557709240770605685e-01
2.896493322260220715e-01
-8.136917026468331038e-01
9.344285558404781256e-01
3.325594411790946392e-01
-1.498163030669275031e-01
-1.708718784166642912e-01
-1.655785014138222433e-01
4.926618417343520129e-01
-6.764363322847579685e-01
-7.504515841586187896e-01
-6.366705524359019819e-01
-2.876831470628009590e-01
-8.066950119439089129e-01
-9.732669495109200763e-01
-4.161437632034370449e-01
8.760577623992482632e-01
7.066484131997550211e-01
-2.963152910097186510e-01
-7.058136597594719674e-01
8.372857573459062674e-01
7.557159711727539086e-01
8.458080112307897469e-01
-9.578170068427140915e-01
9.450412556996796720e-01
1.540325671839153365e-01
-5.919573285681274388e-01
4.094426386260312523e-01
-6.233976795682383276e-01
-2.760120371755037105e-01
-2.227270055054888509e-01
-5.638893701260123681e-01
-3.661841788692201671e-01
1.539495391290890414e-01
-3.677789259976509406e-01
-5.409176749745250312e-01
-2.190744152821386681e-01
1.257713886207076914e-01
3.953466161939989121e-02
9.950835284764365518e-01
2.824732769701059354e-01
-4.520978580119316970e-01
-3.032031664820311612e-01
-8.621547185669424795e-01
7.289470368981443293e-01
1.699082840854324594e-01
-3.032339696148440567e-01
-8.062885476368397697e-01
2.487952970874607317e-01
-4.937174533610357852e-01
-5.513136674707130869e-01
-7.442100183536937141e-01
5.236477181613117260e-01
4.463821642644048016e-01
6.185294576967774738e-01
6.909938750850297406e-01
-1.072472446139947078e-01
5.559406425623698578e-01
2.247400046010541441e-01
-7.194769720005222968e-01
-3.398085789428479941e-01
-8.891588120968225706e-01
-9.316252592211615724e-01
7.106544856860965709e-01
-4.025653419477157602e-01
-1.529237390375395300e-01
-3.308605772617065899e-01
9.149351439292583432e-01
6.982259268390511586e-01
-3.576078968776119638e-02
6.064751584851468813e-02
-7.363059676126870734e-02
-8.579224706180752502e-01
-4.922140610218908030e-01
8.107062837106413511e-01
-5.758699741511539294e-01
-2.327321598866431973e-01
8.358607839804021999e-02
6.614924952811687131e-01
5.053846369941472627e-01
9.074887577699355390e-01
-6.443968128219113023e-01
2.174983897339490824e-01
5.984931769249692834e-01
6.005646205820791561e-01
-9.108924289589428458e-01
-3.602719354230707882e-01
-6.010054117944525487e-01
8.457197379627936495e-01
-5.655703285085587062e-01
3.349741865374105121e-01
-3.362306488269803939e-01
9.774612621494720432e-01
-4.016922279306112120e-01
-9.364715504892742182e-01
7.373167655923957842e-01
