-9.854527581556093985e-01
-4.810063749881323680e-01
3.376243820637481186e-01
4.224640210875270085e-01
-8.252581628353101717e-01
-5.718133193224628208e-01
-8.471334894398965254e-01
6.561820076917899147e-01
-4.914211305192954793e-01
-3.346267099965865022e-01
-4.546996396094438175e-02
1.099243702110275223e-01
9.947238151232882242e-01
-5.519055414231455181e-01
-3.913060906542928929e-01
-8.693227698905883205e-01
-8.433210213258741650e-01
3.533455246854322329e-01
2.962117031468152195e-01
7.266229429052539768e-01
-8.074811079729449226e-02
-1.285703345684092724e-01
5.027563181290151118e-01
-2.522262713529617173e-01
6.109213018772967629e-01
-9.382726384274300280e-01
-7.888659403234892231e-01
6.959450740072408159e-01
-5.645222933500533280e-01
2.990272535766980155e-02
7.977637481266492969e-01
-4.729282105444667650e-01
-6.303195847009823716e-01
2.198921191767715388e-01
2.485044293668152715e-01
5.798826994975432303e-01
-9.296569327253398907e-01
-1.893502936971513950e-01
1.526409065414211508e-01
-7.624593945483872925e-01
-3.208213038445630882e-01
-2.254181704917297413e-01
-5.963606875581526356e-01
1.198446499931102860e-01
3.444366515792809391e-01
-5.338503872974231790e-01
-6.563955901916753710e-01
-2.423353161786443444e-01
4.156585322980066444e-02
3.061223245200030973e-01
-8.083188241039078736e-01
-7.829911474167812191e-01
-4.137424243810516877e-02
-5.827655125773203437e-01
9.862505193815860327e-01
3.188791555641383724e-01
-2.503247990490353736e-02
6.023300513743334861e-03
-2.089059940259800907e-01
3.468445039128533747e-01
-6.923610600196614673e-01
-1.388220353206375268e-01
7.814752317093431877e-01
-4.961404269828977309e-01
6.380372665738678339e-01
-2.382827194078604993e-01
-3.783066417437472850e-01
-7.461140908290653240e-01
-3.832993015962276040e-01
2.201327186702788374e-01
2.737349671831594833e-01
-1.794262741633683156e-01
-6.508074034695161547e-01
9.637592789012334737e-01
-8.221222400273910935e-01
-7.635960387505047464e-01
9.829003896330965606e-01
4.652603609001815244e-02
-6.896481223411283779e-01
-5.828742424690283030e-01
-4.525818692359018236e-01
-9.462073444785983334e-01
1.019678745144021459e-01
-4.335402076346579481e-01
9.855335466455519278e-01
-7.540609147301327031e-01
-7.385822166019622159e-01
-4.407372811858987216e-01
-7.838588187042541122e-01
-5.145353664519787262e-01
-1.126458609387419596e-01
2.382605111661728614e-02
6.460672737853414560e-01
-1.382317757862314700e-01
3.791946624648101505e-03
-5.760929012083453316e-01
5.525267695375717381e-01
6.799996455622190350e-01
-6.168796091541870474e-01
3.409289458309285870e-01
9.142085214439283902e-01
3.972632432939255942e-01
-6.384562602596641767e-01
-5.692102207368676670e-01
-3.640208686768400259e-01
2.139478375929941834e-01
-8.886795057784195873e-01
-6.514328719775381860e-01
-6.463737051653333232e-01
-4.598919518943764828e-01
7.011482295365147888e-01
8.378419269738575093e-01
-3.237744854561568353e-01
8.162462640227996502e-01
-2.907274554898799934e-01
2.883413286944036535e-01
-2.060336873059898100e-01
-1.029617316977702313e-01
1.617474589365508475e-01
5.169981685535998128e-01
3.113263765231022440e-02
-1.503134011926843261e-01
7.415901198832715036e-01
-4.942586985897574614e-01
-1.517113737374404803e-01
1.840709240361524390e-01
-6.246200288136294354e-02
-8.271965586911524948e-01
9.197744675635046718e-01
4.081258047850959692e-01
9.240222630384498093e-01
3.661165522191796029e-01
-7.093987921601339064e-01
-1.565746592348991051e-01
-8.022486803594808258e-02
4.819961961475187628e-01
2.391665826598003974e-01
-3.034783716958437960e-01
9.533467638272075106e-01
3.843004557470746096e-01
1.779069317616965851e-01
3.347676696345514014e-01
-2.304525808930908415e-01
-4.451459557461858729e-01
5.030432766452594961e-01
5.053058218889070474e-01
3.990782228271632093e-01
4.596720923307162643e-01
9.014728928541608788e-01
-3.106841722727353705e-01
3.728334935867860800e-01
3.479993324502934637e-01
-9.611333426349979447e-01
6.288539870039100421e-01
-4.823593270303310199e-01
1.315872851787940334e-01
-9.155193104858112552e-01
-7.092363441406208668e-01
-9.774997979529942427e-02
3.463696702471557032e-01
-3.139599008676019487e-01
7.766475044527680893e-01
6.230555909294355210e-02
8.319148640185818344e-01
7.148864657065510109e-01
1.907913172807669255e-01
-8.275793826260677832e-01
-3.590321705866013069e-01
2.925205467737319598e-01
8.428426599858784840e-01
-5.062156202717813525e-01
-7.086105357575793739e-01
-8.323373891059171470e-01
-7.808824745991327365e-01
2.640776152945385480e-01
-9.399508931996980454e-01
-8.770080976303025189e-01
4.410987079511583531e-01
3.862248440839444186e-01
-3.149051038209846887e-01
-2.198141605591561465e-01
-5.838268089549605300e-01
-5.083193663629614889e-01
-2.364975862229641290e-01
5.471601458391366357e-01
7.970629650174636538e-01
-5.029567728335573307e-01
-4.983916241477559517e-01
9.865933634771728578e-01
-9.925527036027166350e-01
9.395909561673223553e-01
6.653444438145681428e-01
-5.869033862358863374e-01
-3.432799673204940394e-01
5.960144943594671840e-01
-4.618612131547008559e-01
2.624762283252399797e-01
2.847768710158422589e-01
-4.713969900272456659e-01
2.451936427931173945e-01
-5.143583902541513098e-01
-2.147997079558676692e-01
9.008454245666390747e-01
6.306212970501818837e-01
6.364983594091306873e-01
4.722410629069704324e-01
3.760525592485870483e-01
6.563084427529728426e-01
-2.161053814141051799e-01
-5.078781106941259171e-01
7.951020209126957727e-01
-7.026352049193418381e-01
-8.773921798109600712e-01
4.509706591414963661e-01
-6.205417742114254231e-01
-2.603348980054311923e-01
-3.649660211839005353e-01
3.408364572166622253e-01
5.002153136441589432e-02
-7.326185206239661518e-01
1.318792673908033564e-01
3.577022445738706757e-01
-9.840458129810292220e-02
-6.130149603055270457e-01
-3.523010829729682492e-01
-9.515866519868785289e-01
1.989389891165065372e-01
5.479942164724147524e-01
5.921064557328081790e-01
-8.260165675240933592e-01
-3.951063461982189384e-01
-5.893975322659623650e-01
4.818945821691769105e-01
4.924941490031868874e-01
-2.770727658816471983e-01
-5.068261004255008029e-01
-4.622329227730372914e-01
2.872969827785727404e-01
7.174989245511815827e-01
-5.138506287920252547e-02
-6.159586470594269336e-02
-3.670455465358324343e-01
-7.142990557689965492e-02
9.943624779555091386e-01
-2.372631238092177686e-01
-3.988621021599654259e-01
-1.656755295637581948e-01
4.706050402048418402e-01
8.424780854799727159e-01
-1.518620496289366795e-01
-7.923179155230752890e-01
-5.446413883376048926e-01
3.902864518808215610e-01
-9.008262959974673301e-01
5.505784944868148401e-01
5.790957455927867592e-01
7.095518798714262054e-01
3.197677716408442450e-02
4.805234099887996102e-01
2.541283168629335787e-01
-7.738371315378713700e-01
-6.302779762725161383e-01
3.019793317238170793e-01
9.572005913263379462e-01
-5.885427497352491155e-01
