-9.835561274975832546e-01
6.757953621854173587e-01
-2.175877270317949641e-01
-2.688284440512360707e-01
5.958165276686271383e-01
7.216442026602791771e-01
4.189334893266871696e-01
8.844383023678643596e-01
5.206950969806900531e-02
2.011831541838600135e-01
9.314405575753448296e-02
6.568448632673689058e-01
5.741438990481739779e-03
4.267922544044415734e-01
8.267799143290681663e-01
-9.923167383373800998e-01
-3.934165990509184141e-01
-3.914082921849146857e-01
2.313086338348300242e-01
9.339644063920153894e-01
3.469420409502581570e-01
-3.158776650133410246e-01
-1.781274986235887869e-01
-2.380451048939697944e-01
-5.493156621139467788e-01
6.822155228159549889e-01
-9.339796188634814644e-01
-6.166623508262469855e-03
4.095433310071776578e-01
3.313873815410375290e-01
2.064735532182981892e-02
4.980448822900989114e-01
6.654577203441718325e-01
-8.164431647085335086e-01
6.703257903239114857e-01
-9.371533588438232254e-01
-2.201293847232104195e-01
-4.611568097435736480e-01
5.006863248673201205e-01
-1.027231947421356484e-01
-1.956924649065814314e-01
-8.785370596877972726e-01
9.278321579347690307e-01
-2.816796593773023272e-01
8.484408598204058460e-01
2.404860647360236303e-01
-7.289177678920357728e-01
2.265590818546714402e-01
3.741487699894447960e-01
9.376009857086462507e-01
-3.710302202182118592e-01
-3.268710684089115581e-01
-4.299953417177715398e-01
-2.317496736688147152e-01
-3.040651441135036048e-01
-4.122574972674142302e-02
-9.936034943294087540e-01
7.286829136404606722e-01
6.545695692012509781e-01
1.717380835718052001e-01
5.707491644393598573e-01
6.689914356953516883e-01
-7.622948360210335395e-02
2.719081317590608116e-01
-5.158332568926400352e-01
-7.046926730870379796e-01
-4.283151609708575336e-01
-2.599310204795131085e-01
-1.589117660252501452e-01
-1.083992533120514690e-01
-7.252117269592330828e-01
6.796326157311702865e-01
-2.605861489206025006e-01
-1.178291394671486803e-01
3.586589104469133371e-01
1.122127465159570292e-01
-2.254307514349789265e-01
6.591439798262559435e-01
4.876489393642036152e-01
3.426150237593343917e-01
-8.109711629992042425e-01
2.700117871257829982e-01
5.020787574507812323e-02
2.618524056677908884e-01
-3.986021806318478244e-01
4.214399242308644045e-01
-2.681663010381019063e-01
-8.447450234676967540e-03
-6.440425626162706862e-01
-4.200887216360451593e-01
-8.807246219148534561e-01
-8.304875098331465644e-02
-2.409969330438070934e-01
6.924004362293345594e-03
-2.817970347065650305e-01
2.494866300076348242e-01
-9.388079515378167095e-02
-9.763728702784590929e-02
5.439987248702591316e-01
-5.626958248292244225e-01
6.645938072259029994e-01
9.708325073121522042e-01
6.780661688819302757e-01
-1.505327155966451613e-01
-1.810773208254370381e-01
-5.339038646472271665e-02
-8.137891277763953379e-01
4.290253153235994432e-01
-8.779593017999682836e-01
1.819095053436250442e-01
-7.122383004103967075e-01
-4.113991319931569191e-01
-5.129958655939099721e-01
-4.100984012351520658e-01
2.399309051376841140e-01
-7.955135561521280430e-01
2.830851180858551253e-01
9.731481716688776817e-01
-4.115887866652803151e-01
9.227497404690809812e-01
-7.735089725738841793e-02
-5.061657203773162195e-02
-6.735668380457613402e-01
-2.590603001066089650e-01
4.656304749441189106e-01
7.652968306688692213e-01
-7.333898076135381139e-01
7.076627035896088103e-02
6.862264710159684533e-01
-2.592385194885316047e-02
-7.237912439792371089e-01
-3.775993766403786811e-01
2.283780949650093817e-04
-8.082594461136534125e-01
6.312697537265465897e-02
-7.137692991706059420e-01
-6.971482990563109272e-01
1.437936136424204925e-01
-1.838118185320751774e-01
6.479058041727152606e-01
-5.766557474169613506e-01
-6.679650567922501558e-02
-2.816222600701436818e-01
1.844954620441037196e-01
-8.240136492378293820e-01
7.857848703474308305e-01
3.233218271278137657e-01
9.466825065422757035e-01
-1.585530377459936080e-01
9.021057557582212727e-01
-6.780125063391895246e-01
7.230453181163183363e-01
-1.033054914495670218e-01
9.734994622195720648e-01
-6.344788609884877140e-01
5.087001980726968409e-01
6.702482436487180451e-01
9.897744314867897852e-01
-3.257997046767080462e-01
1.284757635443782853e-01
6.180629957314847100e-01
-8.301492776213492686e-01
4.209077250115529356e-01
-4.256398574493232001e-01
-6.437088249874596269e-01
-2.869444853368166015e-01
3.715915531397790961e-01
-8.331963657166421289e-01
5.711781832473501463e-01
2.703286519804892762e-02
-6.438040606904664731e-01
2.368789887588333976e-01
5.297468755563101706e-01
-3.015303110748028814e-01
-2.537871809061538197e-01
9.378968725485665736e-01
1.028870600052396167e-01
-9.283798057611614141e-01
-6.534849763720471660e-01
9.784962427743837399e-01
-3.401523837243456416e-01
4.648888270232072184e-01
6.976949285487907826e-01
6.436310652281649336e-01
8.540571098154365881e-01
-5.286593726448007846e-01
-6.113498590034969205e-01
4.298358374527686543e-01
-8.779978532643553102e-01
-9.121743843713978617e-01
-5.898673107816176930e-01
8.915963602225813744e-01
-5.535490349728453552e-01
-1.503048670071311932e-01
1.355383980276549938e-01
6.205468629821302429e-01
8.332473549701546744e-02
9.133998215155669786e-01
-7.234444981998500168e-01
-4.334472163161950942e-01
-1.851750852737124031e-01
4.270838199078565989e-01
-4.155670252225218686e-01
5.937417109839098206e-01
8.647928231449164560e-01
3.842314891131042298e-01
-2.176106065286291802e-01
7.554780825668776512e-01
9.403420075886408380e-01
-8.502560178685381054e-02
2.565608191922974513e-02
2.205730351450769788e-01
7.046315286461763971e-01
3.397582945127071152e-01
-7.618198098561210774e-01
1.972198269180129859e-01
5.209545282654641785e-01
-2.641253544691566368e-01
-7.967187182061439277e-01
1.567621383940442925e-01
6.622707944362260513e-02
-6.302444066655650268e-01
-5.746669168375215797e-01
9.140763634539676996e-01
-7.467282644123813817e-01
-5.574183654516811082e-01
7.780618395285356925e-01
-1.469167347893207687e-01
1.808849585457952269e-01
-9.871145825996094914e-01
5.549196145534662783e-02
-6.613619400825314631e-01
2.262818327128226503e-01
-7.626747638046498246e-01
9.039130071289438462e-01
-8.632482118210882405e-01
5.917939017074096419e-01
-7.616589008356520196e-01
5.641594828643128334e-01
-2.541071439911646301e-01
-2.439009013007731319e-01
-5.669913858156969688e-01
4.994452135506897150e-01
6.291959811029492755e-01
-9.531464048031714764e-01
-4.307834762324622702e-01
-4.616415545262086972e-01
6.092178241925905180e-01
2.443541847302694858e-01
1.025204066421439020e-01
-5.593757242017662890e-01
6.177025528280566391e-02
6.878287873913646600e-02
8.227322345559202610e-01
1.774536942281947915e-01
-3.711405292699652136e-01
-2.241547571711710596e-01
-1.226072725500282345e-02
7.863294740822750484e-01
-9.570801227209257966e-01
-2.989186846211020487e-01
-6.965354435912631814e-01
-5.436312881880933645e-02
-3.806734923458909847e-01
4.507333967701656618e-01
