9.026460067391601783e-01
-8.622056709565224519e-01
-3.481129492716670271e-01
7.732570895847423742e-02
6.363561060817208848e-01
-7.783201900754384006e-01
1.758365936871997270e-02
-6.608007955983885573e-01
8.534077966025181983e-01
-3.270991745544811202e-01
-4.193857768148103737e-01
-2.821671820807911679e-01
-1.177557676614529036e-01
-4.930559518561761223e-01
-7.196861886700944844e-02
7.531178005703176304e-02
4.475980891507016501e-01
7.686336061250877982e-01
-8.238229242871353275e-01
-9.574880294677010628e-01
-8.555957164302188112e-01
4.212158154471425942e-01
7.212952211007841452e-01
8.986449532394447104e-01
-6.015240087227802235e-01
-2.338877146105702298e-01
-2.675852264966989136e-01
-2.548127630208116834e-01
-1.145643043212629664e-01
1.012805310701201389e-01
-5.013402710671976958e-01
6.000383322751312587e-01
-9.414168260949027367e-01
9.258647274273101857e-01
3.360601591872318661e-01
-9.443856870791746960e-01
-9.115754471717174567e-02
-4.783681263458627875e-01
-7.720599763462145937e-01
-4.743075670127698817e-01
-8.271057694131731530e-01
5.204189790492952383e-02
-6.217542193250975568e-01
-3.710287952707425063e-01
9.986201527949083445e-01
8.719836455001541697e-01
5.440550890129134398e-01
6.373839249390713668e-01
-2.444473646184801563e-01
4.611644414382081170e-01
-3.582014628127152545e-01
4.676946362963105841e-01
3.118228539213878658e-01
-5.262981189706004148e-01
7.644496039562629353e-01
8.029582048896333202e-01
5.340281579560088865e-01
-7.824837790986098884e-01
-5.863140531853472392e-01
-2.174487632425143868e-01
-2.311985713884499027e-01
3.638860103375702870e-01
9.603401622485767675e-01
8.289694818591464287e-01
-4.075983286788107396e-01
-7.522572233402902153e-01
-4.196642590097821035e-01
2.472244426505765258e-01
-3.948514325260554791e-01
7.492980915930713692e-01
9.963997960193482495e-01
-9.517302811318866240e-01
-9.818237362214874420e-01
9.095313441439101254e-01
-8.482778558609687103e-01
8.941870255162516212e-01
-3.022097480668404224e-01
-2.554608087726062404e-01
-6.168004914531854954e-01
5.008089000425148818e-01
3.594129745570888712e-01
2.824379716960248032e-01
2.629259562345880319e-01
5.383971553532065357e-01
-2.110988991202118470e-01
-5.463482086611215482e-01
-3.383666384881673928e-01
8.412888964132028136e-01
9.305655394276295400e-01
-7.180922578399753231e-01
2.927880086645375801e-01
-4.127507936672873967e-01
5.922249707302209565e-01
-9.481049812472552851e-01
-8.987440289998547271e-01
2.112780570052721352e-01
-4.050095431114215661e-01
5.136323544425331900e-01
3.254901487660726289e-01
9.821590850191801447e-01
-1.532301416304091557e-01
-3.388429267534724953e-01
-4.043748022378008677e-01
1.456810034600652948e-01
6.767002678812028549e-01
-6.200874935298732460e-01
-4.748516440273247152e-01
-6.308233981492594733e-01
7.176576761440625063e-01
5.655446068672795867e-01
9.060176255165024450e-01
4.043023654509374509e-01
4.811181895695841870e-01
-3.785751255311891050e-01
4.991982554323981525e-02
6.448331535100708667e-01
-3.877779153726832462e-01
-4.308405782059159250e-01
-1.449086940108244015e-01
-6.264196132306067977e-01
-2.153405467499565074e-01
4.604980169190240336e-01
8.421428735695306589e-01
-5.553431448597054843e-01
-7.301684316547276676e-01
7.897812856432508966e-01
5.036695569135065664e-01
-6.377159633545173012e-01
-7.447197449313860407e-01
-1.176350382225384017e-01
-2.612273701617424670e-01
-2.123182589864958114e-01
2.960903602953879332e-01
9.662670649767097775e-01
8.346691036371625128e-01
-7.954335692358536214e-01
-5.928193811227766563e-01
-5.911902391041274907e-01
6.637377241542083972e-01
7.108653621220888397e-01
6.675178085881430246e-01
1.720860928054710470e-01
-1.328810934062525373e-01
4.503515602539733820e-01
-6.135644214867674862e-03
-7.901063628790476745e-01
4.329358327738523915e-01
8.909741023397881321e-01
6.463175484131031823e-01
4.495158756764170427e-01
-4.995488775404315351e-01
-4.708269777603428796e-01
2.812308952065203371e-01
7.315887028382763724e-01
-6.863616605297129247e-02
-5.155740353144526722e-01
6.841051483568243441e-01
-1.077954386975152890e-01
-4.871280420099943775e-02
-5.687665337645542163e-01
-1.559102658563809030e-01
-6.633200160470420492e-01
5.610544704968498664e-01
4.514167610552310972e-01
7.285628095768947876e-01
-5.460483051275222266e-02
9.147663928118838772e-01
-4.546577398319642249e-01
-1.483374483147656964e-01
8.826560148056228350e-02
-3.439916998792336145e-02
8.590983481893137430e-01
-9.907206385175189034e-01
-6.395140865709247890e-03
-8.051099723379779860e-01
-9.325600683462691443e-01
7.274333376505142112e-01
-6.680129082071462054e-01
-2.082811179557495507e-01
-7.599588357797451010e-01
2.028636994625994117e-01
-6.926751902942021033e-01
-1.597165975521104286e-01
9.939411298465390399e-01
-2.553974013501094653e-01
-6.356786528894999844e-01
5.706693778006366458e-03
-5.067985280435487461e-01
3.029953657196098327e-01
7.886896187904550715e-01
-9.428699784535541362e-01
-4.493704842616619288e-01
2.990373270227353331e-02
-6.783071327996263999e-01
1.557408608215962165e-01
8.158814087259860237e-01
2.449904674685932093e-01
3.844644079616592602e-01
7.569813571371197813e-01
7.441923011573809976e-01
9.710356460274454093e-01
5.307089124729276186e-01
-7.175858123301521729e-01
-7.662407715851349277e-01
8.979954816685640218e-01
6.819746635738253016e-01
5.296372088832042024e-01
9.387910750334116372e-02
3.909964746389984480e-01
4.602385811433586937e-01
-8.526255545706613592e-01
-8.333194783700610397e-01
3.467672531493430910e-01
-3.397784932428682403e-02
-6.480326576673633987e-02
6.861004722890167162e-01
5.047346174794951068e-01
-1.417636706164391303e-01
9.155259129252051320e-01
2.362274456460244920e-02
-5.050849619599535600e-01
5.585045997388569106e-01
5.090771241576830253e-01
1.904404445196987705e-01
-8.347810423204911068e-01
-1.618720215497766457e-01
3.572570856625840729e-01
-3.572556186698290226e-01
-3.379836672888592020e-01
-6.850332345319518623e-01
-1.394640977536436566e-01
-2.780752014311140830e-01
9.828005747514076962e-01
-5.332584525082140203e-01
-7.666262368577614339e-01
6.727476103371152760e-01
9.658205286518435351e-01
2.466467379571302132e-02
-4.052625194171206591e-01
-3.093528614437055513e-01
8.920402861638385694e-01
7.083220568261916483e-01
2.015767233073670894e-01
-2.080964701401044614e-01
2.267679315405128904e-01
-7.990311587010574534e-01
-8.433242323110365923e-01
9.686939621383405807e-02
7.689572171765914899e-01
-9.141417715042776670e-02
4.722807682282657016e-01
5.177424369285481554e-01
4.627313321479069597e-01
8.948382899036539939e-01
-9.014734262294963330e-01
-9.804427455077628917e-01
-1.368840359107099669e-01
1.846901641115379356e-01
6.501234104917446022e-01
2.932457732794881977e-01
6.093862132080873906e-02
-1.338238844820525131e-01
7.046557116382268227e-01
6.791808553925182679e-01
-1.551232322444506817e-01
