4.717935914399196129e-01
-9.531803532638245535e-01
-5.975548610150578366e-01
-8.358196381103866202e-02
9.139628492443783170e-01
-4.178578772014780451e-01
5.361368449809409409e-01
4.032673373161179686e-01
8.338641077629525000e-01
-7.876163521632062459e-01
5.355122136471792693e-01
-5.373202269085242122e-02
2.009065177463575935e-02
-7.544311317970444630e-01
9.866314378263632001e-01
-3.858181076232087836e-01
-8.450418972855284760e-01
-4.433731116777068770e-01
8.734511913800437899e-01
-8.504474261838008697e-01
-9.834419291702387600e-01
5.515630273016021157e-01
4.898731460943166471e-01
7.225357782443653232e-01
5.343022876223577633e-01
6.423868715294431819e-01
-5.541588767591019149e-01
-7.831556064098037506e-01
6.650929086677030977e-01
-3.344102271496360856e-01
9.428505355081133743e-01
7.943310660586904159e-01
-3.381821415311900836e-01
-4.300975832661175779e-01
-9.250127952797988495e-01
-4.650160578956175073e-04
3.176730667598508528e-01
-2.290435281805229817e-01
8.362000647648839546e-01
2.116391079618515914e-01
2.113269222021554317e-01
-5.484995196961244268e-01
-1.480690725700120058e-01
4.776725568949669043e-01
-2.221351192089717763e-01
-2.610848587776197771e-01
3.377938349861548950e-01
7.598331822347903497e-02
-3.955620648437241371e-03
-2.911447567692706517e-01
-2.647547727317716149e-01
-1.244251827094944307e-01
3.292651039274896441e-02
-5.583789099337155282e-01
3.969025439062456861e-02
-8.884667119281288716e-01
-7.604677671210782197e-01
-7.169284321173485797e-01
9.480312094930969380e-01
6.013802796796494654e-01
9.119735825290711251e-01
7.240819891072749481e-01
-5.753971486548414838e-02
-9.585440051296134634e-01
4.836133350761671057e-01
7.933667171152014586e-01
-5.010036397560750920e-01
-5.573898280784450598e-01
2.046262168789880764e-01
2.874865285380738822e-01
4.748639573707151840e-01
-6.016757424288263767e-01
-4.145025918686520150e-01
1.042551483949378799e-01
5.265260610187170176e-01
-9.900654846937839704e-01
-2.884989117953182802e-01
3.359835634868706400e-01
2.826631011993656628e-01
9.699671388875472644e-01
-9.933087334521195633e-01
8.442650067777046630e-02
-9.294413627533937294e-02
-7.480515631771993412e-01
5.297272486493413979e-01
-3.102196949431745843e-01
-3.729445118923999658e-01
-7.316500365141043183e-02
-5.432745941259602418e-01
8.417751628099505723e-01
3.839709666990172021e-01
-5.619868011186524015e-02
-7.986074520649033559e-02
-3.962546335576258016e-01
3.604209394472317474e-01
4.160671862419385025e-01
-4.594780540841092442e-01
-3.761512702930065455e-01
-3.178544459145835610e-01
-3.261179834253171705e-01
-6.119357071094617684e-01
-5.053771240167537204e-01
4.041247569489798686e-01
-9.365622645115874167e-01
-5.460569474686716163e-01
-4.595307340327974277e-01
-8.164034056359732450e-01
1.900120668918461320e-01
7.169987323618614017e-01
-5.467773053912823311e-01
-3.973465222639080974e-01
-3.167926159667870945e-01
-2.581984381158324293e-01
5.812869343421278590e-01
-6.508371083936852486e-01
7.811108218564390970e-01
7.880182297788109747e-01
8.769882152180417112e-01
6.980906312398940106e-01
-5.213067741928689713e-02
8.811355575593955436e-01
-7.739054165662211382e-01
9.513076905349227008e-01
-2.999587869816715546e-01
-4.693908370042918499e-01
-6.037949569558900276e-01
6.371323564085356050e-01
6.289000869378713610e-02
7.960654756410390220e-02
-9.453299687609748592e-01
-6.105486711942114120e-01
-4.751355273724811035e-01
-8.011321622203504411e-01
7.949916284166789193e-01
-8.595612061684421157e-01
5.678899055884738534e-01
1.978529008483869145e-01
-4.157248077985473689e-01
-9.998869224889248564e-01
5.168491943341899653e-01
1.888428665150363450e-01
-1.944464009855131348e-01
1.161663335543619002e-01
-5.029293306286051202e-01
3.532176878176387369e-01
5.318024997798895814e-01
3.126823964584624083e-01
-6.987266646762209099e-01
-7.261538160911951145e-02
6.891339102334459454e-02
9.985377073487669009e-01
-7.566894726030080065e-01
2.908235887849426327e-01
-1.881599506827642543e-01
-7.422696663701087161e-01
5.675190808577399437e-01
-4.800537085864919895e-01
2.819735937285330341e-01
-9.714068501461208260e-01
9.076820477820441990e-01
6.843759093767576296e-01
-2.235684312694377063e-01
-7.956640736964137872e-01
7.317531757435757900e-01
-8.943043265295376187e-01
-7.028754371974232917e-02
-7.541370785999050863e-01
8.107802159434804867e-01
4.910753529898730374e-01
9.328448324551663617e-01
-1.155542528316630957e-01
-1.990378366074134764e-01
2.707512531625670960e-01
4.075470777296872349e-01
4.057709313072996871e-01
-1.156196991364921711e-01
3.813814927304950420e-01
9.734687832522423978e-01
8.897218689077273091e-01
5.585358874716530586e-01
6.142999668401913915e-01
5.643576919673856107e-01
4.714597656244325918e-01
9.664609179110208448e-01
-8.071369737675828659e-01
1.383222797062209075e-01
8.244870267962818300e-01
1.779580388576129657e-02
-4.399321349142022441e-01
5.448036241000580038e-01
4.482005322296309657e-01
-5.185175755245503559e-01
-7.537992428783968357e-01
6.044330181234724986e-01
-4.627844448365829866e-01
-8.338602747843628649e-01
5.708708553266688135e-01
-6.161612049282205739e-01
4.947821704640062990e-01
2.926934359145065834e-01
6.476958188572567998e-01
6.001599042221357205e-01
-2.307623255892210512e-01
-2.490881228077512777e-01
-4.225282418078846192e-03
9.813918859235977177e-01
-9.310971982441960115e-01
-9.258066132969946516e-01
-7.198795389894234731e-01
4.173362132792535206e-01
-7.743593692250110294e-01
-5.087895808426241562e-01
8.070784908975363603e-01
3.028861659395647443e-01
9.069841006604946188e-01
5.843711531617670207e-01
1.367214403096002062e-01
-2.080231045518132760e-03
8.125482308410649779e-01
5.375133528438151842e-01
-2.960815816819435398e-01
-6.426099857944147509e-01
8.143605918234508856e-02
6.011719325693605231e-01
-7.878820192187672156e-01
-6.241904205088610880e-02
6.635011731769404619e-01
-5.288871589566717102e-01
1.950633184147239074e-01
3.252175619756119129e-01
4.983472529545178720e-01
-9.629989090329957868e-01
3.835990096849828390e-02
4.080456406044188356e-01
-9.784461684701883932e-01
7.124710647156831111e-01
-2.131812715268899261e-02
-7.697912331608598446e-01
-6.204213752709972773e-01
-4.258469566749465418e-01
-3.155030348599074941e-01
-5.879819530702643515e-01
-7.237405407499799548e-01
-2.294684251099332606e-02
-7.231167322163865041e-01
-1.765926402182813604e-01
-2.285029917414487244e-01
-3.153768170457338371e-01
7.839561981555991377e-01
1.784088622347801412e-02
-1.395070882900673048e-02
6.844509854117568626e-01
9.199338677360850980e-01
-1.042839898037994928e-02
-3.876919278567931837e-01
9.939755619834222955e-02
1.184200185615735812e-01
3.312547880644809428e-01
-8.383987809047899198e-01
-5.775344798192996176e-01
-4.495083355881439591e-01
7.055429895525928696e-01
8.562326915564788532e-01
-1.635666792182641771e-01
-9.084803147474453944e-01
