-9.771138236929526322e-01
-9.091703428958073374e-01
-6.804384796134588242e-02
-8.618117067366477535e-01
1.918253618094727386e-01
1.327407525711399305e-01
5.682540955433565966e-01
-8.096712698958759002e-01
-5.000605308007000094e-01
5.812735430637641088e-01
-9.881309247249971950e-01
8.005852495626737397e-01
-2.245063159638160943e-01
-3.145524009476083904e-01
-2.681274847073586987e-01
2.140834109603984015e-01
-3.337898917021657752e-01
-4.439511923985526298e-01
-6.341223567169338438e-01
-3.753523725980847381e-01
5.318777322362815418e-01
-8.077401685415501742e-01
-5.214099979355735215e-02
9.901256163167346802e-01
-2.355839670498922622e-01
-2.648866854645433033e-01
9.610651847953917137e-01
-4.414018979932787801e-02
9.838308578271304228e-01
6.905015597544659212e-01
2.052339687264588264e-01
8.246908809667941043e-01
9.816362007957286639e-01
-5.729955908290054190e-01
-8.661254586105899822e-01
-3.551800252386254630e-01
-5.932360288238578416e-01
-9.200902610149799266e-01
-2.666631782196564604e-01
-4.097182843057178836e-02
-1.157241850746313361e-01
-7.989106084555579468e-01
4.011850032000339183e-01
-2.244946140298864634e-02
-8.179047736079010367e-01
-4.013777064887582569e-01
-9.829869871081560184e-01
-9.542706293981952914e-01
9.894400422913001147e-01
-7.897697649623254268e-01
-2.147959101985259522e-01
-9.784252859885720355e-01
7.429160265195255963e-01
-9.067747046366081420e-02
-2.152570758220533342e-01
4.116472511470661289e-01
-4.669020769367842050e-01
-4.859369973107896534e-02
6.422628143812003643e-02
6.812514266392311058e-01
-1.175009437521963296e-01
-4.427153553993568025e-02
7.379807421143267376e-01
1.727689242723580154e-01
-3.642269403177085252e-01
5.956014788652967962e-01
-9.360619245009595968e-01
-8.490381749893953778e-01
3.022949933643830356e-01
2.224618205181341235e-01
6.503459472912875849e-01
4.531142304163124912e-01
-5.431651938602819474e-01
-9.664154014037529272e-01
2.703748026994399201e-01
-1.984835984914374851e-01
1.473730294884496583e-01
5.771179652434492713e-01
-8.000471561919808572e-01
-7.998445684922079746e-01
-3.262580332505096159e-01
7.812221765222857606e-01
-9.868490230136162111e-01
-2.773723238589604900e-01
2.218218254211203888e-01
2.639797045714264989e-02
9.976797136264714538e-01
-8.993658250427940537e-01
7.799019145337795500e-01
9.019209679561046578e-02
-2.087955667082650457e-01
-3.057238034681353245e-01
1.139020898697165052e-01
-9.676851351665258782e-01
3.294817114061652230e-01
8.545081825926978958e-01
-2.591316485933838898e-01
-8.841356386941006118e-01
-4.284048669436124612e-01
-7.041033248978421089e-01
4.872257655967864309e-01
-3.154745010039956554e-01
2.192359335198770243e-01
9.830440640659454665e-02
3.950285148121133183e-01
8.594266055966266471e-01
-9.350056753611213356e-01
-4.878087431763327153e-01
6.070591749266065484e-01
7.013421064764209234e-01
-9.649618922629206175e-01
-3.127175260629970754e-01
9.491759048271819488e-01
-8.115450948331650594e-01
-6.229084032894769418e-01
-2.849322105866227695e-01
2.908362045768404514e-01
-6.991286347485587971e-01
-1.834415024396325311e-01
-2.916750770288198957e-01
1.824678764405747167e-01
6.345550571529701145e-02
6.340741642775986620e-01
9.059361567696080364e-01
7.841073084669216708e-01
8.058157148357183441e-01
-3.784465399274907771e-01
1.712663343644729164e-01
4.723268622684981821e-01
-8.856094995122831826e-02
-6.944581736386230553e-01
-4.480464697806936236e-01
9.668518728301993548e-01
-4.530902359586759243e-01
8.984130249147670444e-01
4.836439542608677034e-01
8.002106265350568126e-01
7.875957974980407617e-01
2.081605759887201756e-01
-3.070675679875374264e-01
4.067363538077894969e-01
-4.417858486153378728e-01
-5.487193582088538690e-01
4.760246241914574128e-01
-8.504400191500214312e-01
-5.703754053772946975e-02
2.169231872846482112e-01
-5.299793370245806656e-01
-5.246399411144517799e-01
8.713340375861950982e-01
8.100546489145687978e-01
1.275365446051517360e-01
-5.819279296468835572e-01
-7.540522046632764930e-01
1.461375878434949538e-01
9.327745866021903698e-01
5.872141273967830255e-01
-6.580460622014061567e-01
2.002938723626084272e-01
-9.051262996579583220e-01
5.193220786989147797e-01
-5.086992417664364385e-01
1.140047391880034677e-01
8.654104406575684472e-01
4.614877983258596217e-01
9.718117841793478817e-01
2.146885491430627901e-02
-7.188363906078198973e-01
-7.836917224826560613e-01
-8.643872918400359318e-01
-2.529555159854499635e-01
6.617123881715762934e-01
4.565505571533394757e-01
-6.300676753336611480e-01
-8.709423776273721440e-01
3.364704682435748495e-01
-2.048166398542592415e-01
-4.276995825076086444e-01
-8.688177389244355897e-01
4.143745577467692343e-01
-4.501480635498329441e-01
9.896672088850388960e-01
1.554113982696245788e-01
7.128563930335725107e-01
-1.032464483825035195e-01
4.747982317087486859e-01
3.456802138953860570e-01
-9.189114617840725696e-01
-2.598808270383541341e-01
7.189961494027643507e-01
8.097962731869710051e-01
-5.713852298402155583e-03
-5.461591395084932632e-01
-2.871560592677255830e-01
9.799410987367185299e-02
-5.660121287694777070e-01
5.561200211102754754e-01
-7.111548276713428596e-01
-9.232306878367759762e-01
-1.306992257348671416e-02
3.610421113082800115e-01
-7.165734189415666755e-01
6.184231525543797403e-01
2.908406394308513665e-01
3.307989748228885585e-01
-3.722862728396467702e-01
-4.951014737090742024e-02
-2.775611078251347674e-01
4.335744024975902722e-01
5.296830635390059605e-02
-7.055551389980736499e-01
-5.913802371473122488e-01
6.123918022009868789e-01
4.960230353019363658e-01
-3.366708330293681772e-01
4.469265644403681570e-01
-9.095544991342181529e-01
9.178829581224683398e-01
3.348371511762182617e-01
-8.007626535358756126e-01
6.073379197294730414e-01
-3.853057167896056789e-01
-2.361296942454023107e-01
8.979227098720572453e-01
2.201088359339609113e-01
1.869760203377901497e-02
-4.372586945272778358e-01
-6.299005861135182904e-01
-4.159059608095654337e-01
4.207577689856980552e-01
-2.118584556032068189e-01
-7.433269964732203139e-01
8.876187259297578791e-01
4.427568953419642739e-01
-9.326932449456628582e-01
6.263663000186265872e-01
-9.412058116194996771e-01
3.512824208083393795e-01
2.986871922076244079e-01
1.406310240853452243e-01
-4.586061525630036328e-01
-6.153289035919025096e-01
1.757345847890221524e-01
6.509174243367832347e-03
-6.053874788093194237e-01
-9.080789002246378860e-01
-8.379883369742175958e-01
6.227736878189087388e-01
4.487588121152477072e-01
5.500382435500599243e-01
6.824246296302176606e-01
9.713675626671809393e-01
3.728421796742176220e-01
8.013476183825980481e-01
1.888363391456095997e-01
6.150908367331804349e-01
6.982015397813194912e-01
-8.926279687706453192e-01
4.027696895768206886e-01
1.406282401622203082e-01
7.500614485320711289e-01
9.021926669045008396e-01
7.469419533179202375e-01
-5.924406155593273660e-01
9.056688836221729044e-01
