6.072269145152764391e-01
5.131166955314110378e-01
8.731194382086759909e-02
6.264367688678154078e-01
4.825965826085156785e-01
-7.977647810316690347e-02
7.950239099049978275e-01
-2.947168363679508740e-01
8.029476967093571727e-01
-7.467873505517672594e-01
-4.076634985411557999e-01
-4.792160170208228376e-01
-7.732975256701886124e-01
-7.662041842771756261e-01
5.522293696578894906e-01
-4.404824092717727346e-01
-2.333206711619575380e-01
5.904523159585037817e-01
2.649641806560913970e-01
2.340938353099186742e-01
-2.368858236967437136e-01
-1.525030719382736155e-01
-2.198106503511274568e-01
3.308038659356942190e-01
-3.645384517104830469e-01
-7.636998643060843861e-01
-8.304198814110601568e-01
7.764552789873753191e-01
8.058058810837536168e-01
-7.388143445779129515e-01
3.337369894928958747e-01
-7.018804205054700596e-01
2.202636237676875997e-01
-5.148714911706140374e-01
6.649861130611200988e-01
-2.518195800282467811e-01
-9.645820504161275455e-01
-7.832471982308608638e-01
-7.968596054330578937e-02
5.589784298479183455e-01
-3.872108188301526255e-03
-1.333660173371680191e-01
2.351050419436933048e-01
1.031005097929196257e-01
-5.387608516910238343e-01
6.133399586449879148e-01
6.680938662149704665e-01
4.857166413971099050e-01
-9.097975139714098436e-01
1.606135685313705430e-01
-2.180426080859465543e-02
1.731733871459661955e-01
2.017187534470883392e-01
-2.028403798471585251e-01
2.539059700200414493e-01
-9.827905191826225018e-01
3.311029194919352658e-01
1.249630056465642625e-01
8.429834811048571019e-01
5.390188987819179989e-01
9.879904171190831974e-01
7.466259241747164044e-01
3.675331380314050822e-01
1.847570993028397890e-01
-3.457720107637192175e-01
7.442103720540349521e-02
-5.943220631603975956e-01
9.906947138532740116e-01
5.206634147879862784e-01
-2.285595464674052835e-01
-4.542722900459561508e-01
-1.979104301593133108e-01
1.099379218362770416e-01
2.847169691050617235e-01
-3.842315216190139715e-02
-6.550843381336766136e-01
7.378370774835931734e-01
-8.010133778210748456e-01
8.727694647585739762e-01
9.799681021149049265e-01
9.292428411254070042e-01
-9.671396190573622320e-02
5.880726130805233876e-01
2.750100219135249713e-01
2.075678702256635866e-01
6.483685887743193543e-01
9.395082252818260926e-01
-2.082682196894207749e-01
-8.188697251849430536e-02
-7.360341085480965884e-01
-5.053253598385916145e-01
6.328813600680245344e-01
-5.983051886373469408e-01
7.654263776040199918e-01
5.818311450729656276e-01
4.536102372887997891e-01
-3.040265246318989423e-01
8.480566457234115507e-01
5.748428098712206058e-01
-3.919912261376192752e-01
-7.053241145604716156e-01
4.274580651160153622e-02
-3.918803503090848572e-01
-3.532576656509553992e-01
9.136200876375941693e-01
-7.024656324260905027e-01
-3.614626725024305820e-01
-2.825373530514041498e-01
3.513061792749667678e-01
6.139329635076615777e-01
-5.275495637047744601e-01
4.567358080143708587e-01
-8.057396142020063490e-01
3.567133149431305217e-01
-1.039472819553441951e-01
-8.259787050023614796e-02
-4.320619232018141354e-01
-7.915217128648255329e-01
-1.758936486202393734e-01
7.116976690179657172e-01
-2.668876950735445952e-01
4.489278103970693046e-01
-3.016688550812698377e-01
-1.190651039079817508e-01
9.088336411954576199e-01
6.064510929197135525e-01
6.201729523019474666e-01
-4.606357809781447266e-01
-2.613024554537248800e-01
7.190504291684609584e-01
3.437998672964694968e-01
1.383932553971622958e-02
-4.829693456292003528e-01
-2.276697507641305407e-01
-2.708899490779113073e-01
-3.621737000722191624e-02
7.458391554413097424e-01
9.355352323222831945e-01
1.719030649609543104e-02
-9.483351677180624772e-01
4.552210013223079166e-01
7.263727922853708829e-01
-6.829848144155370449e-01
-4.603974766785405848e-01
-6.816182299764983465e-01
4.889218512564703634e-01
5.104902014703149860e-01
-6.971452856287507771e-01
-7.530182426417617592e-01
9.732551143437886410e-01
7.804920115541771342e-01
-3.021322156008894311e-01
-4.025748989159156910e-01
9.930080846084043955e-03
-2.528706094400692272e-01
5.919766941040838226e-02
-5.747512551897069333e-01
-7.477950249733795740e-01
4.873275725579067075e-01
1.066045440647918063e-01
-9.996346692984123816e-01
9.011285917701576942e-01
8.061284636769627809e-01
-8.585081684940150115e-01
-3.255013207522816643e-02
-7.908619358114510334e-01
6.407005669235690259e-01
-9.989246842688399575e-01
4.788732052891437885e-01
5.667230109981602482e-03
7.441854553443989495e-01
-3.517299463140970417e-01
-2.302409747058282719e-01
-1.463372402724696375e-01
3.127109473070557311e-01
1.670107586207187911e-01
9.082857321180584087e-01
2.053003138744597944e-01
-6.827767078219040275e-01
7.969387467124280366e-01
8.408186340974366235e-01
6.426584593461628359e-01
7.443976230043387599e-01
6.739965772636500319e-01
5.526317986170767860e-01
2.074094943886182207e-01
1.728616497521375805e-01
-1.234101803509308759e-01
-6.434128843846091961e-01
-9.808661913059848469e-01
8.628519435498245294e-01
-8.164643167448020211e-01
3.987387932496877507e-01
-6.289080468565013682e-01
1.514391990680548084e-01
5.811614830167277646e-02
4.732330124959973627e-01
8.821841614328729264e-01
8.030631224949262847e-01
-1.813478246445650033e-01
2.786111232971024698e-01
-3.106219382025199316e-01
7.705447995556500285e-01
4.831561137275175444e-01
-6.812428527721565708e-01
-1.776685220506735163e-02
-1.565446533300134391e-01
-9.083213885757903672e-01
-9.006789999479425379e-01
2.859469545978812199e-01
-9.631081099760281372e-01
3.939593593174883779e-02
8.118985387488319994e-01
8.887963933815410389e-01
-4.356793021531293331e-01
-6.748376301271179489e-01
-9.629558545068672704e-01
9.911982768023841484e-01
-7.526156046482350703e-01
-8.984915324876634468e-01
-4.096524833495533979e-01
5.945392305828212098e-01
-5.928148561152821738e-01
-3.833722671971380169e-01
8.574584362488744116e-01
-7.015082325386270412e-01
-2.130264734811626592e-01
-4.114914754780625294e-01
-9.107480835004093667e-01
6.881208258573987546e-01
-7.834360852982151791e-01
1.748050611432527823e-02
-9.151652652045219050e-01
5.602190854517534735e-01
-3.252872430882565169e-01
-2.616813495097061182e-01
4.880907455733334288e-01
8.638772070385911661e-01
4.975520003875071318e-01
9.143437791203679055e-02
7.199344109636673927e-02
9.020591097589825136e-01
5.741840881838349286e-01
-1.166390848655094459e-01
4.935160497052466511e-01
-2.362639561846435754e-01
-2.951234513361213896e-01
4.322939023494727362e-01
9.835701585896308163e-01
-4.915101710517499889e-01
3.027410932871008598e-01
4.694481025237651206e-01
5.052563762743218501e-01
9.877284867021713932e-01
4.845852319559385002e-01
-6.159927676796981277e-01
6.023446795519420416e-01
-4.490435367221787821e-01
4.304299345600450799e-01
-5.159391893094316117e-01
-1.526753341084339244e-01
-9.379913020373538135e-01
-2.498161126873885696e-01
-7.988464077719992229e-01
3.201903671389045858e-01
