9.166256380961654848e-01
-3.400537766488325175e-01
2.837346287927695609e-01
-3.923212404487181892e-01
-5.046652017803454626e-02
3.064267654960761700e-01
8.157781484490358448e-01
6.258205046719034215e-03
7.680431201930568719e-01
5.590100133829245532e-01
9.201180911262027973e-01
-8.496038122940845483e-01
-4.471201696468447562e-01
4.730987421223791234e-01
2.876626701386193474e-01
3.291566231819149646e-01
1.857628535546480553e-01
-1.336390006334948755e-01
9.971320715879785634e-01
-2.412423138652168841e-01
-5.236655334147932717e-01
-5.176074172145099794e-01
-2.804891362971937419e-01
7.150698761853047092e-01
5.819234922765141871e-01
7.213856452465241542e-01
7.175002846095916986e-01
-5.324185857247192288e-01
6.633954080159205624e-01
2.342249532609606000e-01
-5.591101435020213728e-01
-8.142154940520973661e-02
-6.489981887691120832e-01
-6.701095295525758555e-01
3.167916347530324028e-01
-7.535965258712236103e-01
1.028932096156887077e-02
-8.117581943607388162e-02
4.765635071291260960e-01
6.771455377443833523e-01
-7.560824709704550006e-01
-7.941320270767813216e-01
1.507842013710334328e-01
-7.390861179223617849e-01
-5.342235078512544977e-01
5.021113834850821078e-03
-8.618313208035470740e-01
-6.333583321963398571e-01
5.432304759664816629e-01
-2.774958245734695517e-01
6.502247853942892952e-01
-1.785628624810615683e-01
-8.351564871426779835e-01
4.557306358079271646e-01
1.461750631689651136e-02
3.793564352015532659e-01
-8.521677697750791314e-01
-7.809508415332699904e-01
5.018492899406055141e-01
1.418706312524442570e-01
-1.828372478445023930e-01
7.794244156895915321e-01
5.999428082827451547e-01
-1.672975733694337386e-02
-4.457908209335619265e-01
5.030964114629747908e-01
3.758505647808085826e-01
2.102752684557638307e-01
-9.338115927203716193e-01
5.565208792566589402e-01
-1.877595481741927141e-01
-8.958514993955775108e-01
-5.435096806193280283e-01
3.484726904503316902e-01
-7.521948875552642022e-02
7.842608548094602838e-01
-6.263738955010360598e-01
8.162180612482783371e-01
-5.300918013972633069e-02
-8.062095248247109769e-01
-7.764132801258072369e-01
8.515701724409070472e-01
-4.140265079549036997e-01
8.360167037314507610e-01
7.947026688757727886e-01
-5.665139122716722486e-01
8.420694972624520602e-01
-9.548841869953008654e-01
3.623447284954772751e-01
5.815407131608287816e-01
7.799124110718946845e-01
-4.709325679150055954e-02
1.286308687964763386e-01
3.175625433051205704e-01
-4.699137472748735611e-01
-7.233497156613355461e-01
-4.351737112113818196e-01
-5.325110038677998148e-01
2.826295807420753370e-02
9.948326399524194397e-01
-4.053306286007407611e-01
-6.402832155907607348e-01
-2.307507889296536163e-01
-9.397015239964019440e-01
8.505265205635168524e-01
-1.093434175256196017e-01
-6.145038368455393307e-01
8.152711005285084855e-01
4.665460630379034690e-01
8.519543228839341342e-01
1.128052943324127089e-01
1.110706495806790262e-01
6.067591886099688026e-01
-9.415497478824246258e-01
-7.862842195868355866e-01
-6.969596381072846736e-01
9.310472451473543742e-01
4.081443557505755049e-01
-4.288834409090080957e-01
-6.650948777562768477e-01
-8.779909660047986453e-01
1.772128551983296330e-01
4.403252592571080815e-01
5.003473145383243725e-01
-9.634794740642604882e-01
-8.685902882564817684e-01
-3.875817577555134008e-01
-3.880738455603709447e-01
4.730290163895372046e-01
2.638510484408591594e-01
8.715620624045532505e-01
-1.462019926217115184e-01
9.346651820453766302e-01
-5.373815448708798570e-01
7.615144955927806159e-01
-7.954635611613225521e-02
2.687841206478931433e-01
6.682667021071690971e-01
-6.309765463726459966e-01
-2.205426361909765820e-01
-5.378648050759766708e-01
4.874851097911414577e-01
4.936954754928177813e-01
8.812978852962352061e-01
1.750059465872721987e-01
2.966578698225035282e-01
2.593826150224072258e-01
4.027032380147734791e-01
-6.642499015544016672e-01
6.076909770274978584e-01
-7.208495281568638724e-02
6.872381806274823202e-01
-1.762600712904218714e-01
4.385008807075569948e-01
-3.466317860436929355e-01
-9.713294579139142293e-01
-9.504142530005836864e-01
-2.626035468621996660e-01
1.096655922264966332e-01
-1.820269015315503225e-01
6.464520731638407902e-01
-5.759042065460493465e-01
-7.397087603007574952e-01
-8.595489002997824812e-02
-9.309258675785798687e-01
1.249344301383570333e-02
4.806148042808571219e-01
-4.575659021542786142e-01
-7.625370118679224429e-01
8.198247500326716342e-01
4.155265912274646034e-01
5.981204938431639029e-01
-1.855870883537111826e-01
5.018282586518219013e-02
5.260165642026228827e-01
-8.688407785632508151e-01
9.502870645320939946e-01
-1.682917547846878303e-01
6.155022233280718069e-01
7.224836986043918774e-01
1.264588076984318743e-01
3.761234083290416752e-01
9.402109897002723926e-01
-8.211625416018275558e-02
-8.301480022296308103e-01
5.853204853055338219e-01
-8.516301106530195231e-01
7.357037952769518441e-02
5.593012624908013652e-01
4.271021242723183065e-02
-5.330348695200648468e-01
-9.424075386734556137e-01
8.751930913435401749e-04
9.794507769043843126e-01
8.977850225594956601e-01
-5.461985934310529256e-01
-7.855046044792981519e-01
-9.611451057626660965e-01
-5.722829070222950065e-01
7.480328359632557600e-01
2.424687557793834269e-01
4.694182467718395202e-01
6.941190108522450330e-01
9.351130353505736625e-01
-5.242845955662889246e-01
3.659046895826012502e-02
-1.297482377160350531e-01
3.283278900084360963e-01
-5.870870931449501118e-01
-5.936430872737230580e-01
-9.041864886893586917e-01
-8.214759389592485306e-03
-2.647705511117672827e-01
-5.716158673448878957e-03
3.442324280549020621e-01
-5.049401857611972577e-01
-2.666728179614035188e-01
7.584294719740076740e-01
9.508163569146699245e-02
2.928980349346064216e-01
6.058090826465698520e-01
-5.312447703224061346e-01
8.799023329032948926e-01
1.295600569347217235e-01
6.646909329815031686e-01
-8.130009967891307365e-01
1.933848696396480715e-01
5.264532460649520296e-01
-9.647735277140501164e-01
7.336918419369109490e-01
-5.069133857252616782e-01
-4.965074388012888917e-01
-4.265629599221520962e-01
2.852432300733054316e-01
3.378165798847057033e-01
-5.725571074949307171e-01
9.623933990601225563e-01
7.280662645979620873e-01
5.326579659257593136e-01
-1.882778890921219528e-01
7.287547792309811978e-01
9.236048706536208464e-01
-6.431754751752780663e-01
8.539569551071741760e-01
-4.067567152596809343e-01
-9.311571570316323765e-02
-1.994522717076081531e-01
8.466123185700984433e-01
4.974489746975341298e-01
-3.334724542091844768e-01
-8.210722574661333262e-02
3.948398101579961850e-01
-4.748375641555118154e-01
2.084155651198671411e-01
-6.956577284938347816e-02
9.110142660049302954e-01
-6.691555208357380380e-01
-4.794502558614994747e-01
8.584159920707026270e-01
-9.110626133211203737e-01
-3.665552529605036192e-01
-1.080500248511369055e-01
2.366474420563591252e-01
4.764436264032505530e-01
-9.899462938357379560e-01
