-6.717807413587233434e-01
5.201685513873324229e-01
4.765085060346185841e-02
-7.640121081742994313e-01
5.774302194111613495e-01
-7.024839740299573254e-01
2.907912933775922415e-01
1.615228710064309237e-01
-5.541997814550425616e-02
9.324344950159644263e-01
2.305700776227652682e-01
2.304874897361071096e-01
5.841559295055622769e-01
3.155958847340003537e-01
-7.506439042721924082e-01
-5.106992763830868753e-01
7.907919924331998640e-01
-9.266318088099412265e-03
-6.609298519701829466e-01
-5.580677840074341756e-01
-5.104696025761767952e-01
7.448494679787247552e-01
-5.711201008034985094e-01
4.174807337628347881e-01
-4.204865425038368798e-01
5.058505108308919418e-02
4.730430499162860958e-01
-5.267379355051642342e-01
-2.881772433766143227e-01
9.601751329015184577e-01
8.405771053648942726e-01
-3.660250993600466796e-01
-9.558712186982956105e-01
3.632376763910110107e-01
-9.556433456192920950e-01
-3.115451603623293764e-01
3.662036991905848193e-01
5.247904930426361414e-01
-3.130388029078938761e-01
8.056418708472754542e-01
4.172206517861387631e-02
9.729849603059090857e-01
-8.637690992969819792e-01
9.655195053801770566e-01
1.599418924642077577e-01
5.111324585913123997e-01
6.698090601977166880e-01
8.552889016098708108e-01
-8.167667847842010609e-01
-5.899825379216350196e-01
2.514520614167714552e-01
-4.657217395306851859e-01
4.727704020629701631e-01
4.755378303719437483e-02
-9.922474757363046738e-01
-6.478445627524747064e-01
-1.806677079712077916e-01
-1.295787597239379529e-01
-8.859867125131999366e-01
-9.187608153953399359e-01
-3.974092737924370677e-01
-7.110966261794031684e-01
9.889622044739028173e-01
7.281322038365662941e-01
1.078384714394786670e-02
-3.113458047649646510e-01
3.709384644992448354e-01
-9.536317312800712820e-01
6.066100801522986696e-01
7.386520415991082444e-03
-6.029120988727829644e-01
3.070656519986767474e-01
-4.214464535258537481e-01
2.755626380456590585e-01
5.237654795432322707e-01
9.997120185977006468e-01
-1.437600557305449556e-01
1.509187995951457584e-01
4.448865349491111232e-01
-2.376790599537965676e-01
7.730507028956590254e-01
2.282037519278354853e-01
-3.141978975173111976e-01
6.986126913735661859e-01
-7.668313380020141956e-02
5.776046552492923869e-01
-1.522098497437891496e-01
-9.048252578899569354e-01
-3.392214687943413409e-01
-4.309268687742262571e-02
5.901734584221429714e-01
3.075762802631698545e-01
-5.779055285790470897e-01
5.706896754006915984e-01
-8.221077496601452150e-01
-5.538519718672310077e-01
3.423490273592133537e-01
3.205385237273776777e-01
9.264450151400320799e-01
-4.013906551330381767e-01
3.469319440852025593e-01
2.606699880275280545e-01
-6.759577427841134689e-01
-1.083518040342754674e-01
-4.366025087063134524e-01
3.136902146829680937e-01
-9.406026541445062783e-01
6.403461516254680408e-01
8.396990773230266214e-01
-2.418335554059602988e-01
-6.251172314586384005e-03
7.074213412607339713e-01
-6.794712497579662447e-01
5.504300764592016115e-01
-5.622482040775227397e-01
-9.531140428154958322e-01
-5.915375381266474442e-01
-1.530466306592805914e-01
-6.448659396177698344e-01
1.101077883743917241e-01
-6.261934658202046311e-01
-2.538954921018758970e-01
4.063099027649872408e-01
-4.149443146517248771e-01
-6.344568381531974222e-01
1.402926075891854918e-01
8.279527426581920757e-01
-5.030175004139780803e-01
-6.958833145800829012e-01
-6.362336636832661707e-01
3.945486980028329871e-01
3.374813267245408976e-01
1.679761455126043135e-01
5.266198537643225208e-01
-4.961615646800299206e-01
-7.287604417083131114e-01
4.591439485975248314e-01
7.776187813374746405e-02
1.160126748270513541e-01
-9.826023272143293852e-01
-1.064794370294077641e-01
5.663830801003031379e-01
-9.680201740125828902e-01
-8.126839109281747131e-01
-7.507930283564367979e-01
-9.284484912151713676e-01
3.056689450638971906e-02
-1.680886203158367120e-01
-2.492337066118632816e-01
6.495836913366703769e-01
7.408280792156358707e-01
-9.003330222714271969e-01
-6.250602031676539827e-01
7.022230197110996830e-01
5.430006798154161096e-01
2.471337265908668535e-01
5.227289104535806086e-01
8.572098317846308380e-01
-8.975194419135550383e-01
8.526916178939303315e-02
-5.332805923832200090e-01
-1.313966148690062230e-01
-9.059825107285122137e-01
-6.038530312090715224e-01
5.173989503108906707e-01
6.197050138782866924e-01
-6.244561550561413821e-01
-9.313815993710710117e-01
-9.464366450257624130e-01
-6.392378248653551864e-02
-1.365526949603248497e-01
-5.833579216882818219e-01
-6.467981226831152064e-01
3.836601490708075879e-01
2.031808353418078639e-01
9.907919638231206250e-01
-9.608318321193811684e-01
5.477666305987618500e-01
9.775258185277690970e-01
-3.808814445463948317e-02
7.259379074503780060e-01
7.503232332874776311e-02
3.649635004942242134e-01
-3.759929630869887074e-01
-3.672749716769385664e-02
-6.617646273924098210e-01
-6.015603157593718553e-01
-3.617131585120934023e-01
-7.255443189656980429e-01
7.901261879520524722e-01
5.861018428877113884e-01
-7.966089413414394471e-01
4.638628929580150828e-01
6.503693341319327637e-01
6.213695223045727634e-01
8.040343700666776616e-01
6.256147914384282416e-01
8.313596204137634338e-01
-4.263868557742263032e-01
7.458138779733214374e-01
3.132455103166340571e-01
6.525866136444922194e-01
-8.371268898726220709e-01
9.025837711501545346e-01
3.609402197752555885e-01
4.803252214184883240e-01
-3.441394679074132323e-01
1.860686185107460755e-01
-8.564214988285936414e-01
1.270567436494207669e-02
1.180692383181576322e-01
7.965205837303883651e-01
2.298288164597093175e-01
7.911717417566721533e-01
-1.482550889290834562e-02
-5.328732765537784744e-01
4.957045093900047661e-02
2.557557474654463814e-01
1.623996733341748211e-02
9.068039606414688425e-01
-2.334807570484362937e-01
-4.003078549361849259e-01
8.826677176478257003e-01
1.257972567576919332e-01
-7.367657739994299959e-01
-4.400922557273116986e-01
-7.880248562336245044e-01
-2.676509937596505129e-01
5.125328281788481544e-01
-5.507940012105794203e-01
-5.967856688317176861e-01
-9.853834574214674902e-01
-2.467930286033164222e-01
-7.809116075752631225e-02
-6.020802083656442427e-01
-2.893970592347092641e-01
-8.367801647544763632e-01
5.337181554474921263e-01
7.430271335874953920e-01
-9.301608145980000408e-02
5.661726425910234006e-01
2.655568494647400080e-01
6.965922804882167529e-01
9.266362597397690415e-01
7.455111517462240656e-01
-7.927944368334638447e-02
3.497660062054652741e-03
-7.740358703062000245e-01
1.276135238686488815e-01
9.327882724625977673e-01
-3.284919823362957292e-01
-3.010658205447871438e-01
2.291604668980584680e-01
-2.860847170045863752e-01
6.926823760161182619e-03
-2.426609225819671423e-01
6.261773428545063247e-01
8.657173838340435079e-01
-7.898772158985534197e-01
9.887962326736337015e-01
-6.338117310577058294e-01
-8.616336667837569685e-01
-9.969325534139426015e-01
1.190347227307060329e-01
-9.337924178615042425e-01
