-1.006000766972978688e-01
8.931031334837891134e-01
-6.391426097655716898e-01
-2.811801768409356583e-01
2.123005752611659691e-01
-2.139934449645124470e-01
3.448159973468303274e-01
6.245644751459520361e-01
-9.943097378638987571e-01
-5.968276895353290534e-01
7.769288152532116687e-01
-2.556100501364906297e-01
9.955674700406667021e-01
9.475087425573640587e-01
-3.619865251143905560e-01
3.577338013608266643e-02
-8.433053594203965275e-01
7.875129862045049389e-01
-5.565634046166145765e-02
7.163657457606933399e-01
1.957805839607940079e-02
-8.053116658845129727e-01
4.233309989444684618e-01
1.376645818500388252e-01
2.104749487381241124e-01
-7.911280160001634698e-01
3.372022817170718945e-01
2.724603572294623799e-01
3.224142930628099979e-01
5.017223020513901233e-01
4.121921247511959319e-01
1.960906812341831618e-01
-4.516579822279176426e-01
6.663874671486591517e-01
-4.961897245898616582e-01
-5.985946313199428381e-01
-9.446872254125211477e-01
-9.421965244971126641e-01
5.002649575298374618e-01
-7.366912227261017687e-01
5.754409040240549000e-01
-4.768278301251618334e-01
5.050007927482602632e-01
-2.062837698630766159e-01
3.259682401028600740e-01
8.917686560717452693e-01
-5.579662895251509269e-01
-3.197433331419574642e-02
-1.167513636617603101e-01
5.616881367349957355e-01
-2.844303940400967345e-01
-6.722523564682563180e-01
-9.991744474553467814e-01
-1.703000187447170077e-01
-8.008120320570506490e-01
5.440821463835416871e-01
-1.418785359748440111e-01
-6.706344234780559077e-02
-1.496674214896753785e-01
3.768076497980046291e-01
-1.194459861966454817e-01
6.800717903005175646e-01
4.743368446136013716e-01
8.139162080290087697e-01
2.311912253254446714e-01
-7.225283321927198354e-01
5.138644001052514731e-01
-6.062526946416284535e-01
-3.941117181096918110e-01
4.249634157811001955e-01
7.987549985696373867e-02
6.233691309294260297e-01
2.551779085582011053e-01
-5.826011930708179243e-01
5.826708679106338273e-01
-4.129244646920482431e-02
9.374701330668311350e-02
-8.381479680836891877e-01
3.347794412270774789e-01
5.534972556804060861e-01
4.759379939624619471e-01
-1.994779909293480369e-01
-1.362231678737531038e-01
-3.217635692938802805e-01
-8.047208345354697201e-01
-9.689600576729924253e-01
-5.515794740943120722e-01
4.517607097529090510e-01
9.279212764015911663e-01
-8.718671667087765087e-01
6.848226297057535827e-01
-4.902177716787734507e-01
-5.805187997566341185e-01
-4.688708525330038679e-01
6.339709596986529139e-01
-6.250627136353201774e-01
5.808179368425541167e-01
-5.218039866991885933e-01
1.373720594543510476e-01
8.803071144147422977e-02
-8.342501872902332583e-01
-2.649627179717679581e-01
8.959158918287253304e-01
1.436051685051156213e-01
-3.270416967440230582e-01
3.442261133785895488e-01
7.597904234524863742e-01
-7.681903536064140781e-01
-1.016990376900588355e-01
7.441067282834734620e-01
-3.502927425873145761e-01
5.472838978982872415e-01
1.216608213031664665e-01
7.934380686603996757e-01
8.137126884311016717e-01
-9.775942896202025612e-01
-6.647356433659881159e-01
4.919194015647216922e-01
-7.515348532852006436e-02
5.311123475710208819e-01
-7.392865985848784405e-01
-2.403854175435515828e-02
5.632687630839730009e-01
-2.995809957875168461e-01
-7.666647766718794887e-01
4.316284696884924443e-01
8.990100029505594392e-01
2.803426631914693878e-01
3.311721501635123133e-02
8.149723581361871805e-01
-2.924282796130839301e-02
4.341087480220473527e-01
-4.365551448573916637e-01
6.043050742672142484e-01
-6.242040184758685939e-01
-2.712467687406157069e-01
1.334896026629466270e-01
9.482439357325000984e-02
-7.455797326648909706e-01
8.571385191219107469e-01
4.401135945485341594e-01
-6.076757843333697728e-01
-2.632592496577925711e-01
7.336532154391799398e-01
-7.337039637369633382e-01
8.152117161481358121e-01
-1.086981798528654508e-01
6.135481198611614229e-01
-1.548947276239776016e-01
3.019373265365477010e-01
-6.849909156487470341e-01
-5.892582253275946425e-01
5.012581584008648505e-01
-2.251397860123738326e-01
-2.286397914631426165e-01
8.298056454031088602e-01
-6.293082305306831881e-01
3.256734156605565200e-01
8.376193525422872543e-01
9.639985803205628478e-01
5.613206560359662589e-01
7.293185656784308968e-01
7.023427819965395447e-01
-7.781451310896914109e-01
-3.495884322781948050e-01
3.789065014497561279e-02
-3.330571339766295047e-01
-5.696620775949117199e-01
-7.680797079683969741e-01
-1.019302251874774079e-01
2.295461866133519102e-01
3.164579711212818225e-01
-5.441224818000840457e-01
-9.681457459804010401e-01
6.361451287932005094e-01
8.410021532453295645e-01
-9.749930612144066533e-01
4.300076151883427400e-01
8.131591847790420324e-02
-7.232022505113446798e-01
-9.981396970994433904e-01
-8.717256917002680350e-01
4.606212320591744902e-01
-8.555130161594151073e-01
-8.878836031530723538e-01
8.058020922244633066e-01
-6.811928162777454165e-01
-3.182416885182284272e-01
-6.974502980177077482e-02
7.034279661881819301e-01
-4.401486470613795721e-01
5.393730988517442260e-01
-9.997709084330685947e-02
-8.205115114464502923e-01
-7.223239248893011943e-01
-1.234762933019595277e-01
2.889786164043879335e-01
-1.823097884829723014e-01
-8.778990662329182459e-01
-2.401606115971666178e-02
-8.802770346982393690e-01
3.637949244302358665e-01
7.125906002988895427e-01
9.560200721615577102e-01
-3.777095450205718574e-01
-8.675541876537102848e-01
1.683288434552472346e-01
-7.762307938206063351e-01
-9.321940497532412717e-01
6.814936888224798484e-01
-6.995986246275924803e-01
-6.941709005611049754e-01
7.031506892645367213e-01
4.007522460940333708e-01
-9.465173476358281768e-01
-2.512903909977854955e-01
2.268309107319559370e-01
-1.668772862594114503e-01
1.926636295716523950e-01
-1.208048689630345507e-01
8.525816831886023905e-01
7.658666755281318128e-01
6.547287361281497464e-01
1.247329304217714707e-01
1.500108238377606540e-02
-8.378783599913264268e-02
-5.008051052048074769e-01
-6.440639378640764523e-01
7.231289970415328838e-01
-4.876795250709460294e-01
-1.383106633475195135e-01
-7.188785587729664694e-01
-9.645374467942826602e-01
-6.322956348549064742e-01
9.429576781790451889e-01
-5.214058054622194849e-01
-9.958198068482813081e-01
-5.272548291733798465e-01
4.364711589994323404e-01
1.876818226741865381e-01
-1.727311563806654959e-01
7.220843130846847924e-01
6.912941925284035172e-01
2.219939196487310529e-01
-2.744250297430186336e-01
-8.404629982238172037e-01
-2.786237680879166678e-01
4.321791756174373500e-01
-4.576592954936506974e-01
-8.268633483339515866e-01
-6.795881648670469843e-01
-6.526717001059230139e-01
-7.223670079606907546e-01
-3.320601236116822452e-01
5.505831158701652850e-01
5.786910329683081500e-02
9.247787859367051500e-01
-5.641867562773807965e-01
-7.210005403496371201e-01
-5.148034374180736616e-01
-2.192919399824069249e-01
3.043947004341394091e-01
2.678534293049941173e-01
5.021651309659072027e-01
-6.411084817630252619e-01
