-1.645788439848978602e-01
6.762242885979932172e-01
-7.500974703083476136e-01
8.669848186266024825e-01
9.937159151728762740e-01
-3.308468776445696591e-01
4.697922252629371798e-01
1.666306176075322831e-01
3.102161926492863486e-02
3.631136262049901031e-01
7.283491634441847662e-01
8.747802010336269696e-02
8.436088546751805417e-01
4.257256692359183692e-01
7.080548633345864484e-01
9.559260115232781629e-03
-3.591469140047791608e-01
7.699497034362963177e-01
-5.063427561863089732e-01
2.720958049053545658e-02
2.149810547460646593e-01
-1.153602919586709241e-01
-6.037314978363950146e-02
-4.028522070216320472e-01
-6.868313549588294098e-01
-6.602400246610142798e-01
-2.562130213880258189e-01
9.140810844037408067e-01
-7.763353356806868000e-01
-3.588219004445614146e-02
2.127142473042553661e-01
-3.795226729300518187e-01
8.873067808048160643e-01
-9.689546801175026314e-01
-6.350797283472329191e-01
6.683720202671643573e-01
-2.634773010028828022e-01
-3.694435642269788822e-02
4.154258019804379920e-02
7.981525713496098184e-01
3.126570070131977630e-01
-1.309909316715620609e-01
-3.027539218133010746e-01
-3.877208994006609011e-02
-2.792828594931349162e-01
6.861443842706616003e-01
8.820187621055430860e-01
5.014967801135783443e-01
2.225082591745839444e-01
-7.709300970157881849e-01
2.723184681945700625e-02
7.159342371700463392e-01
-9.142036775889370581e-01
-4.374920439447265164e-01
7.514074777357815371e-01
-3.620863555406348411e-01
-5.125419496960859078e-02
-7.042450854304231900e-01
3.259097667697246070e-01
-9.613651116811339215e-01
4.281288582598841153e-02
-5.963339448330680082e-01
6.805288680761656384e-01
-4.277663323871323531e-01
2.503087281556994892e-01
4.277341257046904932e-01
6.680441279238122920e-01
8.874626679734629597e-01
-6.677754382923277721e-01
3.042502402134823480e-01
5.587824005690165130e-01
-9.654290896613286765e-01
8.147176885561460136e-01
5.054107319647624941e-01
2.640731941210594513e-02
2.481517233311332227e-01
4.392910373725342765e-01
5.079654420079904309e-01
-9.566803045632032987e-01
8.498468459690284860e-01
4.793326180696477756e-01
5.967393588957634609e-01
-2.965206463863991893e-01
-1.052130541995286439e-01
2.857104996297474830e-01
7.939079562755260167e-01
5.470578855864625112e-01
-7.977893848230876994e-01
-7.171791322764986543e-01
-8.662290284206299873e-01
9.643091138571961984e-01
-3.691740805123464586e-01
7.640188447939091354e-01
8.229570459814476990e-01
-9.014442704931455719e-01
2.376104186216863035e-01
2.833165115442883852e-01
2.792793586350830193e-01
1.067390232651630466e-01
-4.732055647580437618e-01
9.550235594592899613e-01
-7.947715593058384265e-01
2.051667774401821909e-01
-9.910700283623570250e-01
2.861022635703489581e-01
9.785396871810305708e-01
7.683631176459333467e-01
1.516132655039319488e-01
5.208494829415157845e-01
8.810231638344232508e-01
-2.869439149663310928e-01
1.492670494226808753e-01
8.198294349540793391e-01
-7.664261774624763213e-01
-1.323184946827757891e-01
7.775478923250862540e-01
-7.965844533264798688e-01
5.654018206965929494e-01
-1.663391636388511508e-01
-1.305486958174106871e-01
-2.454067583973671418e-01
-6.308922683335982384e-01
4.657482004178397084e-01
-1.426066405786394764e-01
-7.096515488148984474e-01
8.390700853039545493e-02
-6.061559509804874679e-01
-3.078485852767784969e-01
4.030980453444898970e-02
-3.085040032600463444e-01
7.807809237042193651e-01
-6.448299178553582589e-01
1.692057243174405201e-02
8.635378208944304301e-01
6.643005230051826082e-01
-7.441544481363830954e-01
6.338989057023280971e-02
6.745247953440558497e-02
4.212341720375656351e-01
-2.428889524614392670e-01
2.891413243063056804e-02
-1.037185313258515151e-01
7.182953587102574033e-01
8.455476208246832659e-01
8.671965346773502503e-01
-9.909222134886117583e-01
9.695858880333150243e-01
-7.808260493706775662e-02
9.163814267777896649e-01
2.570299183315938318e-01
-4.718995150375220327e-01
-1.556588085146681788e-01
-9.213838938041103432e-01
6.237267039135554469e-01
2.670046066778710703e-01
-3.770696850965182811e-01
-7.190021455736594902e-01
2.508845578285401334e-01
9.803987200816799419e-01
2.639546374405910001e-02
4.499562313860994145e-01
7.793166667273776493e-01
5.855706536231695125e-01
3.174931322605161199e-01
4.981888811098533765e-01
-4.344482858259668401e-01
4.079161288426931264e-01
3.015760058803929056e-02
-2.663768317319559209e-01
3.395535366641204700e-01
-7.179141804443411878e-01
-3.757525725842005837e-01
7.687272142913483819e-01
-4.428104147087918996e-01
-9.465540488198638247e-01
7.740778008234192598e-01
8.902983251807206067e-01
-5.820254987133055558e-02
-7.211609656159212456e-02
1.535512412292985296e-01
-4.435965520784248550e-01
-2.451669914550740348e-01
1.556010455166771944e-01
-4.158080224475082520e-01
2.140356413274921987e-01
6.076712887035022881e-01
-1.741643645879380475e-01
5.477521316180475885e-01
4.655573310861662595e-01
6.282183991454748373e-02
8.229971057658653777e-01
6.517809568611128146e-01
2.969992162275179037e-01
-2.091638044118666606e-01
4.229611015506236082e-01
5.395997931053100327e-01
-5.583515644086232133e-01
2.751718977636812280e-01
-6.668439437017483762e-01
-7.514417712682230910e-01
-6.838157504376127793e-01
-8.708907413341595571e-01
2.945880786060843803e-01
2.682112680919979120e-02
-5.580019982773967158e-01
8.090015674587422989e-01
7.357810310114709651e-01
9.332634827188923676e-01
-1.942617731938802716e-01
-4.924159781624968257e-01
-3.289694232597724088e-01
5.506554991272616384e-01
7.741445394569290706e-01
7.214776414343682109e-01
-1.595203505098832242e-01
3.843801468196768045e-01
1.158475697214358391e-01
9.722248627145537725e-01
-8.938534258770736152e-01
2.883013319457132795e-01
1.963047882081399020e-01
-1.973829150182591086e-01
6.393762584909401525e-02
-4.711562339394672616e-01
4.603742055046389225e-01
3.400017583327272774e-01
-7.678328550328168411e-01
-2.864766670096252632e-02
6.042144302881173878e-01
-2.656686404805437274e-01
-9.253850325544772382e-01
-9.273343227440153935e-01
4.938191818746173745e-01
-7.036059722420013873e-01
-5.024851399343390757e-01
-5.844107340176782905e-01
5.081044743569571587e-01
5.521496434835329037e-01
-7.249327553155915371e-01
-5.159866079253243587e-01
-3.590646094936391641e-01
9.776667677822281632e-01
-5.964355500251827813e-02
1.335666972083731086e-01
-2.532936744331371060e-01
-5.146756422386116192e-01
-8.073998004493632141e-01
-7.885753269500721530e-01
4.018164793727974082e-01
4.600938322772729627e-02
7.585660541894951869e-01
-7.538976156979251275e-01
-9.575043087188532809e-01
-1.981049941599009045e-01
1.570354979800070439e-01
2.143054605295389159e-01
9.858597381266325232e-01
-3.417311565804348472e-01
9.337810770487253720e-02
1.464959611938205786e-01
-3.749864625339014435e-01
-1.689845686065671870e-02
7.045877697171363252e-01
3.960522799558237050e-01
2.076238368959060221e-01
