1.824812732945821914e-01
-2.854998460749202938e-01
9.965792416617627048e-01
7.378173839453738836e-01
-1.820982172961613799e-01
-9.845624389262979115e-01
6.409625759838011305e-02
-8.880718045676918582e-01
4.185732968795485842e-01
9.602698693927116391e-01
7.192437665093776022e-01
9.617978042729669053e-01
-1.444441831440772539e-01
-5.330707767348987769e-01
5.830470539456333867e-01
-4.478084977824539070e-01
8.436349874828683593e-01
-9.628870594075904510e-01
-3.478806625069883474e-01
1.194379021340696845e-01
-8.274161517196365612e-01
3.198356210287236490e-01
3.823343170178639117e-01
-6.200066317317187714e-01
3.965207707696027928e-01
9.325064300880152590e-01
7.044224304120545455e-01
-3.209708772875072835e-01
-6.963950658195274812e-01
-1.747479694851783449e-02
7.146794380368939326e-01
9.662915146935224797e-01
-8.314370937507125081e-01
-8.147874106873078670e-01
-2.835054712229252427e-01
6.291801901457734214e-01
9.396342573731351067e-01
7.568954943823664738e-01
7.883947806214570697e-01
-8.518430766249398545e-01
-3.723812794774401524e-01
-4.100360907127376109e-01
-5.125423959791068906e-01
-5.245502992799604414e-01
-1.140933361736624629e-01
3.547413458132995245e-01
8.084324833657665632e-01
2.767134525860817096e-01
6.691699906806802822e-01
-9.204302882679464837e-01
4.146417688360037879e-01
1.278551767949842599e-02
4.428213670330087837e-01
-2.424857567608946773e-01
2.012366859917427142e-01
4.231224485052793582e-01
-3.669970327846430180e-01
4.185254030281966298e-01
4.835654021901882871e-01
-2.199313682314094631e-01
-2.924336552913542331e-01
2.235437133419302391e-01
-3.702062102013319311e-01
-3.995127232980233423e-02
-6.402181568938900558e-01
-8.466888256060318696e-01
-4.813194610717348443e-01
2.798125011877434787e-01
-1.785899520592939549e-01
-5.198391083502831300e-01
7.038522873992956175e-01
6.044973955478449845e-02
1.370628488453329297e-02
1.908187111688373072e-01
3.302023975161123559e-01
4.064212566794866976e-01
1.393718754639108326e-01
-5.716106493033448199e-01
4.194634288263758837e-01
9.170431646627770217e-01
-2.061587341212636204e-01
3.099717220291537956e-01
3.918138318794839314e-02
-7.810469490022764472e-01
3.200939610608406483e-01
9.586788433121991027e-01
-2.120165342737281300e-01
-6.312152332452747316e-03
6.218100825465584514e-01
-9.961423699488576311e-01
8.669768954445327136e-01
6.866194760027819477e-01
9.731856693457041629e-02
-2.724174895284365849e-01
-4.779903248287289408e-01
9.764695534434517654e-01
-8.155837859587971028e-01
7.592739401280315104e-01
-3.248148608268437432e-01
5.445245713437052437e-02
9.716532586010944161e-01
8.028068717375922425e-01
-9.129202707404908690e-01
4.334468205860599888e-01
-2.682561673955372594e-01
-3.327646214334745167e-02
-3.885518510044980722e-01
-8.572804250847871899e-01
-3.752049191300144138e-02
-9.943724405533083122e-01
-9.950750300776634027e-01
4.111298330967594339e-02
5.344848863491724611e-01
-9.213521692752468795e-03
4.957329471962064193e-01
6.799056555503724120e-01
3.942801299348355215e-01
6.070192859617564718e-01
2.122875457170980695e-02
-7.464600001796095619e-01
9.884566699454389038e-01
3.155539260820758862e-01
1.289893718991179661e-01
-3.619923489143672679e-01
2.522627909855605921e-01
4.184861219178805936e-01
5.935559739951872249e-01
3.614598731337215209e-01
5.463860326177316651e-02
-8.886932695634766066e-01
2.401482265350416423e-01
5.685735223254517745e-01
-7.546945875666111192e-02
6.312116825949221077e-01
-2.645087538506838420e-01
-8.685260351398886858e-01
9.461171919215052295e-01
-9.071853687824111834e-01
-2.252132865660720906e-01
-6.805823632241185805e-01
-4.645483991879646446e-01
2.869964999185810051e-01
1.272693617644069519e-01
9.819011696474837514e-01
-4.191683837061204176e-01
9.264722908532176948e-01
-1.494822692034425415e-02
7.165736790561827441e-02
3.433763935254356969e-01
8.100246742605370365e-01
-8.885424526646810151e-01
-7.170932508845446751e-01
-9.922564475058965883e-01
4.959982464540835245e-02
1.362570193943770658e-01
-4.313291384456976463e-01
-1.051080095486476296e-01
9.173694958018276946e-01
3.564201932903350301e-01
-7.622843915785482150e-01
-4.629877057751112801e-01
-7.963758060232459801e-01
7.208365622250512139e-01
7.409433469051383003e-01
-6.929476565072885119e-01
-7.778182534645099455e-01
1.067390071454781264e-01
-4.565734261422387252e-01
-7.832749996065324627e-01
-3.824628372489047301e-01
9.959920381917231058e-01
-4.503383405739058709e-02
9.301445370274634694e-01
-3.637336917801914371e-01
6.968236851959654921e-01
-2.460666058752420948e-01
5.503128836958071091e-02
-1.578880415378711710e-01
-9.042298879469252704e-01
1.373967443397157151e-01
1.143434356978962896e-01
2.375974108472120871e-01
9.032677335831558185e-01
9.337189306195918803e-01
-9.267585688701946989e-01
-6.468240604853980891e-01
-2.340756676375383982e-01
-2.975737855859825753e-01
-8.885021008629017114e-01
5.923050711739139551e-01
9.276138777889615383e-01
-3.161009347585479468e-01
-5.722043487307422183e-01
3.885716643237349111e-01
-9.205733741119208613e-01
-6.951770561430645756e-01
-8.432736960356537192e-01
-3.915090391334639097e-01
1.188875608769695003e-01
1.469706756833311090e-02
-7.990239625294910386e-01
9.976976364972498512e-01
7.686888162601919205e-01
-5.312678534187020851e-02
3.575617987274519738e-01
-5.390878627644506427e-01
-2.659970372854831844e-01
-5.231849645671473592e-01
-4.260516071840512176e-01
8.654765396748935746e-01
2.769955083944863894e-01
-2.516923891035611760e-01
-4.240456501192764183e-01
-5.350311518279231571e-01
8.533240869195601874e-01
8.883537906693768083e-01
3.793720175103465486e-01
4.569556437158837081e-01
-5.192475361177599780e-01
1.066585013267296045e-01
-7.585718611363430064e-01
-3.523237374796384103e-01
-2.098686893811627652e-01
6.654904300552786367e-01
6.435431524212904542e-01
-5.831943918899837875e-01
-9.815678047199098977e-01
5.164058752199438551e-01
-9.345058512548432006e-02
-2.795097024663604213e-01
1.729862295345836465e-01
3.922558455065618954e-01
6.256736041393113901e-01
8.093062997554829607e-01
-2.529723150887568384e-01
4.511120658264384797e-01
7.452248649206041353e-01
2.588095778267125446e-01
8.955168425048178893e-01
-4.987905238605421232e-01
-9.100882222684869571e-01
-8.965116906501218175e-01
-7.050120809191762206e-03
7.197048901650873187e-01
5.680103236074860451e-01
-3.060178591972186890e-01
3.152769574582299228e-01
-3.791443418791622388e-01
-5.901381945080672597e-01
-9.372485777815442454e-01
5.567873014974349388e-01
9.155811269845592903e-02
4.333618078041894250e-01
-2.555392546534445142e-01
-9.971003308182879721e-01
1.176749892956330257e-02
-8.152097806847349304e-01
-6.757635114031239620e-01
5.971383595707235870e-02
9.672558100147072846e-01
2.240886021732877431e-01
-2.312923524635179806e-01
-5.906350499896071415e-01
7.041953144043850976e-01
3.661071000643723039e-03
