9.812863192408192159e-01
-6.649417667220529626e-01
2.690671086748579466e-01
8.299259963429701514e-01
-3.490306723692440105e-01
-5.882205141177920815e-01
-7.017318252403017542e-01
2.747835918853025472e-01
-2.600810826257118347e-01
7.702309086586498488e-01
-1.680358814957652047e-01
-3.351765491418046139e-02
-2.952278251796218722e-01
-2.076070229596356231e-01
-5.631004385198792317e-01
-1.708919007884894814e-01
-3.458232510967298445e-01
-6.791500370851102364e-01
9.191015471460455277e-01
-3.959425709660899795e-01
2.492694636892309745e-01
-7.584426148920053734e-01
5.449188085006173576e-01
1.417474573548962447e-01
2.169035162366250713e-01
5.307575585502144477e-01
9.937061366979929034e-01
-8.260883745465732453e-01
-9.643303979722197550e-01
2.950411272088733217e-01
1.989912728571441303e-01
5.138119110433274628e-01
6.366396455438938506e-01
7.762152304466685138e-02
-4.979871759797918074e-01
-6.396960825317554722e-02
9.290854292455537067e-01
7.651977472631379396e-01
-7.154339663835713736e-01
-3.733677697077495417e-01
-6.898557724507559108e-02
-3.133000767324085611e-01
-6.055114073152505494e-01
-6.174577214449228357e-01
8.072305311203127332e-01
5.000747956419460127e-01
-2.155645655009479356e-01
-5.404537382598946227e-01
-5.815854536148579168e-01
-7.495112277281987812e-01
1.761378988599231477e-01
-6.060198113916022145e-01
-4.345598231826217628e-01
-3.462578747792748324e-01
2.970183430095985067e-01
-2.271245244000319463e-01
-8.538108015750818236e-01
2.288961650051908325e-01
-1.086100434380021795e-01
-3.421174906491104561e-01
-2.703951972898659406e-01
-3.876437778540180457e-01
-3.971179440870273858e-01
4.159439871436874103e-01
4.110839416021301318e-01
-5.680249632179434904e-01
7.167507492110529732e-01
1.409823675689647615e-01
3.996472444704046723e-01
-6.540233041665293179e-01
6.015889033179810941e-01
-9.464564033546003508e-01
6.152070909948070820e-01
-1.589906936329754661e-01
-4.805788067098459848e-02
-3.580096204354286105e-01
-5.763291542908666187e-02
-7.111937743040182003e-01
6.237534338204573370e-01
-8.001167547274095071e-01
-8.448627243171160650e-01
-7.043135595031160268e-01
6.115435669336433122e-02
5.089201212797680451e-01
9.063408152314449406e-01
8.096591044911161106e-01
-2.801803835624669947e-01
4.510429541407086074e-01
1.358910734442098089e-02
-3.022807334899351162e-01
3.525196269735084709e-01
2.878533377562009221e-02
-7.314657816768248555e-01
7.406793272026783725e-01
-9.857520427429666832e-02
-9.778821753346365053e-01
9.017605927418270717e-02
6.403882529466611295e-01
2.738598010311867892e-01
9.760894242435667056e-01
-8.011091609300602379e-01
-2.384056038105053510e-02
2.674147852231807398e-01
-5.368863069911693486e-01
-5.811848774482275548e-01
1.073902594975222335e-01
5.908664294499079706e-01
-6.929955141507342375e-01
2.712949300681852804e-01
-4.483067006539862565e-01
-9.152446939731728737e-01
6.931400147181197013e-01
-6.780322430508212150e-02
9.571172139484485086e-01
-9.858216406959663392e-01
-3.380098902102395275e-01
-1.167475633401795498e-01
-8.249618895516233064e-01
-9.504822673093957786e-01
-8.509615982273548429e-01
4.059810796191001270e-01
9.059562883520957399e-01
4.766587870378697911e-01
-6.816094561547176855e-01
-6.052837311069938497e-01
-9.267555421355768708e-01
-1.113881040447524118e-01
1.746760001986298327e-01
-9.263774343020523272e-01
-5.373022366318269682e-01
8.202001974456196720e-02
1.346755858197614675e-01
6.839580296826792694e-01
-9.046320870945843140e-01
-8.727283135189356500e-01
9.956747897444857553e-01
-9.200100102023816007e-01
4.139221565354487264e-01
1.104074526382989863e-01
5.134400851325988668e-01
6.941995189717666825e-01
1.054152525768212723e-01
4.632995336140979248e-01
5.129989729332173898e-01
9.238754826970183576e-01
7.372484307739335385e-02
-1.053315277823578811e-01
-9.498251106887394268e-01
-3.065844767021899120e-01
-1.866059837905063024e-01
1.620035310023568709e-01
5.964075161089257282e-01
-1.971786869127825081e-01
-3.018611778697575243e-01
8.826968082537294258e-01
4.684668737641257685e-01
-3.743196086229423347e-01
5.508572690075079770e-01
-2.748580191744725010e-01
-7.416093566557326877e-01
-5.010176484660622265e-01
9.743253452596827291e-01
-9.104925109492354451e-01
1.771497603049057012e-01
-2.624348309617483554e-01
7.817147958949066666e-01
-9.051049074927137728e-01
4.768288662878774620e-01
1.103462101033991782e-01
4.227818478193168250e-01
3.111279553030028566e-01
-1.976926462470338652e-01
9.940585969428565871e-01
6.048692787436562579e-01
-3.926532981654866639e-01
2.451092571646216189e-01
9.741468154577086480e-01
-1.429716154360587410e-01
-2.535014487406161976e-01
-6.811982336428146212e-02
-9.560747487867615746e-02
-2.752453035937263426e-01
6.375172266214415018e-01
3.315401662655808046e-01
-6.055442145298741696e-01
8.162507039798161390e-01
-3.616867338604563553e-01
-5.646019754243669642e-01
1.598375991513072414e-01
5.846922987716873799e-02
2.901138045859941172e-01
-4.566236291068923592e-01
-3.682541300085910851e-01
-4.092674628751329369e-01
9.174075495345095366e-01
-6.929694693795629412e-02
7.745158932240907568e-01
3.834263738025800450e-02
-7.197676980246159317e-02
-4.741956874261377131e-02
-6.812222439859909606e-01
4.168084797942197550e-01
-2.453215723279189575e-01
6.981614750890219323e-01
-5.156625769902483114e-01
1.309368979951590628e-01
-2.704207057518932533e-01
-4.383961151827362457e-01
-3.873307652490900477e-01
-5.744252056347642910e-01
-3.506961350202317806e-01
-5.022528367428851226e-01
4.584067811839851458e-01
4.759714528825709223e-02
-7.579330044707235370e-01
8.002480823741748850e-01
6.832858038957705382e-01
2.848945633952832956e-01
4.059871893230273532e-01
-9.647960931081860370e-01
7.223778891612231412e-01
-9.325273101177011803e-01
8.764856857365161957e-01
-3.527287281440674160e-01
-9.607821253527661920e-01
-2.265849339631527126e-01
8.768336947207979737e-01
4.769763958065116327e-01
9.325919926580783503e-02
-1.897781883944600345e-01
1.912007911276103478e-01
-6.471728884663527914e-01
-6.159362046248952893e-01
8.830800340400657422e-01
-7.635398336199643587e-01
-4.418388795831329485e-01
2.266059167211795788e-01
-3.152219647830110105e-01
-1.837057857134576366e-01
4.820300972362534520e-01
-7.215063935064689460e-01
-6.556703094972800017e-01
2.338169992691998544e-01
-3.022948659771902413e-01
-3.336410278356347625e-01
-6.568682657974118655e-01
5.179350145985421872e-01
-5.913919296075140775e-01
3.398733848677726321e-02
1.003702346003747525e-01
-4.634657977139859941e-01
3.199584306620029128e-01
-2.898962498729384940e-01
-2.983151067119056421e-01
-7.914929391677771875e-02
-8.622128065584553358e-01
6.823025652149963260e-01
2.042705943183509287e-01
2.282010874213400431e-01
-4.098617291582797861e-01
1.143411935592748563e-01
4.934157674390364789e-01
1.572600673888784328e-01
-1.652860886658968909e-02
-2.835770362453187143e-01
