-6.953969279800096270e-01
5.792245396847266470e-01
-7.937204656022105453e-01
-8.946188337771634469e-01
-2.114002276296855776e-02
-9.562339229631300341e-02
-7.561615590236414608e-01
7.471859651981827000e-01
-3.827379774794799072e-01
-5.106237893675718009e-01
-2.908945258000605882e-02
7.832956250496394546e-01
9.233692456186530784e-01
-6.650563542499356995e-01
-1.272970799884323156e-01
-3.817550073386821730e-01
6.479478611739661886e-01
-2.427961902829141039e-01
4.491103607494264516e-01
8.543611468467340320e-01
-8.447556336266959232e-01
-3.072262572462876040e-01
-7.097531265420078395e-01
5.104704004914679683e-01
-3.740339781135948449e-01
-2.291046968919823179e-01
4.248585796391168845e-01
-7.970610057737370635e-01
-2.621311526924305912e-01
-8.199344361684257620e-01
-5.449811419733197049e-02
5.116043434397168355e-01
4.111817911570450068e-01
9.953713984364465084e-01
7.672901561048506291e-01
-2.857725606271028784e-01
-1.743956684571219551e-01
-7.759174816215381743e-01
-8.804598489167951847e-01
9.223129824523470521e-01
-7.599706979815050722e-01
-8.614657849316345040e-01
-9.734115774855611747e-02
-1.061324635859668408e-01
5.310602993863129395e-01
-2.982697152429334420e-01
-2.099559181231800409e-01
8.926169270597632543e-01
-4.354536616277282501e-01
6.121149072092075816e-01
-7.721446334822346103e-01
-5.562777821063564776e-01
8.516477432227911315e-01
2.216440995040922513e-01
3.215424372220174742e-01
-8.643323914547076381e-01
-2.583125598717834759e-01
3.902238074352650798e-01
-9.206994743296608164e-01
-1.315637782143723733e-01
3.862069232662102003e-02
9.432651214218275015e-01
9.418366360254126768e-01
-8.512361361950955274e-01
9.829711249668879880e-01
-1.156566727908190373e-01
-2.619363648615702367e-02
3.055102962178588566e-01
9.865443272058989077e-01
2.313290305511994660e-02
9.407669907020652644e-01
9.235259223299707720e-01
-2.167107089116928620e-01
9.005726108781082484e-01
6.683928210898124611e-01
9.636950782328204124e-01
3.349636653346528270e-01
-4.062889811206256141e-01
2.391818778082714925e-01
6.099536570174768357e-01
7.270187843074522593e-01
5.937892342261419376e-01
-4.822812340509696760e-02
-2.170669406831922110e-01
-1.129887505961388872e-01
-3.782456644216536379e-01
-1.352994268533525002e-02
-2.164605814706259679e-01
-1.725781434696951333e-01
-1.316889377144234707e-01
3.453644562135114171e-01
2.481239413578042452e-01
6.359440422161948270e-01
6.482544420051670198e-01
8.883534112477278200e-01
-7.822311452396415454e-01
2.062636212594293195e-01
-1.596638227730164949e-01
-6.393292239742724981e-01
-1.330456029673268148e-01
-1.846309811363553433e-01
-5.437147495158827226e-01
8.819618529970580934e-01
-9.464487449056990798e-01
-4.107174969340194881e-01
2.259704875152401815e-01
3.273937291592146082e-01
4.740709561915350534e-01
9.293068612274553164e-01
8.289775631126494737e-02
7.475034792628227898e-01
-6.258775083916983117e-01
7.279650084055253600e-01
-2.408429212681073572e-02
-2.393096115018478187e-02
-4.398311624033841571e-01
4.833870642160371656e-01
4.682855129384737580e-01
7.496607390946599114e-01
-5.105666729663356218e-01
-3.764500759465414514e-01
2.662316927048369308e-02
-7.791979886817534950e-01
-4.460258267825127909e-01
-8.178834177957206020e-01
-5.006721143511363437e-01
-3.900032234689734256e-01
6.381460892983328304e-01
-7.702384226255551969e-01
-2.007535007133225413e-01
-8.330846148268453710e-01
-8.559416730509548099e-01
-4.212048381183222112e-01
4.723507788736487356e-01
2.232133724359650628e-01
-6.875526526929178761e-01
6.538333881157765148e-03
8.280060988463409100e-01
-5.801350219336209868e-01
-4.717756938705044423e-01
1.494985041558347660e-01
7.315791091552541481e-01
5.323626165885084749e-01
8.877780234064864828e-01
-3.064255570339489143e-01
-2.885799300028175640e-01
1.882073450436594353e-01
-7.191452069858821350e-01
9.552040189449453322e-01
-6.526134699374261938e-01
2.603907029314140864e-01
4.663251390409464125e-01
-1.636891240492115429e-01
9.172997556612128012e-01
-1.433009094136377115e-01
-6.841689970576096957e-01
8.774849126835264634e-01
7.838380688605539603e-02
5.963966409852285988e-01
2.030850346032120335e-01
-8.227417469870847988e-01
3.971811619186453868e-01
-3.401017056840383024e-01
-5.619270400840226110e-01
-5.396466099536647576e-01
3.395169859098290388e-01
-1.113491031512967577e-01
9.441778178342250527e-01
-4.855802948646237294e-01
-2.018404129610571474e-01
4.982012012319128047e-01
5.583085807466536821e-01
-2.594910483641263976e-01
-7.617361581434107798e-01
-7.434116421964678256e-01
-9.855826503038342956e-01
-9.176631833979966846e-01
-5.436534349762700558e-01
-1.145604806339861614e-01
9.210667449315292910e-01
6.723727137070500959e-01
-3.801539508513260834e-01
2.193879837912260378e-02
7.260584114238493036e-01
8.300080878044975297e-01
-5.401169827637397614e-01
2.432581605265866642e-01
9.187224375260416576e-01
8.681424387002347753e-01
8.466769036011969618e-01
-6.306882392043768881e-01
2.221788756550477917e-01
1.694874708809108732e-01
-4.771015063735806194e-01
-3.268612565139705772e-01
3.877191956795613681e-01
-3.112381223833593502e-01
7.960132391650032169e-02
-1.599402939247998034e-01
6.798898039955492134e-01
6.272924345176191796e-01
-5.745791236327761897e-01
7.756723591530036988e-01
-6.363988537885523211e-01
-5.741739240416077195e-02
-6.340522533168340136e-01
1.067255409536105315e-01
-4.269713735875499960e-01
-5.710963092395535678e-01
-3.430086254748323515e-01
-3.625839393643246478e-01
-3.435057143001118973e-01
4.203940980611136080e-01
7.037411723356699067e-01
-7.310540699899197303e-01
-4.152993865930001416e-01
1.767034864568732822e-01
9.342223931525284186e-02
6.763187271353443553e-01
6.903735351945661236e-02
-5.344331820571828207e-01
1.584652232710004327e-01
-2.965450599917358598e-01
7.956391910920168620e-01
2.945874510695885018e-01
-2.209473258735035195e-01
1.255195571564855506e-01
-7.610964787652463315e-02
9.668607597384866192e-01
4.874835719570269621e-01
8.681331404076675362e-02
4.353206632720307834e-01
7.377485733197426399e-01
-9.651625991845325103e-03
-8.074205717765154944e-01
-8.880666513377342142e-01
-3.252257500761956965e-01
3.197727524856563974e-01
8.115318800410356026e-01
-9.951728640491932509e-01
2.036663608795983293e-01
6.862323789339941360e-01
3.235385906897352282e-01
1.843385057160649154e-01
-5.727007413792544188e-01
-4.017474047957769745e-01
-4.167875524716579960e-02
4.869761168396000706e-01
3.792986853040547501e-02
8.694570249717501476e-01
-7.813577925743986352e-01
-9.400997928221046518e-01
8.038637959595555937e-01
-3.521449704912609224e-01
1.763076520959045990e-01
1.640658376457750922e-01
-7.008999641380795342e-01
9.278979401584297459e-01
-4.876637675809580852e-01
5.549024564247910796e-01
-6.158071346070737029e-02
-3.085775806736561488e-01
3.261758155723448738e-02
5.262500080164076444e-01
5.024990533804694071e-01
