-5.009102603988959679e-01
-7.116176000155660653e-02
2.868398812852501756e-01
-8.908445308502745963e-01
-5.006615159950340566e-01
1.353239798645431424e-01
-8.933408445137624998e-01
-7.012757727464835611e-01
3.841165018654459917e-01
-9.064230281420657676e-01
4.735440145296785364e-01
2.794381507421177524e-01
-2.280001254529506749e-01
3.198150102109642567e-02
-9.400829825469119161e-01
7.683276759245181164e-01
-2.102933251661409653e-01
8.440316543380770309e-01
-5.856951199904953942e-01
4.492098081136679522e-01
-7.238918874246844659e-01
2.441503550406147749e-01
8.835439249988994437e-01
4.521932549464109385e-01
9.235910203642738736e-01
9.384360546600376551e-01
-7.505550286044049280e-01
7.471600740632216020e-01
6.936046532616413351e-02
4.425048069048451715e-01
-2.202861915841947127e-01
5.495280468288763487e-01
-9.002047727510626984e-01
1.453036900715054536e-01
2.672151860582530070e-01
8.983528989905422701e-01
-6.399477825779158469e-01
-9.390800673112709163e-03
1.066850565276173946e-01
5.744472588757596476e-01
-5.219468881860571674e-01
-1.759982639619357414e-01
4.935750429786760485e-01
-9.892416182948249315e-02
2.392691057858511439e-01
9.172149184691777979e-01
5.293628842358675257e-01
2.466590767856025046e-01
-9.146147567965396963e-01
1.293375393905027426e-01
-2.489225903258289740e-01
-9.866796249055034274e-01
1.669035606887587786e-01
7.002877752864753447e-01
3.215081445797993709e-01
6.281688067231250283e-01
-5.381521911454931750e-01
-3.010700322061399259e-01
3.122272164708974618e-01
5.151740201858374668e-01
4.208587095851401561e-01
-5.298247769718296141e-01
3.571069032093547868e-01
-5.506963821807315806e-01
-7.707915661929711781e-01
1.446453429236314037e-01
9.640384884016688360e-01
-4.789352338533194864e-01
-3.587170096434808553e-01
2.110072162727434364e-01
3.132655181298045211e-01
-9.195760068973912738e-01
6.631957301502038327e-01
-1.305702696784005745e-02
9.723150936757822826e-01
9.065135004393152229e-01
-1.078994605400598328e-01
-9.326036289622607889e-01
-1.792896192604058747e-01
-4.077389868534304629e-01
-5.571750962557608933e-01
1.551730676536111631e-02
-6.459025674883211998e-02
-8.801645498464214512e-01
-2.495506454253868522e-01
-5.505847146027575967e-02
5.328423645825464128e-01
-5.965033886311525979e-01
-5.646303607036862182e-02
-6.235847312841156231e-01
2.103663978523275802e-01
4.568936954935458594e-01
8.611670884289395200e-01
-6.797137863330249274e-04
-1.295430304239528763e-01
-1.652743206257030195e-01
6.348483127944777316e-01
-5.474730026122629489e-01
-8.412416264548630007e-01
-4.963156780442681271e-01
7.396071653051938810e-02
-9.115816144625077388e-01
8.653308684174758625e-01
5.369126125846241937e-01
8.695660790751180702e-01
8.612161265218489792e-01
9.916396705127388245e-01
-3.345811710950072904e-01
9.591701960633429724e-01
-4.743037873538780147e-02
2.075734766402743681e-01
-1.051960404631235857e-01
2.032731761471215925e-01
-4.388618662361116751e-01
6.466872696504579743e-01
8.543853370349663301e-02
-3.199569375981339281e-01
-9.616715362441612402e-01
6.129599078354581732e-01
2.790780935694996412e-01
-5.810226394804760552e-01
8.412677929198464355e-01
-9.058077722865529591e-01
7.671975631028449261e-01
-2.153011553174788428e-01
4.255724402879952351e-01
1.072346106420425382e-01
6.348754207392559579e-02
-7.862136514447581881e-01
1.509592995533259874e-01
1.630598083380738750e-01
3.433400259731667070e-01
4.509221059870336390e-01
3.091077718200854196e-01
1.552489218316350783e-01
-8.708395281234238006e-02
-4.370390017161958074e-01
-4.501887122018424225e-01
3.614623026400010097e-01
-7.943679499066149674e-01
-6.187478440184546180e-02
-9.013528078961330348e-01
9.336996991615069685e-01
-1.495184389715042972e-01
-6.600823344678818927e-03
-3.607705950624406910e-02
-4.770631074012150474e-01
3.250300945170800926e-01
-9.441970873150904442e-01
-4.558416559134088608e-01
-8.316083404950402880e-02
-8.954444607227687314e-01
4.502370048421540094e-01
-1.262522610004719326e-01
4.342234689625734667e-01
-8.765563762298198558e-01
4.146148575842163453e-01
5.729197789646387484e-01
-5.647189617453740595e-02
1.472055784603860662e-01
7.229553991592030382e-01
-7.905867337096512681e-01
-5.461842506033942612e-02
3.128533514510658531e-01
1.042086963772499431e-01
-7.774274085123218381e-01
5.606821797439949240e-01
-4.424515307852507906e-01
-5.176312926930333180e-01
-5.557252646039034794e-02
-3.119369522477963841e-01
-9.643819757652603020e-01
-1.864275756246789317e-01
-4.095445696858572848e-01
1.526923672181221825e-01
-4.277789080827001378e-01
4.004954099963720093e-01
4.964351513769080793e-01
6.946336535709849436e-01
6.355688429167341003e-01
-6.016793464756748921e-01
-2.542659842556314054e-01
-4.890555777279519400e-01
-1.224759922425233682e-02
-9.910991330058898097e-01
-3.722903186366610662e-02
8.388883514108627093e-01
-4.700205103688128716e-01
6.811599015358862363e-01
-8.265827093219089150e-01
-3.343679470378495555e-01
4.474488693944704831e-01
-6.560893582879170349e-01
8.124272935344909463e-01
-2.214559747331317219e-01
1.841246561445186725e-01
-5.533590943026440723e-01
5.439560499023161633e-01
-4.763646830165997326e-01
8.900415142383444334e-02
-5.599235441280401293e-01
1.039099912010630344e-01
-2.241775805121293264e-01
9.768043411937243903e-01
3.789327158425359610e-01
-1.539335629081528545e-02
-3.485130181323525811e-02
-2.128917975496191772e-01
2.608639485912138678e-01
7.887233269536166880e-01
6.891598033063335293e-01
-9.092570689422789787e-01
8.856540585687691092e-01
9.024206201075424261e-01
6.083590185068166178e-02
6.999287235614279901e-01
-2.488708111949649027e-01
9.667643939958527888e-01
-6.615355520057488725e-01
3.742097559743962076e-01
-3.312582127535013132e-01
4.417695485599835159e-01
-7.015515100662383929e-01
-1.705936928919136175e-01
8.291768074378567110e-01
-9.172271145122470326e-01
1.752044344268672837e-01
6.725365206307170052e-01
5.738101421098447119e-01
-5.261202243550222590e-02
-9.178792932268706739e-01
1.943528024730085679e-01
-2.213807506879261755e-01
-9.768104199883433925e-01
1.274486111553747580e-01
-1.182191050735212912e-01
-5.445384096369738636e-01
1.067392670889257822e-01
8.552314323825147557e-01
-4.327552930053379932e-01
-4.264118093739968085e-01
4.403991384532133235e-01
-8.342710236820947145e-01
4.629487683058821634e-01
3.732500652693089283e-01
-4.334411051059174902e-01
3.828791706166172482e-01
-1.509589658428089898e-02
-8.258121629584598278e-01
-4.630873302153917237e-01
8.170459656236559454e-01
2.328877567985576658e-01
4.148550869725209367e-03
7.992074670243838330e-01
-2.959709481726282565e-01
5.418797258149417040e-01
-6.160643563552172797e-01
4.952233662290970173e-01
5.146286782170594876e-02
4.028269509803481530e-01
-2.715488236660408283e-01
-9.616227376081960543e-01
3.277146960682442156e-01
5.310909188678047954e-03
-5.113559310560400473e-01
