-6.514187583401667148e-01
5.175226506806716031e-01
2.763596369128851205e-01
-2.187589085807937206e-01
-9.276576310518838131e-01
-4.064802447025139820e-01
7.261309319488888914e-01
-3.184664652570419197e-01
-9.431190493531103058e-01
-3.354495695556174439e-01
7.493186319289089070e-01
-6.239322782389131739e-01
5.453227874157160482e-01
-7.800295351544987987e-01
4.294260539870433657e-01
-4.345861045693175662e-01
8.516300592703962558e-02
-9.487274238849368047e-01
-1.121646931065654051e-01
2.587476552528493734e-01
-7.679250412155396166e-01
3.636763919343062312e-01
1.457269145153696766e-01
3.310721421114062313e-01
9.544046662458081087e-01
-2.919570768916956993e-02
-2.939034129888125069e-01
-4.993021300425104503e-01
1.787415961753460181e-01
-1.043553153817800005e-01
-7.095119461063665867e-01
-1.454398041846802769e-01
-8.066264199678987445e-01
-3.180238314210521722e-01
1.527271082954719805e-01
1.035040984428823307e-01
7.853311252774064499e-01
3.779673814525303932e-01
-8.459953449740100773e-01
-2.005420037126588451e-01
5.075172903733433660e-01
8.501681859966847554e-02
-9.637943575596574775e-02
-7.166306235926558355e-01
-4.410048903565368938e-01
6.024429193525684401e-01
6.532083690136869514e-01
7.831262342637106411e-01
-9.743865639217008656e-02
-1.585911278569711591e-01
-8.386645179703795527e-01
-2.073786277178579773e-01
5.294944131128165310e-02
-2.103672502060593974e-01
-1.404647915516685774e-01
-8.209513164592103784e-01
5.092697729865345302e-01
-5.929844314512757730e-01
-3.527253716652278825e-02
-5.318275285510143391e-01
-3.719205348009180234e-01
-3.098747730988173910e-01
-6.509265038079892207e-01
4.740204782857480037e-01
-7.692568811933828687e-01
4.500339876478458567e-01
1.741512593014931110e-01
-1.736113428582533036e-01
3.761245339767453899e-01
-4.288491210962093181e-01
-3.740075689367339251e-02
5.143641886798331342e-01
8.919293826641188083e-01
-8.952692143775951017e-01
-2.081297104318440283e-01
-9.814873366570069368e-01
6.617399871334075367e-01
1.006782250976918647e-01
8.407858460215076324e-01
-8.911064971032629511e-01
6.749868226024891005e-01
-4.852005853260334955e-01
-5.920536830176732490e-01
7.174092680036980862e-01
-1.238691561149207754e-01
7.123525126061602819e-02
2.262708027033879521e-01
-7.103456384584272421e-02
3.527527521717501724e-01
9.151808003285109017e-01
-6.317902649840505536e-01
-8.925140849302111157e-01
1.066697387017574439e-01
6.303226293817258963e-01
-7.041231013839732711e-02
-5.565457778004681000e-01
-8.742105368658892317e-01
7.543803604693843923e-02
6.603229166856612320e-01
-7.195400498588884197e-01
-7.051126382121000180e-01
-2.816743876396927693e-01
1.151695227214926120e-01
2.578628686677446602e-01
-8.188165810054752747e-01
3.609515397107092571e-01
-8.943825815933694745e-01
-2.916683991541679788e-02
9.313215329501955964e-01
5.789892660811535308e-03
4.295739024791607186e-01
-4.739582788347667108e-01
8.878347268015087668e-01
-5.753510313542911092e-01
-6.663337585672084451e-01
8.838775001592771297e-01
-8.953785105569489478e-01
4.657932670084448112e-01
3.122630194404738546e-01
1.114250521802606642e-01
-4.530595873234344317e-02
6.561045694145433149e-01
-5.134866174882115608e-01
9.624435106886575220e-01
4.080942867945571706e-01
3.119013231760296989e-01
-9.917547662907701955e-01
6.652746565000720036e-01
-7.020140153642333569e-01
4.043589979123747291e-01
-5.881966953710202617e-01
3.993063958212730302e-01
-5.110459040128469965e-01
9.756780640406776950e-01
8.080097817354754408e-01
-7.182105462518413308e-01
6.242504059983604581e-01
-5.491782152264021999e-01
2.538646194012739166e-01
5.512530315449541973e-01
4.665551195926089800e-01
-6.764192068446810424e-01
-5.570304658435898393e-01
8.583561082923889529e-01
-2.819162466136471146e-01
3.730515863189483028e-01
-5.305852797666652521e-01
-4.898334533378154720e-01
8.614918753032267951e-01
-3.615268358767576018e-04
-5.194249884091597380e-01
7.291030118980605934e-01
5.648977993176980128e-01
2.636280944131497161e-01
4.643158857320721644e-01
-8.878033183034703679e-01
-2.765663716417152695e-01
-1.685100011311613244e-02
-2.402667876980777439e-01
-7.094635209118631547e-01
-1.646694151251619775e-01
2.799859339723935747e-01
9.394603793012801241e-02
3.421153048979697076e-02
5.345091262906407348e-01
2.175579176489632616e-01
-2.681488078733007541e-01
-4.728652629026253162e-01
4.771484518036386291e-01
-3.798420071947026244e-01
-9.002372969756444743e-01
3.612329601012231883e-01
-3.716424062547165619e-01
3.307919893914088583e-01
2.777740269211637081e-01
2.724450099088118193e-01
6.593555972403379872e-01
2.772668990246851539e-01
4.181609970101267670e-01
8.433371368992541584e-01
5.345856402310635858e-01
-3.707665560299937546e-01
-9.553134134062621907e-01
-4.919527705564923359e-01
6.103397360612796696e-01
4.778251882826141106e-01
-5.357390233244774258e-02
8.230452811980042416e-01
-7.678275196869848163e-01
-3.943497655093115561e-01
7.705655539000051402e-01
-9.374328807221039561e-01
7.992071190765670519e-01
-2.423200381653045632e-02
2.585552481669850522e-01
2.041393887604512347e-01
1.540138457794792970e-02
-4.425991134808169303e-01
-8.400702914527373721e-01
6.919470409207757466e-01
-1.862822110017958721e-01
8.356543918614884880e-01
-5.648236178974013200e-01
-1.519572400780522248e-01
-5.015149108019583135e-01
-3.072087305157178427e-01
-7.202665094735112294e-01
1.646451395968551168e-02
5.640519573630087269e-01
-9.677356697931307483e-01
-3.031810412395110621e-01
-6.397977310590015065e-01
-3.085660504371396939e-01
1.326118723489375650e-01
-2.717098905381203355e-01
1.734589522330940436e-01
1.486292329944411961e-01
5.933423199264005188e-01
8.296718648605112545e-01
-3.238137041915745140e-01
-9.224865661053773813e-01
-7.560390425944232273e-01
-3.762398795148926833e-01
3.665960870874116484e-01
-8.137800693345169645e-01
1.216154822905486377e-01
-7.455875461388561387e-01
-6.916180915327869716e-01
3.114869579060910443e-01
-6.728777174674069883e-01
-8.882286819302966929e-01
-4.230251092004411184e-02
7.085788176758411883e-01
-1.490683554106959630e-01
7.712640760748674662e-01
-6.995691171100244521e-01
-4.466457342804346364e-01
7.737218290838954182e-02
6.871811410742776349e-01
7.091700882083562529e-01
5.225618932838544950e-01
4.201868720553865177e-01
-2.931051038479457471e-01
6.504746087793420450e-01
-8.133046597482367357e-01
-6.857244478522721565e-01
6.625407063688304454e-01
-8.113274174072691025e-01
-6.420749891980714885e-02
3.474930607169284258e-01
-6.298097698625664265e-01
1.349505700143671660e-02
4.469597475810744847e-01
3.263096654114490125e-01
-5.905615209596426496e-03
8.254749221113533153e-01
7.648392867777722426e-01
5.165252502719481775e-01
-2.811432863877965094e-01
-4.277714069750442327e-01
9.624398474244306723e-01
9.032251135300224387e-01
-5.512730369924137008e-01
-4.980895683033650378e-01
-9.558872321117444226e-01
