2.243495276396603177e-01
4.836634007147435632e-01
6.258698127700261793e-01
1.960097542937966342e-01
-8.184985190492937157e-01
8.658998844695067199e-01
4.884015671157928562e-01
-5.283649814992688043e-01
5.279247510730100679e-02
7.853308810394554751e-01
-9.501565833137377570e-01
7.760060581327243856e-01
-8.280713245843653869e-01
-8.932399364332328506e-01
-9.479160392291772208e-01
-7.460630399395924428e-01
7.172958670398092984e-01
5.758553345437156246e-01
-2.503039926805139537e-01
7.512875944704289211e-03
4.631205701916611961e-01
6.608020689912581513e-01
1.343350047592986041e-01
3.973205283593617132e-02
1.975241862010446159e-01
-1.852392743828330524e-01
-5.561268212547196832e-01
6.190042389299905690e-01
8.221980855623904905e-01
5.963308081332125976e-01
-3.271772180822312137e-01
-2.234121348123205841e-01
9.507919147689860573e-01
-9.516705173545489949e-01
-5.413640896650484535e-02
8.313824181720910200e-01
-5.522050559998252783e-01
-6.028902692428477206e-01
-6.999993274697562384e-01
-2.534640436644945982e-01
3.888359902465994278e-01
-4.343522821531473621e-01
3.707849379944305745e-01
-3.401019000315739227e-01
6.867161288429204369e-01
7.652069485862282860e-01
8.033997145456472921e-01
-1.797694364336293038e-01
-5.317706212081090289e-01
-6.403215155415069582e-01
1.763349873311870208e-01
8.214122290701639795e-01
4.623288195400900857e-01
-1.534073846024319732e-01
-6.992449164978273846e-01
-4.950512830348938742e-01
-7.133823140887436409e-01
-1.599209804839669680e-01
6.153369413152653955e-02
3.008049824507406100e-01
2.036984436903486184e-01
-3.861204388832635281e-01
-7.598252841818313730e-01
-9.094732896796491328e-01
-9.495989256843275772e-01
3.488495376295628336e-01
-5.093223272282632053e-01
-2.771382322893023442e-02
-7.326098261063098693e-01
3.333421893988455231e-01
-4.165360644427003045e-01
2.725880520487393710e-01
-8.283475802133766219e-01
7.881525082899141221e-01
-7.685617809434006631e-01
4.730399331643335703e-01
-6.363964639449415372e-02
2.634350521617561114e-01
8.895482631544706642e-01
2.203699987596203780e-01
-3.678847477241373731e-01
9.997589333369067965e-01
9.611634036345018117e-03
3.345937020538913842e-01
9.195823378854435237e-01
2.924635046305823494e-02
7.169447610592785125e-01
-1.804310535848154817e-01
-3.942413592124016652e-01
7.694617295897570042e-01
4.516766057896510755e-01
-9.252563328011520483e-02
1.170656901896462987e-01
-2.473190605592663349e-01
-3.928550367108498698e-01
1.965416686816663372e-01
-7.929312063088871376e-01
-5.837451693930644225e-01
-6.785697963725159099e-01
8.138345204346197903e-03
-5.897618471292256359e-01
-6.890628002815479825e-02
-1.530098313782943809e-01
-5.335002245758277972e-01
-2.277952513106824561e-01
-8.620149837643773516e-01
3.408359220255396949e-02
8.208543114551325459e-02
6.571867834450018098e-01
5.841568475152751905e-01
2.780946657834015845e-01
-5.571992173396176362e-01
-6.929088704142323252e-01
5.916772418782456633e-02
6.911588786942792773e-01
9.544709435166707223e-01
3.460662139236516666e-01
-7.672391001743943395e-01
-8.541251550155875005e-01
-5.545973159733241786e-02
-7.949325988927586906e-01
8.250281555783132159e-01
-4.030616484182656389e-01
-5.419789592263677402e-01
8.968108879972114256e-01
2.600919520589923817e-01
9.952831313259791202e-01
-2.403917019463297500e-01
1.620531946868513096e-01
8.771484093722061726e-01
1.088400063221395264e-01
7.731450208938990265e-01
6.166016172859329902e-01
-2.350941133401796002e-01
-9.259329831587221893e-01
-2.053454107589991473e-02
-7.979463782774600666e-01
-4.476976269396306662e-01
9.479869822590865081e-01
-2.189223944792386689e-01
6.390490055741793185e-01
-8.401143302618112596e-01
-4.851705975338080901e-01
8.581345492150425081e-01
9.099764027432424296e-01
-5.991367592470968617e-01
5.817556927415115098e-01
-7.542369828352191163e-02
-6.042806975275827330e-01
-8.258893912576541485e-01
7.417761097775656953e-01
6.002010087474940470e-01
-1.997209872912060202e-01
1.743830182876475732e-01
-8.226613636971424892e-01
-6.248505002175830381e-01
3.831539089134847753e-01
-3.909076464334115819e-01
9.570031883911784831e-01
-1.009453349955669044e-01
5.867765273853440267e-01
-6.303852457661358599e-01
-8.459286978780609090e-01
3.669681495814871575e-01
-5.774311204646487283e-01
1.327361146025074490e-01
4.443136921490882241e-01
7.867471680891213737e-01
1.113438869262228792e-01
-3.999126295210095883e-01
6.852647416799992897e-01
3.601548938182765891e-01
9.528251453742970778e-01
-4.593762828064982262e-01
-4.912197084749414522e-01
-8.112070617501663250e-01
1.240465325457758006e-01
6.812722917453548632e-01
-4.256495249905447587e-01
-3.930846556995144514e-01
-6.420482681354278132e-01
-9.419716548460823624e-01
5.684572892589814241e-01
8.351649008510175776e-02
7.133274303753123213e-02
6.608399574331222937e-01
-8.810452958062946482e-01
5.143539518368942520e-01
-2.232541468310091926e-01
7.486301076484487282e-01
6.606521785834806870e-01
-9.064979463489386546e-03
-4.667599370217552224e-01
-8.681968545638103496e-01
3.636759088784511373e-01
-5.402771325300332883e-01
-4.946242362176371810e-01
-9.500247545282292094e-02
-3.473213337786276167e-01
2.631401262981114542e-01
8.055014370067572482e-01
-5.206726494371949343e-01
6.603458127258947652e-01
9.856965890472686453e-01
-9.707499671110155770e-01
3.674319728095065685e-01
-4.078321622774261357e-02
5.084634346637693092e-01
-6.339975602236334051e-01
-8.875879707441804989e-01
-5.811040950804802208e-02
-6.940752928620219642e-01
7.248177733242888721e-02
8.076569876364223521e-01
2.733228645290775027e-01
-9.909949202336856278e-01
-6.779715934827936774e-01
-6.078707857703564699e-01
8.322927488073343927e-01
-1.058451471707377856e-02
-3.374378975021441462e-02
4.524691513938332577e-01
6.262944778486676523e-01
6.807158194401856655e-01
4.758033991699335274e-01
3.351173100346753753e-01
1.489499274869601209e-01
1.306305576432760240e-01
1.139350093702482525e-01
-8.970320604314840907e-01
-3.125161096677133710e-01
4.827034137585086704e-01
3.515972926594712611e-01
-3.104425108298980440e-01
3.018447878261416584e-01
-9.102898179347096441e-01
-5.862862755849440610e-02
1.920220066690283556e-01
2.307972379535552232e-01
1.113243645588453123e-01
-3.282089020755925013e-01
6.453882203551475349e-01
9.301068537096628397e-01
-1.087853261236937374e-01
-8.505673721885138594e-01
8.012378219560403192e-01
5.251717646474705070e-01
3.420721284679417717e-01
-2.433939071097979134e-01
-1.718601290632157941e-01
3.097413515618754332e-01
-7.479997407851515234e-01
-1.883197883126688232e-01
-5.587043326735432469e-01
9.329261342155950043e-01
-9.646195066334490864e-01
-2.364324030000306553e-01
8.291034824709906381e-01
5.718010447240073901e-01
-9.991033666897708443e-02
5.293722574300947503e-01
1.013929204819636887e-01
9.020976296661620264e-01
1.714290863157501565e-01
-7.842335597098348821e-02
