8.330076045747987212e-01
8.442983613034800161e-01
-8.380272695256967275e-01
-4.297695256710392098e-01
-1.578224106278491856e-01
1.442986162307904330e-01
2.418553798009481781e-01
-7.139008429152835511e-01
-5.161985065293457353e-01
8.860003321017926314e-01
4.524758337029284316e-01
-1.690161879491416386e-01
5.359686188545060848e-01
-4.371770012468143563e-01
5.118494240985427268e-05
9.290776321593479103e-01
8.185357072599210859e-01
1.310985202690555518e-01
-1.035830205513434965e-01
2.387846853693598170e-02
-9.914852476671978110e-01
1.942022167482784223e-01
9.533210931901778817e-01
-4.931248912533852113e-01
6.339538400554403097e-01
-7.350202482344627697e-01
2.224183827606394104e-01
-6.345871856673974687e-01
4.564330133255092292e-01
-5.555602788034594841e-01
-4.432997402888558813e-01
-2.373457729785093395e-01
-7.992895214382109703e-01
-5.589307559440674922e-01
-4.890450143718805265e-02
-3.941612516953134637e-01
-8.262781457837278243e-01
9.569215250087337310e-02
8.541297534314393758e-01
-5.609164870305627382e-01
-4.561396049294901278e-01
-8.416943274032684386e-01
5.782244856835825342e-01
-5.719291119045817329e-01
3.153137111354158417e-01
-7.807600198925424007e-01
5.413229269599213467e-01
9.440185739723161440e-01
5.611452641598397850e-01
1.621882161716050597e-01
-2.044235518319488243e-01
6.028790247482009867e-01
-7.358680099479737446e-01
-6.772120103713772377e-01
-4.551512260891070749e-01
-8.542524263986717159e-01
-6.810699947446898772e-01
2.374169870393982862e-02
7.878262015639350135e-01
1.530304271154823148e-01
-6.870715500189898961e-01
-5.953182443607651919e-05
-8.856138457584414869e-01
-6.144232580461312931e-01
-7.516215626503655045e-01
3.167225365840189433e-01
-5.145454146455508138e-01
6.835862234704062068e-01
8.776979583718762523e-01
6.097093804063513645e-02
3.102549455672878320e-01
-7.644272364288551280e-02
5.911602636978448011e-01
2.401655237430575518e-01
1.642391508996516869e-01
7.081847704555508383e-01
-8.403939544316965105e-01
-1.834838555352982237e-01
7.364121911829164535e-01
2.981771310493031013e-01
-1.331475738582166279e-01
3.633270084133783939e-01
-9.205169588617452270e-01
-6.270425870226656873e-01
-4.518987868152568588e-01
9.232994372313945153e-01
-7.534340390874558757e-01
1.796012615829074566e-01
-3.555190472896101461e-01
-5.076137013889243654e-01
9.193381183365489928e-01
-7.092792158969889460e-01
5.399660131143946273e-02
-9.096399335903431194e-01
7.256373171558632151e-01
7.362138362695571647e-01
7.112855899680550209e-01
3.133231937292251246e-01
-5.976085818181202658e-01
-3.086516325750259249e-01
-1.947582888838923498e-01
-1.784789135935529458e-01
-2.513670978364297426e-01
-3.327415567124791806e-03
-6.383216522109071978e-01
6.400454811201587990e-01
-4.935977472498929153e-01
-3.218905895872883338e-01
7.928400429208992684e-01
-3.097384793018318483e-01
-6.382977937763774090e-01
-9.548510813543171771e-01
-2.424348837753065311e-01
4.493669631057772840e-01
7.473160327907029110e-01
-4.395963746412270279e-01
8.488201816087082019e-01
-8.677209328854325054e-01
9.931615502220954017e-01
-9.723854272256060582e-02
3.150563913716568631e-01
-9.633733473451768781e-01
-1.393300201953997508e-01
3.397501619928902095e-01
-4.342602015038161678e-01
-7.825652650915670971e-01
-2.618916267782105400e-01
-4.131738580527943849e-01
2.199645910616809807e-02
6.068885753648072257e-01
6.347674292746394720e-01
-8.952995245094523824e-01
8.237973598027139577e-01
7.444045249429476208e-02
-8.550947646113002953e-01
2.643856789069147784e-01
-4.495630015736939988e-01
-1.299202600666271579e-01
9.248327063936152559e-01
9.988106264191149997e-01
6.485729816822509708e-01
-4.954071736111220758e-02
1.933608538221738282e-01
2.998407874529975814e-01
6.059556250656292775e-01
-6.346808651340476448e-01
-6.486482111311249188e-01
4.535324032938392591e-02
-2.762916803868322724e-01
-5.620098301319289558e-01
-1.044962110690828005e-01
-2.635976515594142811e-01
6.984107741095240129e-01
5.739209263875986178e-01
9.071555145163436862e-01
5.087589387017936726e-01
1.252453237298722932e-02
6.416022802471050834e-01
-6.752951106536597692e-01
-4.053127628237391811e-01
-9.121782654299102067e-01
-2.676669263030329038e-01
8.729744495186249065e-01
-9.107683317396950695e-01
3.629431313181570307e-01
-4.626806355119670311e-01
-6.461389977048637157e-02
-4.164908777361986392e-01
4.251984433326254642e-01
-9.961824045099665348e-02
-8.663271698420980105e-01
-4.647448603731105798e-01
-9.206897415773991344e-01
-8.755968778085718718e-01
6.228044634883327380e-01
1.648723697178016145e-01
1.440983858393960482e-01
-8.280388453851708075e-01
3.582940291480065653e-01
3.941285137480639023e-01
-3.701203138747062305e-01
6.099171177887179329e-01
-7.754686623826596570e-01
-6.477518308329086594e-01
-5.102099650960290056e-02
-5.355155618853357780e-03
9.610696073860620636e-01
-9.504996153970823869e-02
-3.409183077501374282e-01
-3.211924466472633188e-01
9.644659207233563514e-02
-5.623102289338641757e-01
-7.866433272891284467e-01
-8.248296149853917569e-02
-7.183078554971527030e-01
1.538722638578482460e-01
-6.502240317933238867e-01
-1.267264207317597702e-01
-6.517643531331152040e-01
3.293440045260838112e-01
9.567394526788859377e-01
-8.098875091301842577e-01
-3.769522039240347233e-01
-9.047376547625527454e-01
-5.108133716059004570e-02
3.171501522423387787e-01
-4.040810736481792453e-01
2.188187543260975421e-01
-6.610668357684377217e-01
-5.156802423492090615e-01
-9.146821438325423159e-01
-6.557856995028774616e-01
5.836397687625090036e-01
4.959985126214554452e-01
7.645169439506249720e-01
-9.638931246832074251e-01
-8.343998991892507266e-01
2.641846974820694083e-01
-1.569709078904442112e-01
6.191616579751513250e-02
-3.085969878537093702e-01
-7.601918137083234495e-01
8.661841768556011179e-01
-6.098942906003852471e-01
-7.684117831248031827e-01
1.456893625410622395e-01
-6.322340172111569068e-01
-1.038682245958764128e-01
6.983190084492501004e-01
8.352919841176036364e-01
-5.643924690702428748e-01
3.775527046676911969e-01
-2.822884962222442784e-01
1.800387718536977655e-01
9.568263801836363047e-01
-4.434989336051307074e-01
2.763889661857823477e-01
-6.422771752149425417e-01
4.641548493491640670e-01
3.222093180102354459e-01
3.501628381528869571e-01
-2.287886144548176848e-01
-2.523085408079774883e-01
2.802272519742741164e-01
4.320052905008799904e-01
7.396565500744072263e-01
5.719902954214417523e-01
6.039906126390692798e-01
-1.141338144733450299e-01
-2.664598953185610686e-01
-3.002533463472341069e-01
-2.069517382123624571e-01
4.852013409852107273e-02
-1.469197886024391497e-01
-5.648988403127890301e-01
-9.367214033822068853e-01
9.325539877366386676e-01
9.551500662483938253e-01
-3.256382653490468293e-01
-5.000398013479527837e-01
8.519361662273550184e-01
-1.785485588208317598e-01
-7.578227699003523554e-01
4.588808059457483157e-01
-8.280685554277980032e-01
