-9.623996711680256055e-01
-6.098566266684124493e-02
-7.126756440881560906e-01
6.968334754412133236e-01
-3.862249591219089062e-01
3.420904837106577556e-01
2.262719462848798990e-01
7.531862161007258916e-01
9.582494465959583430e-01
-2.081954530220846422e-01
-9.604154133863433973e-01
-1.103592030525362144e-01
-6.890863187889388897e-01
6.866444694608113686e-01
6.401737392900641588e-02
-3.848454017299789420e-01
8.296795083512404911e-01
-3.972136418360396881e-01
-3.905411855129468091e-01
9.812213297338323592e-02
-9.765165539949187679e-01
-3.206311857755566042e-01
2.923626703279100791e-01
2.798116156667698196e-01
-1.704426931683404867e-01
8.406364890089768060e-01
-5.794291872309875746e-01
5.370031856829691197e-01
2.796762014546125830e-01
1.018917140651773856e-01
3.935385697914364211e-01
-3.055921000101020635e-01
3.460621955664322513e-04
2.939763347887265343e-01
4.362594877804537585e-01
6.166141090576193751e-01
7.634685901842679367e-01
-7.639853307589992149e-01
-2.565769049139650093e-01
5.649687949570236789e-02
-5.897786630299541866e-01
-7.116347928534698664e-01
-9.218955796599015429e-02
-5.730437855507972689e-01
-9.152723157423192646e-01
8.264936597499299431e-01
-4.615280850427241344e-01
-5.522592140414694928e-01
9.371501508886519449e-01
-1.099014632211052778e-01
1.877562962874774755e-01
-8.149273889957748818e-01
6.718700740912968428e-01
7.539482242311368321e-01
-8.469134401835771708e-01
-2.473887877613418773e-01
6.040875081548739978e-01
9.382320890442752415e-01
-6.158262994154708458e-01
-1.104236826333979682e-01
4.409977993691127640e-01
-6.455069523279430843e-01
3.482249202926142040e-01
-1.554649913029630959e-01
9.164307840027732244e-01
-9.584492716046051353e-01
2.446291959199802246e-01
5.676468320392142886e-01
-2.421401695032130430e-01
7.058241730464733799e-01
-2.824844755138380403e-01
-5.136380252917185363e-01
2.697674829580662959e-01
6.021636788173658772e-01
-5.744699033690827683e-01
6.077114324772019405e-01
-2.265715189844361710e-01
1.812418002650737492e-01
4.845979262458386394e-01
-4.886340732140332932e-01
2.700296319102957199e-02
-5.695324792459968144e-01
-9.612430107452982764e-01
-2.187311165729741713e-01
-9.596485412747133292e-01
-1.083029877378562933e-01
4.714616198190288987e-01
2.313313427328074212e-01
1.184923570169966744e-01
-7.822549093678801135e-01
-5.316572728779356272e-01
6.473989540411448917e-01
-4.905815285224217615e-01
-4.184637048461339326e-01
-8.666706848537648611e-01
-2.384004582821395157e-01
-6.360171270142231936e-01
3.799908231993975871e-01
8.313814504265928385e-01
-7.769873821185175888e-01
5.559671818941058774e-01
7.020668694942260313e-01
2.279911884207617145e-01
4.398370780922227219e-01
9.512819758850372676e-01
1.572768222898668355e-01
-5.850108496468655606e-01
7.707758328066194320e-01
-7.899680541868072670e-01
-2.833721294717517214e-01
8.991291354908854672e-01
-9.609371277482761098e-01
2.488509790655093479e-01
-8.231210322894977338e-01
1.704771902659965033e-01
-7.201504896450536819e-01
-7.316993561355711329e-01
6.651767729336934831e-01
7.998158479195509596e-01
-8.503870139330054201e-01
9.289437892249194917e-01
-2.091859186829194694e-01
-4.340332192850737680e-01
-1.142280730004907596e-02
-2.873100974055384782e-01
-9.862543688996050495e-01
-1.960015659569060986e-01
-2.862503600031072182e-01
-2.447230013940868698e-01
1.691145494368546665e-01
-8.650741016710439268e-01
-7.146136139040084601e-01
-1.957894546933254265e-01
-6.499743278012877212e-01
6.903891125483996305e-01
4.096166743287699141e-01
7.941596127071506306e-01
1.078927486274390279e-01
7.678701751857974767e-01
-4.852384285261412966e-01
-8.312318887250580435e-01
8.931660210937002464e-01
8.177378702770947694e-01
3.414390038460006771e-01
1.112833839302851402e-02
-4.659169610236697512e-01
2.885799810407307930e-02
8.362430934261080306e-01
8.005124660983726770e-01
8.350481532929332484e-01
5.576681010416997264e-01
-5.590691498922459868e-01
-3.304507810204906360e-01
7.290393415762426166e-01
7.345197665275251531e-01
3.814460724911006295e-01
8.460059911841562030e-01
-6.283104528010490242e-01
-9.754770559958221288e-01
4.615337420863829809e-01
3.658626999526648493e-01
9.333078583103506798e-01
-1.008537633098567365e-01
3.073872708487410677e-01
-3.772647420076529201e-01
-8.665588877063956641e-01
-6.998565256839484050e-01
-7.419524023116541578e-02
7.017515115041887963e-01
9.386946482271940617e-02
-9.239409741140041099e-01
-6.215515873844015271e-01
1.107495515976946177e-01
9.956578643051887667e-01
-4.517891122232873258e-01
-1.173128827782066175e-01
5.374926629351732821e-01
-5.322899628632673519e-01
8.973309724021865108e-01
-6.529840684437229203e-01
-9.962473946637595557e-01
5.487658276471041319e-01
-3.059972802051036389e-01
-7.554346914281251379e-01
7.312512202750689472e-01
-6.674249565933507711e-01
-6.966362100076639585e-02
-5.004449148771992206e-01
-9.420048147433126573e-01
1.306261798656032092e-01
1.469010954158900262e-01
-3.565899541797872274e-01
7.630869208264234871e-01
3.701223961003894392e-01
9.812465053098997636e-01
2.959320928220467994e-01
2.526204326874534889e-01
-7.561062825385249653e-01
-8.450058177729253828e-01
3.320335852939091392e-01
5.758553973456197461e-01
7.633503772906942153e-01
1.644694116461786759e-01
-7.445025207208260110e-01
-3.260944850494902347e-01
-4.902155473505200867e-01
-5.960155979459067499e-01
8.733581825634586515e-01
2.228187987453853491e-01
1.152909428959754123e-01
-6.263574072570530227e-01
-8.710754042175188339e-01
8.602336192975321705e-01
7.036885447022458440e-01
-9.840278238389814636e-01
3.616007280926201162e-01
-7.011210663290947664e-01
5.513562778133462849e-02
-8.972802458932271907e-01
5.158063836245396772e-01
-2.170701713455136517e-01
2.536741752475215606e-01
7.300227606303242300e-01
8.372501588839558195e-01
-8.546415204770541063e-01
-1.447767554695666981e-02
-4.342346952330289334e-02
9.393763114249948920e-01
9.300249979637238429e-01
4.684688339173523897e-01
-9.476533592737934608e-01
1.399579518505738029e-01
7.037378724806078178e-01
8.067793178241342567e-01
5.235659405622763440e-01
-6.756710551502498330e-01
-7.323100925949357354e-01
2.299283731698564814e-01
4.931676316737281240e-01
-4.377557395256279626e-01
-3.040245577558688961e-01
2.514804422910554838e-01
7.410604237347679923e-01
-2.252086495370744235e-01
-9.551446005054486932e-01
8.150822170970213332e-01
-1.779305606708092569e-02
2.447116488993166250e-01
6.022166897941945152e-01
6.772873596719557465e-01
2.232614069757219433e-01
-1.014956861377578345e-01
3.310139032372945156e-01
7.203547653966384523e-01
3.321556702430423780e-01
-7.031344396130743135e-01
-1.597563647183963820e-01
4.782167188759456344e-01
-8.575492565762237174e-01
1.800417612264437750e-02
4.899180051074258913e-03
-7.500271040325969807e-01
4.639918840893086927e-01
-9.317366549356860261e-01
-6.988479287444608890e-01
