-3.969452701158839858e-01
-1.881946956279549887e-01
7.219529441759202637e-01
-7.337381901660511296e-02
7.543333000646530451e-01
-7.574359546144466826e-01
-6.688053804453619744e-01
1.616492233644437615e-01
-4.025301011806783347e-01
9.935192991147645536e-01
-6.150869167270287541e-01
1.428210470507709218e-01
9.129835859468344861e-01
-9.093349825785119744e-01
4.334348610182059414e-01
6.671202030024419027e-01
-6.488538258731570973e-01
-7.949903767130246379e-01
7.436118677384233600e-01
-4.184945012547944820e-01
9.189023053551255149e-01
1.053029308712938317e-02
1.828053652047103572e-01
-5.548915650022352430e-01
2.648347738894694103e-01
7.030326709868204293e-01
5.391606467833707228e-01
-7.135904456125348183e-01
-8.667686425946161677e-01
-4.703120135719396355e-01
-7.446098151500426532e-01
8.517428029659646072e-01
-6.548625115846531397e-01
-4.411155297719273616e-01
-3.785917144458088579e-01
9.807388255121567422e-01
-7.318410377114308307e-01
3.142210581730660035e-01
-9.500377811711382403e-01
-7.911636241697106442e-02
-9.417882948084421724e-01
-5.579643747034932488e-01
-9.269604867719334340e-01
-9.155603440046453656e-01
3.582998972083972777e-01
-2.769381060585549559e-01
4.527951949581388025e-01
1.587980028015978373e-01
6.126952128296476729e-01
-6.148991129795911004e-01
-6.577235523667592787e-01
-8.241287049904058026e-01
-2.528593582820046759e-01
-4.798637347254011143e-01
7.986936924172047814e-01
-6.649092259689051154e-01
-2.868362946887517140e-01
-2.598664288602254846e-01
1.920915280749706522e-01
5.198381096947004565e-01
9.404970906970477884e-01
-9.732413957932146698e-01
7.172010767599967807e-02
-7.385549378264681941e-01
-4.291768630574250842e-01
4.202012284943950071e-01
-3.422666065615600495e-01
8.211263278488249995e-01
9.140438517163222976e-01
8.251364967483947321e-01
-1.042799351302738931e-01
7.935766980958969263e-02
-8.542505582128079311e-02
-4.395969168997380105e-01
-2.396615187086685861e-01
-6.391815644968024124e-01
-4.243539620360656794e-01
5.983470346478214630e-01
3.921361494663524461e-01
6.055531575320001192e-01
9.512679355783715263e-01
3.668482600826343809e-01
6.162958033446053197e-01
6.995861244986043559e-01
8.653220961404179956e-01
6.634342267197550491e-01
9.992857376809300973e-01
4.029367315155685247e-03
-7.270827723647350638e-01
-9.247878087566934191e-01
-1.165643222487950936e-01
-6.001491471220288254e-02
8.601126275472159577e-01
8.287549898895407718e-01
3.872142627940957649e-01
-9.930330457877500905e-01
-6.723498002164900456e-01
-4.148733236060933027e-01
-3.995869273998491344e-01
-2.670908904321565025e-01
2.208466943704379126e-02
-6.013234337525290574e-01
5.291974704587949496e-01
-5.206350849584391316e-01
4.911950214230420553e-01
3.737075895527579572e-01
5.829941394480759875e-01
5.498048319255113281e-01
-7.685887021269566244e-01
-5.612864519644915617e-01
-3.187361658872567283e-02
8.541880075733225830e-01
8.931159965097676956e-01
-7.153753923581704921e-01
-4.940786406401640463e-01
-9.198061776841992554e-01
4.666732906026476169e-01
-9.617816580019433736e-02
9.362171459062667012e-01
2.937228806446268159e-02
1.732541717398827785e-02
-8.590160653839307159e-01
-9.254004858658351207e-01
1.137174327839631793e-01
8.840737578913417938e-01
9.878880074866311922e-01
2.540859384682092603e-01
-2.270477321043129493e-01
-2.615062184739858075e-02
5.736024366302645561e-01
-8.541901691127495866e-02
-4.322853844490763819e-01
-7.518105227848159711e-01
8.308852997236741977e-01
1.179728707001337362e-02
-8.413892371068090181e-01
-7.974060912614353569e-01
4.176514232266246296e-01
3.996812088825745235e-01
4.967400910845851669e-01
-7.887545567516005551e-01
-8.846608335034893411e-01
5.429593370236345251e-01
6.519700400181838162e-02
4.399385953309902231e-01
-3.749884237099090356e-01
-8.432026034989106300e-01
7.445565061055194889e-01
-3.630794655026465811e-01
-3.866019265161224627e-01
5.897443211139683505e-01
6.095415881505075184e-01
1.883383836139114198e-01
1.374172228053667233e-01
-7.944654537893591773e-01
7.742951374078066440e-01
7.825239945693347465e-01
-3.244453062719689918e-01
6.948461147648039571e-01
1.998355410540006982e-01
6.104590556403011181e-01
-9.696000400983422196e-01
-1.088105283612621488e-01
-9.766791074900116332e-01
2.092679998134170383e-01
-7.488108023731572249e-01
3.655825004490391716e-01
-1.454934173527691055e-01
-2.064382294541540208e-01
9.513226404131374103e-01
-9.048091002026756868e-01
-8.809228681061964661e-01
-7.328268199638301450e-01
3.587365113234959324e-01
6.029284843832942720e-01
-6.035401745779396254e-01
7.245375276547671994e-02
7.579417248596371781e-01
9.964744850308577817e-01
-4.759954097030001385e-01
8.756581851003950590e-01
-8.821229318374699258e-01
-4.722602938651772053e-01
1.517225403801969463e-01
8.448863448073042903e-01
-9.651420770913907710e-01
1.207901384279521650e-01
4.099064146147390897e-01
7.125334299459467058e-01
9.526318311407382389e-01
2.634517984417259484e-01
-2.274930519090823111e-02
-8.465967919897583460e-01
-3.417444189152762934e-01
7.728825775337362369e-01
4.338077171616006034e-01
2.164274724487544876e-01
5.423033058750246216e-01
-6.214326128532117188e-01
-5.972503926965540000e-01
5.387293783908306821e-01
-4.051855094165488502e-01
-3.395143615163727091e-01
6.183490435704968036e-01
3.851594726301583727e-01
8.934314365109459199e-01
6.064801368552417138e-01
9.439277849994684999e-01
-6.600950387422250820e-01
1.306437352622791259e-02
-6.894911312289020433e-01
-5.104859885369084083e-01
-2.644027839976295091e-01
-1.952563012948622667e-01
2.177265318587739973e-01
-5.803446959669706917e-01
-8.196304895432415805e-01
-2.559723677784742080e-01
9.659594171369205728e-01
-6.324192971042836842e-01
7.148383242882847544e-01
-8.933565658644742058e-01
8.495303513380823013e-01
5.552981712450117957e-01
-6.757914094580426134e-01
7.888821630989168998e-01
-3.212789021416546653e-01
-9.566881783586462795e-01
7.350304498267623554e-01
-8.230466767879798251e-01
4.308391176484243079e-01
-6.414978361320879952e-01
7.250102281720427477e-02
6.669141584395186229e-01
-2.723201988936703177e-01
4.303875753411292582e-01
7.117767608290679338e-01
2.128248482093408889e-01
-7.623811802751194744e-01
-8.413011541593646836e-01
-7.468428569937430872e-01
-7.238401598747929988e-01
7.820462067171463083e-01
1.188544212060054228e-01
-1.587313350882957330e-01
-1.667121072688972916e-01
-8.826091170595737889e-01
6.924135138436868786e-01
6.686694268035813238e-01
2.894693178875913375e-01
-3.169915620065466566e-01
-5.076690527986855717e-01
7.319644586774425310e-01
4.278105353151453460e-01
-5.590400997920390580e-01
-3.247997743702406570e-01
-8.140401077677263952e-01
4.854414332462000381e-01
-1.856084887721511922e-01
-7.612107283274336389e-01
2.144436301116143806e-01
-5.877424192912592549e-01
-3.128000085194078128e-01
-5.869458581974638101e-01
3.737696829599441717e-01
