1.090387015173299723e-02
-4.069388284493755670e-01
-3.885113340343266941e-01
9.266516362877204038e-01
2.758864037179571405e-01
1.013249541880216764e-01
-9.277926429534955055e-02
5.733124400753015770e-01
-3.993172304796213101e-01
7.890335143054367784e-01
6.772338213473863000e-01
2.957304682250643246e-01
1.830969649484275319e-01
4.955742426920708432e-01
5.069393874305050396e-01
-2.497961205268839358e-01
4.529218400154673141e-01
-6.282124577471241977e-01
4.494511903439080136e-01
-8.533213667326078333e-01
-6.646513686688111378e-01
-8.910127652130850340e-01
-3.973422261986956361e-01
9.074415107463984498e-02
-7.675611678852458652e-01
-1.284236290302269712e-01
-2.709038228848730245e-01
-2.364275811590312859e-01
6.028340691333506918e-01
6.793626188133894406e-01
2.031832517356939594e-01
-8.179246421064487738e-01
8.041287108373051939e-01
2.043606786293692412e-01
3.062004320990221462e-01
-5.133285652133559029e-01
-4.814187041910447107e-01
-6.397953360203527673e-01
-1.246369367152357910e-01
-2.935903052456478868e-02
-9.251654108298543733e-01
8.768526034312196238e-02
5.005412984899981765e-01
2.530431623259190577e-01
1.761594494583258452e-01
5.996694178074020165e-01
5.873007067539666171e-01
6.714387656832423446e-01
3.496212773496241155e-01
9.486656086179603431e-01
5.712124969488174830e-01
4.170341325671895749e-01
-6.809356213082120579e-01
-5.968777879880715620e-01
-2.847648671725195868e-01
-5.777848121823516703e-01
-4.214708855260713705e-01
-4.985018888912979840e-01
-6.213369598385010129e-01
7.103632995611284251e-01
-6.125311758899649739e-01
-5.750014645526020374e-01
8.497758336438705484e-01
-6.579040175103683108e-01
1.703602178049881122e-01
9.188586119814152742e-01
-4.021618574292307180e-02
2.010728040132532257e-01
6.461303707679579844e-01
-5.673547406126626669e-01
-2.507657639041485087e-01
-9.055326295479491083e-01
-1.015436778103677717e-01
-8.248287560789619999e-01
5.261069941993978816e-02
-7.246994801130623998e-01
-6.355506314890599917e-01
-7.675044012849885355e-01
8.491016350921141154e-01
-8.286927524948062285e-02
-7.879816617332742190e-01
-5.295632227862556718e-03
-4.067757670765770328e-01
-7.742192213700480607e-01
6.741065927276885805e-01
-1.146051419145686090e-01
-6.316877236201823287e-01
-4.402425988071403395e-01
-4.239018478236273868e-01
1.925692877769695777e-01
-6.126059389529174837e-01
3.092354173651545857e-02
-9.009765591645215732e-01
9.480855224275916981e-01
3.566256763387221085e-01
-2.132947929797086584e-01
-7.985441316578394400e-01
-6.079992661943731669e-01
-7.601326576303653049e-01
6.913382708739617133e-01
5.634054291525880664e-02
2.591059114982705580e-01
-8.104849397799576138e-01
-2.880309442440962542e-01
-1.252152989996095922e-01
-7.546518427597985745e-01
7.690127906221806420e-01
-8.493353213975485261e-02
6.373207352605458897e-01
3.945063518272704517e-01
-1.721088053678048180e-01
-6.081780611862397379e-01
-7.786964060401304621e-01
9.578691914626866755e-01
-2.005107316635377224e-01
-3.980785619229498806e-01
-6.871297354177929861e-02
-3.742360754134737011e-01
3.591057956450889321e-01
9.101389935886721183e-01
-8.131857820345238519e-01
3.936965965261081113e-01
-7.692197338374051618e-01
-4.791793698247659439e-01
-3.796633225695671410e-01
-3.527592466984774688e-02
-5.941747202502289937e-03
-6.175160205758094545e-01
-2.869214820559444767e-01
6.721112818940717659e-01
8.863350732612351734e-03
-4.900752662407685811e-01
5.292446095282965501e-02
1.510565611958676335e-01
-4.722209650750170962e-01
3.496654727415291486e-01
-2.442301986123744939e-01
-5.322890291680417718e-01
-8.464152542985732275e-01
2.438540058169988978e-01
-1.890769827556892935e-02
-8.481880347230696948e-02
-7.817948573246398247e-01
-2.961502087178304876e-01
-2.160126253230936211e-01
-9.498855338128300296e-01
5.409124153331834606e-02
-2.982413545778530573e-01
1.785535205231665312e-01
-3.420495512897192558e-01
1.785447380504612269e-01
3.030456060369108862e-01
-5.359454454820680169e-01
-7.119320403224147498e-01
-2.411833582875537729e-01
-5.597495787042778836e-01
-9.661794455973597984e-01
-6.454596222020632101e-01
-7.538833873306041156e-01
6.116296883173630849e-01
-7.951575651967104363e-01
-9.374146636696008006e-01
9.496085970639458473e-01
7.878718077418922494e-01
5.865979776723957428e-01
7.560980333368130246e-01
6.936997389631704980e-01
1.783202851593372884e-01
-2.264151653616308657e-02
-5.100141629760046591e-01
-4.668924953120039412e-01
6.103632177907016843e-01
-3.482992435311389468e-01
-3.037117789422125735e-01
6.564937204891734268e-01
4.608502781461585318e-01
-2.242058465185976512e-01
3.199828145981784555e-01
-9.046126681167920847e-01
2.052758979639552894e-01
-4.716536562751867390e-01
-2.345997999381854715e-01
-4.191732836521813166e-01
-5.217928241551064161e-01
8.055699629229433611e-01
-9.375284352774113650e-01
7.216124405039514578e-02
8.181273886995199529e-01
1.963077312056209500e-01
7.703628285304722212e-01
-2.891915538547276121e-01
-6.902335260133045658e-01
-8.547515138085071129e-01
1.572231714651777246e-01
-8.113909213252059605e-01
2.918061415801134206e-01
-1.662443672559694718e-01
5.394690355718165797e-01
-8.857502128303427202e-01
-3.273389803328230485e-02
9.728779316952456124e-01
8.830075212481116598e-01
-8.392740008287289388e-01
-6.170109307413915722e-01
-8.483790007563349889e-01
5.180711931222661271e-01
7.150591534343457845e-01
-3.035213894387616129e-01
-6.395065809560367409e-01
1.811878848309036449e-01
-9.477399404008586270e-01
-9.069430391136481528e-01
6.321040851922954396e-01
5.128808657279118055e-01
9.600191417506473979e-01
-5.457145567699621669e-01
-7.227903079258659602e-01
-6.367608005771725477e-01
-5.521931768447545519e-01
8.563702344079737738e-01
-7.599396074949151814e-01
-8.883021018190864204e-01
1.679623101372134109e-01
5.165188527186899137e-01
-7.370556551076448137e-01
-2.936375031415279224e-01
-1.949332689157403653e-01
2.034678243057399527e-01
1.841716463374671875e-01
4.605637193756890735e-01
4.616461323200431455e-01
-1.378409735228343092e-01
3.924180590427048809e-01
2.067424657027865376e-01
-8.312724780777847045e-02
-1.350678348753593383e-01
6.974413484904640192e-02
-1.423508285547758767e-01
3.295821838404799919e-02
-4.135207535206624208e-01
-5.744312956363843981e-01
-1.340254781645788817e-01
-9.715977725066156090e-01
-4.672979068731173413e-01
-4.316345916734725119e-01
-8.145206069595489762e-01
4.338689115834879484e-01
-2.136217244001172855e-01
4.477882363704643875e-01
-8.155387129894078324e-01
-5.857810798863882784e-01
-4.218043705257201736e-02
3.210119168538674295e-01
1.512345107225705476e-01
6.585671101333867572e-01
-3.185082994866785810e-01
-6.252229141031406812e-03
-8.618514419440614915e-02
1.789620070419093434e-01
-3.652392535752146951e-01
-8.625105574543601161e-01
9.899242828108629766e-01
6.902777424815229601e-01
5.508204770471316625e-01
5.574164284454634632e-01
