5.361682546489763279e-01
-1.690772024796738382e-01
8.010995693251030669e-01
5.011061740626696626e-01
7.352684390982753282e-01
-6.277360006296488493e-01
-9.451991300348230318e-01
4.565527702301495072e-01
-5.643491955375967706e-01
2.412511713526670487e-01
4.416179450459851719e-01
-5.704244514739311711e-01
-2.833827463395648394e-01
-2.899178482624555908e-01
-1.705515262584309522e-01
-1.153761535435331442e-01
5.312444216072766956e-01
-8.018536486703344845e-01
-4.794257872922484953e-01
3.903805663373545176e-01
-1.339943727986434574e-01
7.259247259901890903e-01
-9.632798413821721528e-01
-8.071538700114206932e-01
-7.516245276028457045e-01
-3.962879586984511260e-01
-2.000191588106503549e-01
4.910469305634257431e-02
1.191957938923682292e-01
2.453495458733503387e-01
-3.107100387772332439e-02
-6.383069699991228418e-01
9.631277366585517807e-01
-6.329483045782184902e-01
-9.587057239949037246e-01
5.441464414867249744e-01
7.812474183051782983e-01
3.579580191677989021e-02
-1.982734848308398412e-01
-8.206869586066638522e-01
-1.412265629914171150e-01
8.584436900019882799e-01
7.122505408206110111e-01
-6.585871768021038797e-01
9.820598840331362656e-01
5.201602017742124051e-01
-3.589870561967056783e-01
6.391406009342663896e-01
-9.909889963344851171e-01
-2.341867727728073056e-01
2.418915887494934580e-01
3.906115539117664959e-01
5.703989861614360279e-01
8.544243783205491827e-01
1.790781069538975867e-01
-7.367837017507814501e-01
8.211744336955084655e-01
3.320851083402016624e-01
6.945105584115272013e-01
7.024362453363801606e-01
-2.046119477140264653e-01
8.363716358709945009e-01
4.994512285145376040e-01
1.592744068377855982e-01
4.534734889424552051e-01
-4.194490819910878798e-01
1.008900334244549057e-01
4.550546501839825009e-01
4.602064290913860933e-01
8.889048142636735150e-02
-9.245359185326895712e-02
-2.424650365015419418e-01
-3.303764746730890600e-01
9.716229355369256915e-01
8.875415486201230220e-01
-8.656190754478321203e-02
1.563402891648453252e-01
-6.030053350987636396e-01
-7.254667733278363784e-02
-6.445109767120276167e-01
3.071189186885510125e-01
-2.483875033095266360e-01
-4.016674390461669741e-01
4.390012156524538689e-01
-4.081938399998705780e-01
-1.566243735080783406e-01
-8.792490786069648845e-01
-4.509823766454956750e-01
-6.744822028525299107e-01
9.857158162480810226e-01
-6.503930877045944747e-01
-6.074525662838132778e-01
-6.017672929780664148e-01
-7.819754089974706446e-03
-5.763993590973142123e-01
-2.179765746350710298e-01
-4.334387704389452978e-02
-1.894614749090959283e-01
5.703268346079408690e-01
3.538122128436227420e-02
8.780945283831000925e-01
8.331044540702785550e-01
-7.935988721111364441e-01
7.090341987395887280e-01
4.787446897850187177e-01
1.785124660673111929e-01
-2.538033168074214085e-01
-9.104741174904495971e-01
-5.681549794014515431e-01
9.946472248845128483e-02
5.290167110311969623e-01
-1.906128474101804748e-01
4.043293578049507175e-01
1.146050306604307067e-02
-6.617707156128704860e-01
5.349150759858756210e-02
-5.544286891189116329e-01
-2.774378876994549881e-01
-5.523822054541953630e-01
-8.787198698644353989e-01
-8.244491979028265582e-01
8.763781945250546102e-01
1.761616258193954287e-01
3.404970709652830330e-01
-2.663618383992620853e-01
1.177469495962268908e-01
6.165665096604218132e-01
-9.621440258525317812e-01
2.473341596274123422e-01
-6.061030767328330349e-01
2.596809618332491798e-01
1.288624404079228292e-01
-8.391739543056497830e-01
-6.605534320849109076e-01
-6.375184287749529055e-01
-8.200526505570646663e-01
6.056094461007517360e-01
9.367546339466630290e-01
-1.667811392175837515e-01
9.462074581143036234e-01
-1.242778237023718368e-01
1.513213815710270360e-01
1.358510552094798207e-01
-5.589534418194221921e-01
8.778707880968701360e-01
-3.856909759849003194e-01
-4.519739919687053575e-01
-9.022470222448437660e-01
6.076386273481158007e-01
1.786212270773031019e-01
6.552631330528853049e-01
7.296268690458163064e-02
6.418298175953429663e-02
-5.649919043881654890e-01
-3.087058297793099371e-01
-4.768329852627770649e-01
9.668925263884053933e-02
6.063065579133550820e-01
7.775417312546641924e-01
3.131421435534826880e-01
9.700201691791165981e-01
2.708789548840695449e-01
-3.890677855624609105e-01
7.078168917936646931e-01
-4.982215301430763521e-01
5.018427459694396742e-01
-7.748230645856812870e-01
-5.653652842576515347e-01
4.657960471304023464e-01
4.966444399629863504e-01
9.723315703946757704e-01
4.338345971700880987e-01
3.009888772065623108e-01
6.676830464978522617e-01
9.879703150663894373e-01
-9.921887747215436537e-01
-3.986396107348120221e-01
4.368578522688457699e-01
8.030418934500744843e-01
-9.229393369302574257e-02
-6.749896089619216166e-01
-1.202621401970138670e-01
4.199771286160727257e-01
6.893551843965188830e-01
-5.998309463886559723e-01
3.046933169510190886e-02
3.090914150217904943e-01
5.696637684222716214e-01
9.265830630543696600e-01
-5.730974419017249577e-01
4.409233612120357915e-01
-1.851612987619941642e-01
4.738243389329832578e-01
-4.785164174307789953e-01
-8.292868367547128194e-01
4.086543790180319213e-02
4.674760181776629331e-01
-2.439994869511505904e-01
-3.624590011827468761e-01
9.770641520721980999e-01
2.763865911061629266e-01
8.412681433626363336e-01
-5.116714551819181445e-01
4.508681523988800066e-02
1.873553764149196166e-01
-3.385905342695305631e-01
-5.567940377253148831e-01
5.301426612439361641e-01
-1.866594391877414161e-01
-4.619114989596175835e-01
9.674663375429994883e-01
-3.145901049595778431e-02
-1.282963798627689833e-02
-5.689748516669403955e-01
3.162650364021550864e-01
-3.961116017832044811e-02
7.147662333649504873e-01
2.570002123840675612e-01
9.059978200289136030e-01
3.030623366873106406e-01
7.875527900913323887e-01
-5.710675180563571374e-01
-3.656429124060431857e-01
7.591166569906897532e-01
9.605581201423274429e-02
-8.957939785359849694e-01
6.356112102419952947e-02
4.888049908016789402e-01
-4.514901963435016263e-01
5.473160529550977760e-01
-7.295732191559058943e-01
-8.657818478741963197e-02
9.224776229949727124e-01
6.853250913605011263e-01
4.766136077339264698e-01
-9.320399876786806814e-01
-5.111557771703019171e-01
-4.171966363201209393e-01
-6.923012950012117361e-01
1.999491055522826244e-01
-1.703470806186562214e-01
1.689431192896122536e-01
-1.317636059041618068e-01
8.190397362678594195e-01
-9.267161454989951697e-01
9.904290532965283056e-01
-3.843253541840248033e-01
1.139090502622743806e-01
-9.044999312614689924e-01
9.849894658007840587e-01
-3.239689925348263611e-01
-1.089581828596206670e-01
9.670724489312287897e-01
7.929919995908016883e-01
-9.700085306942105579e-01
-8.189184151246589050e-01
9.163820057428455623e-01
7.448268003757063660e-02
1.245702451897447993e-01
-9.355676689022016657e-01
-4.896782530882717310e-01
-5.692427185533959211e-01
-4.338185235470546353e-01
4.204408679744207067e-01
8.451714540938670694e-01
