9.591317628694033814e-01
-5.773900759669756688e-01
1.491606271959902141e-01
6.548439148651514774e-01
9.781922902858801727e-01
6.918815536107472131e-01
5.113166384447951351e-01
-1.271355823402979812e-01
6.266606861098200643e-01
-2.951729500702542364e-01
3.518755151965085037e-01
-6.702281715476059443e-01
2.376833496375674315e-02
6.777809304153941117e-01
1.836785745884195187e-02
-3.153731340561711782e-01
5.611896404879759270e-01
-6.636031277388918515e-01
-3.728696557448061277e-01
-2.896197907716668851e-02
-1.499720280140515172e-01
-2.604994126729036630e-01
-6.879083271614507833e-01
-3.345196424317991024e-01
-8.072486801797256195e-01
-5.499645902767900107e-01
6.885322463935081849e-01
-2.998875793320956440e-01
-2.097796877710138563e-01
4.418208439981419211e-01
-4.405552107475907420e-02
1.497725635730344784e-01
-7.195488792486341989e-01
-8.508067031311645767e-01
5.028052001359399892e-01
5.759651611115919057e-01
-9.761768262336119051e-01
8.847998768797891156e-01
5.301427455683005441e-02
5.609831771549365076e-01
-4.474617612781401910e-01
4.558939312743937045e-02
3.492053344777190649e-01
-6.613004683402157191e-01
-4.299403762986775401e-01
-3.678851885592986370e-01
-1.119050993115451309e-01
2.036623792148102297e-01
-3.705073069743380909e-01
4.099955896530629307e-01
-5.425978688212544920e-01
3.100191710895960906e-01
3.161551865438487763e-01
9.732753336625377116e-01
-1.621221948017415038e-02
-8.496215358276046903e-01
-4.657042139070319831e-01
-5.295267062387054580e-02
2.479906630107364673e-01
3.932801558863954217e-01
-8.420843699175712960e-01
-8.057690130890258207e-01
-2.221855258909086750e-01
8.873581342005369965e-01
-2.697993655313473127e-01
-4.634739448822335905e-01
-6.314381829941160262e-01
-3.212326001781811158e-01
2.655187904964877443e-01
9.956593424865574082e-01
7.625410751858625602e-01
-5.150616123391849044e-02
-9.483032144926264451e-01
9.715660586106520391e-01
7.738058344779830122e-01
8.573132618054259968e-01
9.696705922399522226e-01
-4.277368380639514633e-01
9.311671120183331318e-01
1.048577425057524160e-01
-9.392847553884229317e-01
3.544107884453415735e-01
-7.857807587383314196e-01
6.324968220246898198e-01
8.591139698495586785e-01
7.872115483641382028e-01
6.622437768190798657e-01
9.778943786384819425e-01
6.541991279892016564e-01
-4.271083895243235062e-01
-1.923752330361774288e-01
-7.018675945142522909e-01
8.409180984848390050e-01
-4.002281048431304278e-01
-8.581447733046081439e-01
-5.415751277842044686e-01
2.010332616287848762e-01
-5.328141749113095571e-01
-6.379088472659102393e-01
-1.998562094328684147e-01
-6.588034534342599446e-01
8.671453834075282252e-02
1.422865633787986361e-01
-4.565573968341254396e-01
-4.097625250241732076e-01
-3.835719090349389848e-01
7.030286908131024859e-01
-6.034786033331076549e-01
-5.107501342832341251e-01
2.570375553735613217e-01
-3.777522202214573799e-01
-3.087660520812736120e-01
5.824538995846695322e-01
-3.579864914126043018e-01
1.526253716543393146e-01
9.465874715482800461e-01
-3.811245169514836384e-01
-1.493813800189254248e-01
-5.215159199139904889e-01
3.572857423318489545e-01
5.737905521502417727e-02
-1.029885713774219003e-01
-9.717035475222934870e-02
-9.347722437593917189e-01
-4.304182721937175327e-01
5.145096015494714514e-01
8.305011619535898060e-01
2.691417961452657881e-01
2.713299588066653278e-01
9.646720765497631689e-01
-2.957615546369338766e-01
-4.102450827958836754e-02
-3.311823554419854876e-01
-8.248932902306274073e-01
2.240614350566727531e-01
5.767631353653879245e-03
7.738384997737557391e-01
-5.086856850592951229e-01
-6.809215414694866908e-01
-8.015450222451641071e-01
6.012437875897302941e-01
-6.156343801822949935e-02
1.645691030075790984e-02
4.605713914111668750e-01
7.278637459873844584e-01
-2.115979412318385045e-01
5.219049067225016714e-01
-2.731829494958590843e-01
8.097134256172315858e-01
1.685516514372698005e-02
-3.529691259681451143e-01
-7.872286004697981454e-01
-4.543020640508261820e-01
2.694708250593926824e-01
-2.977452191138607596e-01
-7.608310634066526301e-01
-4.281423387132481384e-01
2.775310984633463374e-01
6.135189863774781482e-01
1.949202315593456802e-01
8.902924825379650020e-01
-5.458651349269756370e-01
3.498157701690818300e-03
1.443208969652771678e-01
-5.249492713230052843e-02
7.947911422655600244e-01
7.731584895104397503e-01
-4.985488941964126841e-01
3.027300035183411175e-01
7.168338937464000526e-01
6.296532533371492768e-01
-4.744525720370464938e-01
1.307245782858057481e-01
1.571705883889307209e-01
6.507144660799712987e-02
-1.595026175119906853e-02
5.893211823603212718e-01
6.839920847515601476e-01
-4.470922923431097651e-02
9.411706814385540909e-01
4.533512061311775199e-01
8.700803351994070844e-01
3.554777822884316318e-01
-1.959578658360621173e-01
6.883536812984754061e-01
-5.592177557537936217e-01
-9.147475370523676652e-01
5.475649310262762359e-01
-4.735005155307372426e-01
-9.289623373299220610e-01
-5.706686660133499789e-01
-5.745202157800961551e-01
4.735129313618120506e-01
6.490891682591193312e-01
-7.822904395250902532e-01
3.222518105714020642e-01
9.646564552556284866e-01
-8.112946418145705607e-01
-4.675816855192682642e-01
1.432107961952100439e-01
-2.511139246129459046e-01
5.792169437298642087e-01
1.625884295125505918e-01
-7.779960006388217941e-01
-3.896621374398561155e-01
2.828250865030714767e-01
-2.578447707989135473e-01
-1.216953101261435410e-01
3.206767989682186570e-01
-7.234478073036467727e-01
-8.422490299599569852e-01
1.932464468798857915e-01
9.826912125672881970e-01
1.778403011972666814e-01
-9.357582523137997210e-01
4.105983889077391424e-02
-9.741851083665342692e-01
-7.455306329730135850e-01
-4.743221983491889837e-01
8.522790336334582495e-01
3.261671440368094643e-01
6.730424992811401275e-02
-1.856882580588714582e-01
8.789280746307022163e-01
8.255667456600959131e-01
-1.637628505922690270e-01
-1.739994104661883867e-01
2.052479058330500816e-01
9.690991758368736608e-01
4.887662847235818564e-01
-8.575724709790422118e-01
-7.203122991901984573e-01
4.837688062692073743e-01
4.101887561790955594e-01
-1.412462324232026667e-01
-4.871486318660225301e-01
-1.625799536679486401e-01
-3.941285020416642748e-01
2.485194416762701586e-01
6.104839224481743987e-01
-9.145295804990003496e-01
-8.472459501063416276e-01
6.079736066811645134e-01
1.731056418430239052e-01
4.520740262894997752e-01
-7.782473645696776909e-01
-7.976706081966544737e-02
7.533458787708615656e-01
8.089274967761515001e-01
-3.369305341136594745e-01
1.427923783676354752e-01
5.397907979202165585e-02
6.632190251390484015e-01
-3.120021677553368455e-01
-2.264478662251134811e-01
-8.459355664088015203e-01
-5.162794641622081571e-01
-5.698065468895077146e-01
-8.246055454539580332e-02
1.829519391384686333e-01
-6.745255363023607842e-01
-3.381244054181526959e-01
8.722389043354052962e-01
2.809102385834361115e-01
-8.322779736067498213e-02
