7.051073457777143894e-01
-6.931287639895498121e-01
-1.815685688042742996e-01
-2.394837197004369145e-01
-6.851747460041079929e-01
-9.731205387702710485e-01
6.969559720255291690e-01
-7.201507948803562709e-01
-9.927885457861369556e-01
1.205068165361089516e-01
8.990106061065181731e-01
8.168082046131073248e-01
8.814675136053828908e-03
-8.686301725336122992e-01
-5.868039448815014492e-01
-4.419040160786926741e-01
7.315430084656400211e-01
7.044808425189117429e-01
-7.811380349591048322e-01
-8.971313931953828202e-02
-7.010087167748602077e-01
3.721890224003887582e-02
3.825279265123640027e-01
-1.929525497817508040e-01
2.753731188510704087e-01
-6.011371356190560178e-01
-6.598873958429276598e-01
-7.411511347169505992e-01
-3.106093114334387284e-01
7.851289749159344744e-01
7.621757232311396901e-01
1.044428539714905568e-01
7.907907364731288080e-01
2.900357528363015636e-01
-2.991913159562726854e-01
4.887188947213898516e-01
8.237507831004573511e-01
-4.744671820625714354e-01
-1.474794211193199978e-01
-9.818519467904454068e-01
2.733479843333437298e-01
1.642288890265835022e-01
4.864576132476010617e-01
9.907571887076760397e-02
9.745109406195950896e-02
-5.820996385689114483e-01
-4.298079314010225804e-01
5.461975984987481603e-01
-1.675768286835628285e-01
5.824809917840649831e-01
8.479138798338194949e-01
7.170223585152484258e-01
-5.212449006107082727e-01
8.873318037543298509e-02
-5.422138239528671022e-01
-5.933182347381737998e-01
-2.370994628023117556e-01
5.245158043200910392e-01
-4.294248055958576060e-01
-8.593328859903450745e-01
3.335761759276616445e-01
-2.894983051775281702e-01
-6.132288032069510564e-02
1.827326635410302380e-01
9.913026754417599840e-01
-5.159185878716638918e-01
5.101110418639589472e-01
-8.356495869017310785e-01
9.693944237488452131e-01
6.017680653514743128e-01
-1.673447211491139175e-01
4.992977090606980362e-01
4.203096289429804067e-01
6.111788339160191263e-01
-5.414167358885348946e-01
6.340966606593871902e-01
3.493484110234894580e-01
5.304618813788817278e-01
-7.592950025180724705e-01
-8.698158860271054671e-01
-3.003112684406368249e-01
6.370068521565106501e-01
-8.745516318769723796e-01
9.964659738299537217e-01
-4.705332505616448557e-01
8.979069505030490284e-01
-6.594394927609363855e-01
-3.462705832186843136e-01
4.769650693432128108e-01
4.583745789963360462e-01
-9.337887019114501364e-01
-7.732902616561942999e-02
-2.200143845800528464e-01
-8.970881287345202626e-01
8.249593529697236693e-01
-4.759738409793721203e-01
2.326801023281317438e-01
-9.726203950071508064e-01
-9.305468734027986244e-01
8.621376169763599329e-01
4.726086341752435693e-01
-7.949155749903640267e-01
-4.055228819112688399e-01
3.860537003446120607e-01
9.650648218442554604e-01
4.273036953960407391e-01
-4.118582397770020886e-01
-1.678427626485601287e-01
4.519252386347563100e-01
9.738221194052731899e-01
5.292779605910633567e-01
2.809603176845985040e-01
6.162019616671472466e-01
-3.292378418852859312e-02
-8.031869872761610019e-01
6.688551813112295630e-01
5.727591426098643801e-01
-1.856050290319635199e-01
-3.140343420265818697e-01
7.939706704405844473e-01
-9.566822340274550029e-01
-8.499878955989448315e-01
-6.510518868606274268e-02
6.631813319766188819e-02
2.972317152838690468e-01
5.674245426019794980e-01
-2.184889404670860014e-01
-8.091783815187021389e-01
-9.502667399623476729e-01
4.777058799146094437e-01
3.830035544261445324e-01
-7.382301397065209603e-01
-6.416976398771085943e-01
-8.308881760092667879e-01
5.219999622884921031e-01
-1.371898194099594459e-01
2.962898494999750554e-01
1.218054288582814948e-01
-1.321255608242530855e-01
3.805373488007408600e-01
6.216563317277303824e-01
-5.392919466901910930e-01
-8.301914609934495370e-01
-4.428955792140394365e-01
4.028703038631957778e-01
-3.559791067865814007e-02
9.429198917072236785e-01
-2.483052746999201421e-01
-4.067239154775550425e-01
-1.434499378024347571e-01
-9.271129100992747674e-02
6.609546311913214733e-01
6.223773455903176544e-01
-9.172857923094990262e-02
3.206155704687732033e-01
-2.211190544924377388e-01
-8.474760649054844386e-01
1.157674493867717480e-01
7.859738232364816835e-01
-8.704201408672762597e-02
-8.292553567292952899e-01
-7.619617078825779988e-01
-4.051420396497447118e-01
3.773028206807083063e-01
-9.179810188821742045e-01
5.272056862966012503e-01
1.623580326076812241e-01
8.596365583571459190e-01
3.776285970470714126e-01
6.843486924048494124e-01
-5.690346353436721571e-01
-8.429561530990945517e-01
3.987778987267407427e-01
5.252632024926915388e-01
5.828819646129512755e-01
4.230759492834323954e-01
2.085631282912800977e-01
-9.815336071933469242e-01
-9.923643446236258825e-01
5.671873198201451416e-01
-8.724978709017632283e-01
2.014533140750951468e-01
-6.765884108517155049e-01
-2.685548809971984863e-01
6.677625763076280307e-01
-1.698904086250097034e-01
-5.509183209986190377e-02
6.927593034422518947e-02
-2.704942475689042780e-01
2.295996607672183831e-01
-6.208973024673525298e-01
-7.811993187485721801e-01
7.442471020555698757e-01
-6.537279115694638598e-02
-8.626979050046261754e-01
2.646152771044680829e-01
8.340895254052904662e-01
-9.556490106941213369e-01
5.139115112187049306e-01
-6.351516760100754944e-01
-7.547374994149340655e-01
1.081287260606160761e-01
3.577449956988374424e-01
-2.793829441395982993e-01
3.641220463307197619e-01
8.712364083727019981e-01
-1.806877139778231278e-01
-3.655068885581334026e-01
1.451845860101728114e-01
-3.632335800250641178e-02
-8.658866842066952341e-01
2.496455742419576573e-01
5.951742854403248018e-01
6.386413780916524452e-01
-4.819658038966601055e-01
2.275352261034875312e-01
-4.684711476736458380e-02
7.351926095420995289e-01
-5.623340658706155182e-02
-8.753127735846688573e-02
-8.591994862152798618e-01
-2.662550336021938246e-01
-4.206206025852292640e-01
2.219594074692230468e-01
3.862238155618360480e-01
9.646210177678549158e-01
8.939499601751219604e-01
-3.449200499140281373e-01
6.904995027427149878e-01
7.684620635487027229e-02
9.030911548417759338e-01
2.873832841425889573e-01
8.888308021725608299e-01
-8.748715756424243484e-01
4.910089134968353974e-01
-2.741831978220465871e-02
-8.724552649989769648e-02
8.111853569391260788e-01
8.420616524953208337e-01
-5.303110125163474908e-01
-1.873034573493603805e-01
-9.990165650332678560e-01
9.129330732144407268e-01
-1.504941593249424781e-01
-5.726705465560879560e-01
-8.149852510364521407e-01
2.202213782553121835e-01
-9.895449585397537717e-01
8.834729956302573850e-01
1.964178287293940617e-01
5.239710471411496151e-01
-1.822988399769995826e-01
-8.085864111420839606e-01
-2.154975832787302537e-01
-9.672085723438073046e-01
6.969463076795650025e-01
9.526055454153179447e-01
-6.547019116635020008e-01
9.409318511079844960e-02
7.618938352217012877e-01
-8.048860236030885851e-01
-5.502401903446418885e-01
9.738635986757087082e-01
-6.874850185321765839e-01
-3.758565271979927847e-01
