-9.174739194103449513e-01
-5.276077903743410236e-01
-6.361491147975788518e-01
2.251548715406210821e-01
2.360139666855902707e-01
-1.909215252131475360e-01
-7.765013499853901102e-02
5.362521883734368000e-01
3.217102234324855647e-01
-1.332033364823805854e-01
1.635910179316990565e-02
3.560007875332771299e-01
-2.760428505998200333e-01
1.411963969814018505e-01
3.983660412383109861e-01
-2.693598336970961515e-01
-4.208060030392326567e-01
4.983735339788675223e-01
-3.168365714541510059e-01
5.553022690220756896e-01
4.070593388002949897e-01
9.537046377635409744e-01
8.866744409132072402e-01
6.941837990563257677e-01
-6.777854752518575054e-02
-6.496845084328677356e-01
-4.164698469960428362e-01
-1.367039682582102955e-01
-4.371344888369468329e-01
7.468120022574376016e-01
-3.734400462401876730e-02
1.655783194510924705e-01
9.843156088562907691e-01
7.756658312966755453e-01
-9.399491672224857819e-01
-1.049020473196329295e-01
9.202994480577166847e-01
3.113544734594626551e-01
-2.261220694536074660e-01
-9.296216543277648903e-01
5.333818652114017400e-01
-8.900170038473855794e-01
-3.399678446065828030e-01
8.009816670628355784e-01
-7.267864605254388266e-01
1.285919140832982865e-01
4.027821885874787178e-01
7.033094575253862057e-01
-2.794540541508812037e-01
-6.905323191147616502e-01
1.601066596822970922e-01
7.479509561080863733e-01
7.433919526822247992e-01
9.184389056252235672e-01
-1.647289397306166414e-01
3.882092858353867193e-01
-7.882678683491475269e-01
-5.396061477875997436e-01
-2.068454911984176636e-01
3.076555035185954967e-01
8.515213102569330061e-02
2.886083687456517666e-01
7.161092159869961726e-01
1.246017558076053522e-01
9.592267641341611917e-01
-4.068043827214926633e-01
-2.209571921239616987e-01
1.512227631899223379e-01
-8.922243891069530086e-01
-5.429679329511782893e-01
-4.151127614885696815e-02
2.375729589230337613e-01
7.995850929137671148e-01
-5.232415180034457602e-01
-8.115079877843678346e-02
-9.099112300550107335e-01
-2.173361681385517219e-01
-1.963299514377001564e-01
-4.121315395524758340e-01
6.646830569033057579e-01
6.297121424525407019e-01
8.387885050210996951e-01
9.019896929831823229e-01
2.293882750317695063e-01
4.019084276022004687e-01
-8.404124996174175966e-01
6.014743904612371850e-01
-6.318619480745342187e-01
-3.403985281109347394e-01
-8.469128223467057293e-01
-1.722938887540468311e-01
1.979965009148714206e-01
-8.032475834478181032e-01
2.515228478840463300e-01
-3.567512241605281798e-01
4.842570081665438231e-01
-9.982407816147573776e-01
-6.418642937915759461e-01
-8.944925894379762710e-02
4.112166013912614826e-01
-2.493067946631182252e-01
-7.875772828546545590e-01
8.526996991716084828e-01
-7.729202284346470275e-01
-7.068792859552752716e-03
6.274219857743235096e-02
8.605997964348197637e-01
6.294788346857489447e-01
7.992448582009317182e-01
-6.671586288268138709e-01
5.798432998747868883e-01
-7.239636065066292758e-01
9.805442339325014522e-01
-1.247444120432719128e-01
-3.927024563105476762e-01
1.999107309110554898e-01
5.593050882069861007e-01
-2.606700994348358780e-01
-2.926503625074516890e-02
-1.855707926543925801e-01
-2.576789513990602742e-01
-3.187335531666795063e-01
-9.776025046004150898e-01
-1.973696307849321929e-01
-1.297697976024618782e-01
-4.989676895438028836e-01
9.347344509959780723e-01
4.778478662703369295e-01
1.804174976619103976e-01
-3.242996733144800636e-01
4.399001537665614414e-02
8.487536468280383328e-01
9.729342656094173147e-01
1.859206518902007943e-01
-4.375352291990455278e-01
6.606755418758885057e-01
-9.309784805819703024e-01
-6.566460562763940523e-01
-1.768471202122829933e-01
-4.727928750059249285e-01
6.439474246595893181e-01
-7.900307157536823333e-01
7.439291940348875531e-01
-5.455931093884238692e-01
-6.231392272877267491e-01
4.310203995985097958e-01
7.358318545971971325e-01
6.467316515638326102e-01
-2.062838955267309871e-01
-7.748004209624672622e-01
-4.411471857569566613e-01
-7.355550774032080241e-01
7.406070618423510332e-01
8.965895010674100885e-01
5.521485430605088673e-02
4.348333221912914492e-01
3.410728486556704464e-01
-1.371804271683052523e-01
-5.326464407671924750e-01
3.258181840908822569e-01
1.031102464760471626e-01
-8.887167025008502197e-01
6.168720467561190635e-01
8.070146294437261503e-01
8.874060976617084151e-01
7.346796585488983844e-01
-1.331170185843371101e-01
-9.750405021794850136e-02
7.748248812877567282e-01
-6.604932945442643089e-02
-6.396592296597896077e-01
-9.330751662433001137e-01
-8.229137337075220771e-01
6.035190456887025157e-01
-9.926218668947441870e-01
4.032150063626274150e-01
1.881430186868044974e-01
-6.628888404649853072e-01
-6.670796085077792537e-01
8.373546890974223889e-01
-4.366389697504620138e-01
-2.759908991435156000e-01
-5.202838829586586833e-02
-4.427265285413601870e-01
-7.500894759180216642e-01
4.980992504872143734e-01
6.816749851034331620e-01
-9.448072850322646321e-01
-1.639249454362965430e-01
-4.395900392195153383e-01
-5.257752481777828724e-01
-2.573312531775937551e-01
-7.116880010038155735e-01
3.226620027375539657e-01
2.809130472483269969e-01
5.257401594690391811e-02
6.585112456169677220e-01
-1.527767268243884757e-02
-4.200644470631862415e-01
-9.849505678763454952e-01
-2.514835760424001254e-01
-8.428812323308607635e-01
-1.446782530759214147e-01
7.680806078406710036e-01
-8.546182624846592191e-01
-9.200406139434407216e-01
-8.481555712539206038e-01
-1.302985810311718673e-02
-3.051581899945761123e-01
-6.779644357326275461e-01
-8.464593201628032304e-01
-4.598334485314015119e-02
-3.130537976462435257e-01
7.957837382360313239e-01
1.699847993739458385e-01
-8.021801589407779876e-01
4.345857344070866990e-01
5.147904716615192555e-03
8.112144856721381636e-01
4.237155650674961915e-01
7.881816237879744058e-01
-5.654256057712234718e-01
9.336312499411538735e-01
-5.165581377060801671e-01
-3.334392313958656207e-01
-5.965496400750014416e-02
5.912174834366494824e-01
5.116934854543462308e-01
3.421347091388236006e-01
-6.930219703878937043e-01
3.403866915384377023e-01
-4.867820369213822218e-01
-1.146095118738581498e-01
-9.499196247296886053e-01
3.651359839654961803e-01
4.362368350725200905e-01
1.507981830085205477e-01
-6.241791720964062762e-02
4.707263856566159532e-01
-2.309628533574712428e-01
-7.610625378375757144e-01
5.948509302232061202e-01
-1.166126804497338298e-01
-6.862380014692264218e-01
-5.187355810081073493e-02
6.620283025584337011e-01
6.404419129277367784e-01
-8.305533526570287872e-01
6.212666888919153863e-01
-8.666877069081746487e-01
2.943999551180074281e-01
5.672515355725586961e-01
9.701910133511197909e-01
3.536584875548913764e-01
3.024451865818764684e-01
6.677162034228576459e-01
6.814554800776371213e-01
-5.632792638401864505e-01
-8.133029108760942982e-01
8.607625724420582269e-01
7.832531636466413261e-01
4.980203397248492703e-01
9.409090966365309949e-01
1.665638254989747491e-01
8.090390843113803854e-01
