-5.357739521520341608e-01
-6.087753719210651226e-01
-9.472879722849167905e-01
8.062402346957837640e-01
-5.382381119410910575e-01
1.906515193301014932e-01
-5.397830344974727801e-01
-6.559114294808390255e-01
9.786297348276984387e-02
-1.979188125194932812e-01
4.078843477641109772e-01
2.512606209641736754e-01
8.011273948991850524e-01
-7.708584139141838598e-01
4.806237351400608482e-01
7.844307516176489692e-01
-6.925859848424225085e-01
-9.394249601237347758e-01
6.257261156535014468e-01
-9.797539282753280343e-01
-5.516421957180264179e-01
-2.688146056974243248e-01
-3.259674879382390422e-02
-3.624377193491914451e-01
2.679541479513758429e-01
-5.143081165702989566e-02
-8.638835538776754586e-01
-8.523798991293651817e-01
-5.392661240750891150e-01
1.537376792469271614e-01
-4.068616181582052072e-01
-4.167326798831916257e-02
-4.837269073565635402e-01
9.267825437069316941e-01
-8.520127889445041625e-01
5.645904135350277020e-01
2.248040364214833886e-01
2.348732201136096709e-01
7.686935740824174523e-02
1.493375631984816820e-01
-6.989569538440776331e-01
5.774183591015829009e-01
5.763404854937372868e-01
6.399694902652139916e-01
2.263766800790187883e-01
4.536797651760151595e-01
2.150201403673821510e-01
-4.095653556786869043e-01
-5.231084059413242393e-01
5.209141068329592450e-02
6.673757333561947114e-02
-8.221812718068135517e-01
-5.991026890175616959e-01
-2.444180449110748832e-01
2.293572021493106572e-01
-2.894262029254004442e-01
3.292899297299798356e-01
-4.893317604060358761e-01
-3.776916068275260052e-01
-1.605983971072713068e-01
-5.368182012949258564e-01
-2.858643333247345986e-02
-3.854957052573502185e-01
1.588816672655306572e-01
-2.688550934501718892e-01
6.287768711267687216e-01
4.435065130702851022e-01
-4.521303826774654144e-01
-5.936286716532082064e-01
-3.316005566061495102e-01
3.301910202024220808e-01
-4.100451907796507367e-01
-5.831644230380748084e-01
3.743850753683488630e-01
3.712184343699611588e-01
3.072609251751119430e-01
-8.881034726206971097e-01
4.899506841631451337e-02
-9.995538416358209499e-01
1.655010049823684160e-01
4.413035543264616223e-01
-6.512094489751396598e-01
-9.869411356139612401e-02
-9.253687353659756365e-01
-5.849406515892174863e-01
-5.067909670091697016e-02
-1.064711512619891387e-01
-4.097550668606728674e-01
-8.237125191793965850e-01
-4.601227760989012872e-01
5.267216104585896730e-01
9.676897519144647131e-01
2.242696878501413416e-01
2.873763662661403817e-01
-6.769922129540366651e-01
1.241402421123565247e-01
-6.089944519995993399e-01
7.353679397655301653e-01
1.978526844550849706e-01
-7.985572231191031545e-01
4.633041154114239113e-01
-7.167515964531272488e-01
5.463920573156728633e-01
2.342440564088457133e-01
6.686003853819078024e-02
8.507626474029379438e-01
-2.051598442662865285e-01
9.790475405928644737e-01
-1.251255397660311353e-02
2.253520263139643376e-01
3.648617997069751873e-01
8.866290016422138098e-01
8.261238124135437122e-01
-3.602619950042995622e-01
-2.982001877169924153e-01
-2.091413737946463680e-01
-2.190164495785242860e-01
-2.537698352012707215e-01
2.512874660142998540e-01
-4.631488161519368152e-01
7.899198711375519100e-01
6.859117523414259843e-01
-7.281814792320089325e-01
5.507545400348918818e-01
-3.035674547464410900e-01
1.919273288632625807e-01
3.035802088031620549e-01
-7.186550039343040375e-01
-8.074499831512311765e-01
-9.233866790508193922e-02
3.097561988036756642e-01
-2.619353400216677397e-01
3.210011798871015287e-02
8.158164027582626154e-02
-4.230401479604071202e-01
2.739587188152148300e-03
-9.256468735633753830e-01
-9.658792407205769592e-01
-4.102759777313891298e-02
-7.721666910558118158e-01
-8.554366427055803968e-02
-5.589402883226139984e-01
-2.464106927175098161e-01
4.122990779397892602e-01
-5.654644958941057453e-01
8.228998117684094282e-01
-4.721042832124739963e-01
-1.395785664586415287e-01
1.410766121878044288e-01
7.662053521877389972e-01
4.292429708798224386e-01
7.327310580171706444e-01
7.800436775581658377e-01
1.851897242643856245e-01
3.960895386346718894e-01
-5.873659756322227032e-01
4.517542349699206206e-01
-3.548519438754427213e-01
-4.076585971044810464e-01
-2.234039181637446081e-01
4.555033531767305188e-01
-5.418646225302463648e-01
2.163914118943499609e-02
-1.500092372277928021e-02
-4.529371606070959899e-01
7.298771512846180531e-01
-4.138507079963684721e-01
1.618469596472009719e-01
-1.362890104631100385e-01
4.901875922148861697e-01
-1.287274389899504268e-01
7.826294186289979304e-01
8.459162507471866821e-01
-3.722513407511101047e-01
-6.189709205244922074e-01
5.699714087594562884e-01
7.018201590649424393e-01
-9.956377659650346157e-01
-6.276185638303757308e-01
4.911260420898930779e-01
8.410266427801387223e-01
8.170752755774113307e-01
-2.994135771649941713e-01
5.449885170378432342e-01
-2.858989397623705742e-01
8.016462055539286258e-01
-7.267600004773842048e-01
-3.770229543735821309e-01
5.258675962980743357e-01
4.793001133955803184e-01
1.923539719182965069e-01
6.978728479292972686e-02
7.611559599690433942e-01
4.408187080291441351e-01
-7.889708409372619968e-02
-6.902258572021733318e-01
1.056363897760344006e-01
8.053114170048418785e-01
3.441733245685354436e-01
-5.341967280974966314e-01
3.517648612022548082e-01
3.229459575970272667e-02
9.640848268615740402e-01
-5.033180823342084942e-01
-2.392915560984554268e-01
-1.007839848568374830e-01
-3.024363963147926881e-01
-6.856161658385857560e-01
-7.992482189981902074e-01
1.476357973674746749e-01
-8.954546474297009340e-02
-8.637251165061123892e-01
-4.858109411643352082e-01
1.025847361084124554e-01
7.015903972264394550e-01
-4.024211725032704745e-01
-8.812719385349054857e-01
9.939222319296610042e-01
4.696584235163410170e-01
-7.256638886091431040e-01
6.206113903764687301e-02
7.688784435680269258e-01
-8.683428110785140763e-01
7.616490132208653119e-01
-1.812648305574817709e-01
-1.984299684637540473e-01
8.613433642360861509e-01
-8.917782858153469050e-01
-2.986870889464436907e-01
5.592937616724567018e-01
-3.151394490711045826e-02
8.512542051925324760e-01
2.097192591753604951e-01
5.411417755212943881e-01
-1.964723197697642032e-01
6.730867521209162874e-01
6.086101785134094833e-01
-4.838133393909354041e-01
1.648102976097720607e-02
8.531661720282515127e-01
3.399453485434733579e-01
-3.737787944968107290e-02
9.420708572039815376e-01
2.675802362967065751e-01
-8.819034996586625486e-01
-4.122923244771732332e-01
-6.987997155885117273e-01
-5.708355025233096125e-01
-4.541708536858615197e-01
3.600931742696726889e-01
-9.510769168166777199e-02
-5.833747124629469205e-01
-7.522483961652779438e-01
2.690759615016053985e-01
9.814831336312732635e-01
7.614915375601412073e-01
-7.562900827865377540e-01
-6.961060302370130071e-01
-5.649152949943523350e-01
-6.397146694643749409e-01
-3.248429893452131623e-01
-7.306703207254787724e-01
7.815786863781881699e-01
-7.594625957974732167e-02
4.520129339052258999e-01
