-3.152487279846103441e-01
-1.477715538717250254e-02
5.939357641119016318e-01
-8.740047729447668612e-01
-3.000482784417446425e-01
5.656801579044092865e-01
1.827223250283216416e-02
-9.061807642789820871e-01
2.052046196874386386e-01
-3.822734579449520442e-01
-6.499897863590287095e-02
-2.501167350756716701e-02
5.405395571870199589e-01
4.626846508413673398e-01
8.755280729626129244e-01
-7.585982177267371895e-01
-2.878859601839391935e-01
1.852693288701421359e-01
1.687458873934555292e-01
-5.367393926523762460e-01
3.837763737186690172e-01
6.673038458735278677e-01
-6.033793918219898522e-01
7.418564174197854744e-01
-9.557905784101239366e-01
5.162237485377501045e-01
3.845672590706437077e-01
-2.627733125360838251e-01
-7.084974435453190722e-01
3.210121698838666049e-01
-8.377385615091843540e-01
6.726575700853438811e-01
-1.035325307253616156e-01
-1.594488279868000458e-01
-4.929924033266050998e-01
-7.585448724551195898e-01
-4.761015103384735880e-01
-1.048242471845162171e-01
1.367953862178050706e-01
-7.311804084147006666e-01
5.912870939531442716e-01
-4.649656197725442475e-01
-6.490263061322629756e-01
-1.352529676974301154e-02
1.790166525118885854e-01
7.784891739051833515e-01
3.113364718063671432e-04
9.566962492749269131e-01
6.115714624115491382e-01
-5.040100633633481930e-01
4.675568360544701818e-02
2.719650352642128954e-01
5.375987540118276620e-01
-1.534263203766113026e-01
5.308468125544409943e-01
-1.682775710132022873e-01
2.746969149715605685e-01
-4.303550157753071037e-01
-9.446076053850940291e-01
9.458360086321089266e-01
3.584647295540726031e-01
-5.845251536836288953e-01
8.208684324783632746e-01
-5.754390274251153237e-02
-2.778004092264945157e-01
4.161383904877433704e-01
-9.043299397344919388e-01
-6.387455173592799795e-01
-3.073821033670127711e-01
1.916272940914878209e-01
-1.337172619441742150e-01
-8.525038480021713827e-01
-9.255181594896777497e-02
-1.076649252195824857e-01
1.710021747272669757e-01
1.774257415693527573e-01
-1.463129605300619307e-01
-4.600224410815849652e-01
-4.112732927479521017e-01
1.127547772664498904e-01
5.236588855556878475e-01
-3.771830269342562048e-01
7.830184698724831360e-01
1.503910362128881850e-01
-4.178419655997627213e-01
-3.552272951773793874e-01
6.012720552002566166e-01
-7.778368130771688982e-01
6.053715403350961033e-01
-4.987034417189804003e-01
9.377102005015958142e-03
4.325687555643089599e-01
1.567711016473705143e-01
-1.389359346222003300e-01
-1.465306117599451952e-01
6.652941355708912319e-01
5.056775487127063151e-01
3.505138538602814435e-02
-3.700428643474269474e-01
9.013770307107977775e-01
9.911085857347128325e-01
-9.466834049965477949e-01
-2.636037531043871063e-01
-4.349560491708981402e-01
5.740641944622553172e-01
1.805035766458324975e-01
2.382567114421656473e-01
-6.083614876760206069e-01
-5.010605353896058212e-01
9.586254141719909860e-01
-4.499820397791296500e-01
-6.974934772348388989e-01
1.716314880197689074e-01
2.490898885809302854e-01
-8.092400350124719921e-01
8.683887359520492399e-01
-5.577127412579865329e-01
-6.211365955461916055e-01
-6.587279633466645024e-01
-9.283876775424837469e-02
-3.080207283375879790e-02
-9.846479834548766963e-01
-9.260200857335922908e-01
-2.603627613131365148e-01
4.644470806155891474e-01
9.960224681501903543e-01
-2.568408210029915484e-01
-7.690354635915983561e-01
-5.643344970324333243e-01
6.141846150005410010e-01
3.989853825424189981e-01
5.373648536593544911e-01
-6.575301618968989459e-01
7.150838941929116288e-01
-3.045817986727672455e-01
3.298865329334872420e-01
-1.877883523032992663e-01
-4.478228810489899292e-01
4.442802868715169939e-01
4.884550426927285471e-01
8.781630127033974720e-01
9.123477975194762557e-01
-8.253920530229841290e-02
4.202769894518061378e-01
2.744572169720096433e-01
-3.805185178553112113e-01
-5.055583702892469944e-01
-4.445750538277222219e-01
-5.787634400921284339e-01
1.125344370590930509e-02
3.976624716035741525e-01
6.000962685768116422e-01
9.292361221408020899e-01
-9.762496268366003260e-01
-6.174566749353933570e-01
-4.845287462511722598e-01
1.390000180182027201e-02
2.400101556297431493e-01
6.197279342431247784e-01
6.615535650960164826e-01
1.048995378992723104e-03
-3.010563745242338385e-01
-4.298775402862315964e-01
-9.928223771284696575e-01
8.284500790798305925e-01
-1.957672318497793995e-02
-7.504179172756866301e-01
8.533433824592389083e-01
7.120110483881749719e-01
9.297025670756227100e-01
4.516493679054622845e-01
-3.960037372669498179e-01
6.200037474243575986e-01
6.806039698117760661e-01
5.316741404438025675e-01
-4.530147356087346200e-01
3.855914939880815684e-01
8.066016469018524315e-01
-9.826429365253330772e-02
-4.107558984721506601e-01
1.236082748836104805e-01
-4.417928149531151760e-01
-8.281811933401159731e-01
8.882257515435210138e-01
4.442919983691873131e-01
-2.760111918966798861e-01
4.141153475888312840e-01
-2.427144173116255743e-01
-8.256613382642794541e-01
1.090424633834103929e-01
-6.218865153560515502e-02
6.436965691464782147e-01
-1.671861045235465415e-01
-1.377483290188259435e-01
3.373591404886686629e-01
-6.706570280438961529e-01
1.374083953494626975e-01
-3.725577242428812497e-02
5.160223033722943775e-02
8.851020650869227957e-01
7.286715471879379180e-02
-5.112249673213149492e-01
2.606702034520318456e-01
9.347434321581513661e-01
3.617194527915033042e-01
-1.350004257787467132e-01
8.774315717328753372e-01
6.229821012344660680e-01
-6.987653514780722830e-01
5.537325710222289477e-01
-6.020317517319835332e-01
4.933308055436129713e-01
7.258918687421249683e-01
6.674064936117569680e-01
-7.787494780831971664e-01
-6.381998221496150148e-01
4.856061910223332667e-01
7.270530312545404605e-01
2.534641416946716852e-01
6.077500938905797678e-01
-4.489428507943142854e-01
-9.553707275773797303e-01
-1.825776197015451796e-01
-2.745556143995380172e-01
2.303247987596039881e-01
1.474237770345547816e-01
-6.284117270032396618e-01
8.026592635274627519e-01
-9.150715139354081984e-02
8.405901751564035518e-01
4.100744479823086319e-01
7.479803057650435960e-01
-6.874870945733730920e-01
-2.203938303903254514e-01
1.426580844282021587e-01
-9.194385949580796691e-01
-6.322767141224741039e-01
2.587674449511205843e-01
6.377133659916345287e-01
8.545242613547172628e-01
1.660740274346232948e-01
2.305330804753584761e-01
2.915907488168356654e-01
-5.202985547520169174e-01
-4.970132774574682610e-01
9.766551029629391145e-01
-9.783432428068521425e-01
1.132455548380162380e-01
-4.467910831922130566e-01
6.823706253845416292e-01
9.467536315690368021e-01
-3.062164231076442977e-01
6.267251192434832863e-01
2.877061241207383713e-01
9.918274516185694445e-01
-4.400367360800361283e-01
-3.050388056974848716e-01
4.238541684696239820e-01
-1.555187916298232942e-01
6.361383142294263493e-01
1.052822963315782623e-01
-3.018530175757194733e-02
-3.623568309745828220e-01
6.013634765199227239e-01
-1.438201599478656778e-01
