-6.122985360424828549e-01
-1.698350783452295953e-01
-2.155719984084643048e-01
8.501302377704489377e-01
-3.215818919801169962e-01
-8.556213104152037285e-01
9.572339584492577380e-01
-6.102314886430566521e-01
2.973988985676250252e-01
-8.438721403112312558e-01
-6.679760033507204930e-01
-1.931618480059773546e-01
-4.766997850783323276e-01
-8.157270699852092743e-01
-3.043030865155684772e-01
-8.839780226791729145e-01
1.465110378321290430e-01
-7.678933656086639470e-01
2.411761621732593230e-01
6.625527315537356188e-01
2.623656937712284254e-01
-2.685904152006695078e-01
-2.953727961536340985e-01
-8.324975416312581089e-01
2.617836330580864956e-01
-2.006785515646853923e-01
1.986389577629892322e-01
7.645147712996538392e-01
6.490905861813158761e-01
3.228761738965755246e-01
3.056946013053267741e-01
-7.402008278530802787e-01
8.131423969113560357e-01
3.673286933387960307e-01
2.287355938471677952e-01
9.620194726432107490e-01
-4.344358014195131013e-01
1.877972190797980723e-01
7.190792059027222294e-01
4.455744859791690438e-01
-2.262753465385467511e-01
-2.216602420204232260e-01
-2.020949674433052401e-01
9.980925574766525976e-01
-4.659796710999926095e-01
8.032186264998677494e-01
6.319700526408074115e-01
1.160754427653625243e-01
4.910384344663167866e-01
-4.278639274028666062e-01
-7.916055726773931767e-01
-7.232405895862512590e-01
6.656429882617749261e-01
-3.628389659090269781e-02
-2.949830294314987889e-01
5.864615945786584295e-01
1.825756905282875930e-01
3.062037315595791398e-01
-7.981116805273702486e-01
2.580400244656515518e-01
-6.889363523447622484e-01
5.504267585219275727e-01
7.112335848525701554e-01
6.140595050441410852e-01
1.667700166574623832e-01
-7.545191863569380430e-01
1.727243979629338178e-01
-1.194859289494667465e-01
4.681677255003999782e-01
3.617702027200131454e-03
9.011031568875411679e-01
3.597608702893473342e-02
-5.528541262019919245e-01
9.072897127435572973e-01
3.194048283672157318e-02
-7.528700883005317035e-01
8.743171449064088829e-01
-3.319189376654767543e-01
5.407406089573796315e-01
-7.964107078427269393e-01
-4.912691397971695739e-01
-2.133289615662650185e-01
4.306779929367710036e-01
5.201823983786424410e-01
6.291293754420346218e-01
-1.497068280626476788e-01
6.730694504746099760e-01
-8.019118035965875357e-01
-7.345939633445208727e-03
-2.227008755877284418e-01
-6.365479647581615552e-01
4.606316700936659014e-01
-2.815172567950321447e-01
-9.673182771147756931e-01
-1.934161559440030764e-01
-3.650816332506356954e-01
-4.548712790935980355e-01
-7.826644263703284032e-01
3.194358194680326779e-01
-1.849242911451682847e-01
-2.705256158913664777e-01
-1.413685012861563006e-01
-8.257324845323572582e-01
-6.550749926018668567e-01
4.674619854649506578e-01
-7.494721504504850973e-01
6.467376170612992858e-01
9.044448587525730776e-01
6.806755464149996104e-01
-9.936280622070747803e-01
-7.743408263799755886e-01
-7.516997290754821037e-01
9.102811715423460015e-01
-2.183157850398516064e-01
-4.467098774902737990e-01
1.574312045963885964e-01
-3.449496048839602036e-01
3.207378438308441382e-01
-3.457622913782869567e-01
-4.125380938908014272e-01
-4.735538964666130557e-01
-1.938462581421454001e-01
4.202772758348038984e-01
5.448226933847739595e-01
1.137538138718074965e-01
-9.568372711791275353e-01
-4.784826473576648809e-01
1.746908316011737128e-01
-7.351525298747607629e-01
-6.345255380467995643e-01
-8.467745121467935565e-01
-7.254779103655304429e-01
-7.970317635101988873e-01
8.713108875632875616e-01
5.407053582748382325e-01
-7.032112906590226586e-03
9.510725205813936878e-01
-3.857762474738746228e-01
9.447997039236231132e-01
4.051869195825394954e-01
-4.044761240543974790e-01
-8.673075946330586206e-01
-4.204735620364690174e-01
-1.235108808605005493e-01
1.816386529172036024e-01
4.418731699472449037e-01
1.087724474702667088e-02
-5.172704409165562733e-01
6.257261971350478458e-01
-8.687190062717551342e-01
-6.638592973642747364e-01
-4.833701665542584625e-01
2.563543000414219009e-01
5.580444146687031370e-01
-2.148857168130737794e-01
-4.799160768293875279e-02
-4.302664115897707475e-01
-9.767990893299951516e-01
-5.597193981992394374e-01
-5.739467593609699492e-01
-1.032882796573999507e-01
-2.517960569142856375e-01
-6.704479953541855330e-01
5.938567565424541783e-01
1.770847272435505104e-02
8.371051508301903255e-01
-7.376211596711665930e-01
-5.587590412607001955e-01
8.096254887855860449e-01
-9.024725456300382032e-01
-6.718891533442803432e-01
-8.264204952308726870e-01
-2.153090126906349600e-01
-3.887940107613423457e-01
2.382521077210777438e-01
-6.958213420030574525e-01
-3.851436739861713310e-01
6.762136799903237794e-01
7.206402983425395092e-01
7.003982609508832002e-01
-4.400837277119438173e-01
-1.382249451547055141e-01
2.101352465766110900e-01
9.081544833149552964e-01
-3.837272142126415542e-01
8.877218599121510234e-01
2.630365975695807546e-01
-7.645034655572349180e-01
7.574610266577121997e-01
-9.887403730608268493e-01
-9.542363657900163609e-01
-8.164133378966242915e-01
6.805684296625467145e-01
-7.245138611028796305e-01
7.013179522096546492e-02
3.859049577395725628e-01
-6.725060905853521565e-01
8.597875546850959338e-01
2.237293300007163754e-01
-6.308672343752461664e-01
-7.058808542047176893e-01
-7.719203492060482397e-01
-9.585941990513198174e-01
-3.356936968163117818e-01
6.938129464213027564e-01
6.886215637278330082e-01
7.244562782054617678e-01
-1.749856303969177240e-01
-8.927795169996111113e-01
3.448324244664995319e-01
-1.510581068205179012e-01
-6.432428927701032695e-01
-3.383790683992082826e-02
1.929803973259613947e-02
3.130158762008861117e-02
1.594957998353703221e-01
8.829439144335868850e-01
-2.612632439130135875e-01
-5.751544130991537163e-01
2.838157810118824287e-02
5.136417243635826857e-01
-6.038309835149602289e-01
-1.071407787300460157e-02
4.698009455740110862e-01
-1.792118576062096125e-03
-7.259657100967971122e-01
-7.141678229195698169e-01
-9.704520170157757697e-01
3.729797881360195078e-01
7.590675585549933047e-01
-9.836534839485608916e-01
-5.430294163746303138e-01
8.105813020364582844e-01
8.849881615826928893e-01
8.217279251141740293e-01
-9.000114298350598840e-01
7.502257767226145901e-01
9.733369713171364790e-01
-4.626281289672984354e-01
-6.373868756337943697e-01
2.979035776686123071e-02
4.528555901760840108e-01
-5.547837125150696380e-01
9.782114466760594151e-01
5.003969866967397095e-01
-2.311446239530086100e-01
-1.565613593584427310e-01
9.489346350119793883e-01
-4.162722431241812071e-01
8.363907371775503030e-02
-1.971843852462262792e-01
1.303278322786378673e-01
2.929742099510070918e-01
6.180820638651549626e-01
7.006648310403651436e-04
-1.005151977873430802e-02
8.200048149880547754e-01
-3.292746548370351078e-01
7.540224733109026634e-01
7.629484017851435596e-01
-3.134387011034618364e-01
4.267563171748027795e-01
7.596763838103286481e-01
2.059512029357390972e-02
4.521004493718927542e-01
