-8.854041102264857965e-01
1.543909639978979786e-01
2.000744825401117311e-01
-7.627617103658621556e-01
-2.334080921329624303e-01
-7.839771337915704130e-01
-8.906446858591567928e-01
-7.116202166983478516e-01
7.734236279099679923e-01
2.819555045958155315e-01
-5.405017660243132127e-01
-5.630344848431694249e-01
-3.751081402749818494e-01
-7.864616466608149725e-01
-9.392012583424567129e-01
-2.772916148408652859e-01
-5.067612837208648191e-01
3.840289463163557571e-01
4.221285852118539239e-01
-7.553239294085578592e-01
8.809464374505631135e-01
8.361463616046873604e-01
-1.516774163688667798e-01
-7.685230175221648974e-01
-2.246852680563051763e-01
7.760988235256316425e-01
7.019412532524988979e-01
-2.675696815872010692e-01
7.703759559905483112e-01
6.185318593436652801e-01
-5.708440436018158426e-01
-9.306381341020475428e-01
9.968299769579000991e-01
-6.815942954706011303e-01
-3.018716389818072443e-01
-1.560889681583890187e-01
-8.905785409196118607e-01
4.974534836655357672e-01
-6.800130713872420962e-02
9.168490824892423507e-01
-4.549694486583255593e-01
-2.983302514545058681e-01
-9.759616940956328257e-02
-6.449165914925587550e-01
1.093753740985059508e-02
-1.357334978683821802e-01
-7.493859177699491170e-02
-3.803549543552469103e-01
-1.874882584897963334e-01
-8.126116035764949785e-01
-7.775831278602387542e-01
1.217796844366445530e-01
3.528994980575630436e-01
-3.231666018904562065e-01
-9.562281584844629645e-01
4.711004085484600257e-01
4.051334716966075167e-01
-9.486310207402059991e-01
-8.924788972872699233e-02
8.121343345596370167e-01
5.692493780145737592e-01
-6.338002357427079403e-01
6.224019122594215414e-01
-4.652269932027282007e-01
-5.644532128058430409e-01
-4.326066527074119428e-01
1.596468163248714323e-01
5.377035902805959999e-02
1.028169994757561767e-01
7.669223143866192860e-01
9.011328539639196222e-02
2.745028813150303115e-01
-3.749262460002349417e-01
1.581857677223923453e-01
-9.001478308077137669e-01
1.365838971908994726e-01
-5.862963995480898749e-01
-6.215391842204998074e-01
-4.226329401066515334e-01
-3.711295493337360973e-01
-5.231621891481261777e-01
9.141152166081472075e-01
4.775373739047306110e-01
9.668520942414924324e-01
6.855080026749986732e-01
8.587020174496291514e-01
-4.784952555524288886e-01
-8.322804365630469547e-01
-5.491111065306861772e-01
-6.893552064744825625e-01
8.079692635478525897e-01
5.499061572130834463e-01
4.149796691391702819e-01
7.165716822294230237e-01
6.114505262122025275e-01
5.182898005833753707e-01
8.886077463015518152e-01
2.777236234152444805e-01
1.020482840415255499e-01
-9.904615169401114194e-01
-1.328635760980683145e-01
-8.335952159670956263e-02
-2.402798680139106580e-01
3.066778636747866660e-01
9.792362569677388606e-01
1.086329918747235279e-01
-3.336705892532401130e-01
8.334904767146935622e-01
2.589097868451362139e-02
-9.919139980856510608e-01
-1.867279506708263703e-02
-1.416583902873911338e-01
-2.911224387045829864e-01
4.476601758478244708e-01
-3.841152806494760874e-01
-9.423374486771347591e-01
1.956833179676658041e-01
-1.164850741131091549e-01
8.320063127612185028e-01
-6.103854430503190542e-01
-5.431921242265007610e-01
2.506560139099240914e-01
-8.390852301078721709e-01
-8.434621199975222972e-01
-4.211110051463586856e-01
8.618913427767240787e-01
-2.273535609162129489e-01
9.172509102977961515e-01
-8.088831841006349777e-01
-7.958182667522351039e-05
-6.710374395655080981e-01
-4.500581036999122819e-01
-9.910540629393760348e-01
-7.142879579908967269e-01
1.259859761902366593e-01
9.991819087450273251e-01
9.650477286373331243e-01
-9.670399864610510487e-01
-2.143037059971983904e-01
-5.187839583564111123e-01
-7.607137770851619685e-01
9.321944111508071451e-01
-5.026393129326156561e-01
-4.777749566262201597e-01
5.477302139149542448e-01
-7.922856196696574926e-01
9.711709216271753320e-01
-2.080957640403635622e-01
-5.727811947299312756e-01
-1.075702532491444874e-01
-8.680924704790105029e-01
5.906655189984315601e-01
1.698156754634434495e-01
-8.290804284364150512e-02
-9.004426462810342091e-01
7.828962050545997808e-01
7.807235357947184262e-01
-4.911158423930976902e-01
7.137910070636410698e-01
9.153587433022700726e-01
4.888617215122375015e-01
-5.203082516885473296e-01
-2.131756022790098903e-01
8.267718469283449334e-01
-1.985399603169972771e-01
-8.703674690132601199e-01
5.131021988839556958e-01
3.309855267509669297e-01
-3.808875350355314104e-01
4.051812437613440121e-01
2.104236600709352700e-01
3.065350041417642668e-01
-5.178990222259649556e-02
-2.370894909466108036e-01
9.380439286656296893e-01
-9.518348164380532328e-01
-1.501129768213991245e-01
2.370362881451975046e-01
-4.330479201811410217e-01
3.423535191258242349e-02
-9.644750997067983445e-01
-7.575072587719009487e-01
-8.915849863015739007e-01
7.736532871545023227e-01
-9.336006972622912237e-02
-5.686621714045076992e-01
3.585837832632225997e-01
9.021033338039465832e-01
-7.143138252212957173e-01
-5.901028012315467919e-01
-5.224066669891642700e-01
-6.716709744209228283e-01
-3.225098590531216836e-01
8.940567434002169023e-01
-5.229211464141718668e-01
3.641828448065633772e-01
-9.385475730578025644e-01
9.419259658412812986e-01
9.732817084536842245e-01
7.042135298690037626e-01
3.407155188311370431e-01
-9.823596255314062109e-01
-2.897573378447959591e-01
-5.288842995370295341e-01
-7.890060745173113066e-01
-5.373968529225738866e-01
-2.609161777044843866e-01
4.563935183934608730e-03
-1.194694948292163161e-02
5.646601570124090141e-01
-8.667200638284187075e-01
-2.268232237461837997e-01
2.891142208152110982e-01
6.259545105274819665e-01
-7.320559402246684666e-01
-4.226695664318824708e-01
-3.511209120273739437e-01
2.466861016345367474e-01
-3.877668496637851625e-01
2.244054603632885669e-01
-1.385314182130705785e-01
-2.203379707408803512e-02
6.906438377873835854e-01
3.322828808255555710e-01
7.743316042739456506e-02
2.140106122805853772e-01
5.404914010734187535e-01
1.460876454924386891e-01
2.969495336177656597e-01
8.447717663790450526e-01
-5.045308859926205258e-01
-1.809239416275296719e-01
-4.415008888986176050e-01
5.955574801137057950e-01
4.004313697708232755e-01
-9.182792636383301232e-01
3.116161928027807448e-01
2.898038935207776223e-01
-3.635382115066512210e-01
6.310678063818080386e-01
8.402220123634154270e-01
-9.187216710356409521e-01
-8.182722295676705393e-01
4.693536373996731736e-01
6.033984460182768572e-01
3.635611706635808460e-01
-9.649723665941920547e-01
8.644165572913098394e-02
8.235130337538592027e-01
-5.262029158123853190e-01
5.161395375477886294e-01
2.358998411031376641e-01
-3.113203914317013155e-01
-5.369686990919146918e-01
-3.538539090779644347e-01
-2.465699868754036572e-01
7.041799334498286544e-01
7.943390455870849021e-01
4.611105290835431081e-01
3.520548802814138512e-02
-6.745518568616508670e-01
3.373828510126324343e-01
-2.003777780192352864e-01
6.162357185094482492e-01
-2.289269685526220677e-01
