5.651654181629792717e-01
4.474814495030955408e-01
6.851206170135820672e-02
-1.913159304141056616e-01
5.695741057812778174e-02
9.566785127320165394e-02
4.271018475137629000e-01
6.248143935937254811e-01
-5.963303539655102625e-01
1.380170020390040775e-01
6.841009260974010298e-01
9.086698639730683702e-02
3.075451297928956662e-01
-1.255493710293179022e-02
2.860421051904138978e-01
-1.798482408940837440e-01
-2.389446591221774108e-01
3.584111259888894674e-01
-5.137363682101727669e-01
3.344824495429427058e-01
-2.201817260605394566e-01
-4.195481276525563352e-01
-3.683770731554586453e-02
2.817074734970344552e-01
6.935115947908446210e-02
6.377049301145655269e-01
-2.073812352215603783e-01
-5.042261922055812917e-02
2.318487454676734782e-01
-9.162125955768735119e-03
3.750814126584641750e-01
1.568676432667619192e-01
8.153520857877405437e-01
-4.329084282480041845e-01
-1.625300102196525209e-03
-1.565145258696797048e-01
5.359991546390312500e-01
5.920177367624603892e-01
-1.909274674635016433e-01
-1.233805600767181598e-01
2.824300352124873292e-01
-4.283668856027273986e-01
-3.353540014401793501e-01
2.763321925298236614e-01
7.961728953185007729e-01
-1.303330323978045269e-01
-2.428566949659601848e-01
3.778627807231061952e-01
-9.009253036039083229e-03
7.176642195554513437e-01
1.065285301262525741e-01
5.128265082165067712e-01
1.896517271342138544e-01
7.418946404847193143e-01
3.109820533697080225e-02
-5.466332897798517054e-01
7.153137517520813393e-02
8.045169713782757137e-01
1.864111715773132949e-01
-5.724737242070008225e-01
-5.900516056218378935e-01
3.303824070165412019e-03
2.628499038911298880e-01
-1.734999015542291745e-01
7.314575836074057591e-01
-1.578267415052470868e-01
5.089847648244533174e-01
-2.582006190467658335e-01
-7.139760621465776613e-02
5.813751170731493723e-01
-3.304268157124613525e-01
2.846380992528074749e-01
-4.794623890012219558e-01
2.058757779141814903e-02
-5.127553556696671233e-01
6.052186967974247933e-01
-1.882940205490460372e-01
3.703793859977212999e-01
3.046117123006617522e-01
1.701812226644588422e-01
2.030885975419330913e-01
-8.290811233308137407e-01
9.945241850402444794e-02
1.578086082017715608e-02
5.237730727237359662e-01
2.450263397615071170e-02
6.434438076833035591e-01
5.674595744632524030e-02
8.360284457650946077e-01
9.728110836052544785e-02
2.384283393245494875e-01
1.648796852500873655e-01
2.116861218943408007e-01
2.197766523744436595e-01
-1.166649530293928372e-01
8.224828152750668364e-01
3.393677541832648692e-02
4.413037223834126999e-01
-1.968670144561392998e-01
6.480000035234581013e-01
3.637989494386076328e-02
4.178582177418143084e-01
-2.164054899283213984e-01
-3.246762299669131435e-01
-7.667549899580719530e-02
-4.194181276031635486e-01
-9.071838487982752941e-01
-3.611443305216920918e-01
-2.368926346540830563e-01
-4.784292556658340523e-01
-9.614920053797915145e-02
-3.049398476005169001e-02
-8.040163794945132114e-02
5.529648550128903883e-01
-4.100463737695168587e-01
1.942904460530480715e-01
3.017941077736949751e-01
-7.212967718495727487e-01
1.405039901391946233e-01
-3.136090157676747481e-01
1.800523966626542960e-01
6.574126327315232832e-01
2.229532289285674207e-01
4.776289213584768989e-01
-2.658850423316223566e-01
3.906727109503472795e-01
2.856714820687501488e-01
-7.256192285419371668e-02
-2.552358325069868927e-01
3.665963816757531468e-01
1.045917994240331272e-01
2.926307515021311922e-01
-6.716562068257926343e-01
1.843207160880982187e-01
-2.518866951063413184e-01
-2.895894981472902918e-01
3.799054845646373524e-01
3.330029910776728386e-01
4.945054472626425612e-01
1.941244904255739478e-01
3.155411247385029316e-01
-4.205190730162894353e-01
-1.752530367368324016e-02
-6.800359235318671480e-01
4.072543694166819161e-01
-1.586534343673335901e-01
-1.186795368684663843e-01
-4.216105963697975856e-01
-1.355746064645290405e-01
2.810770365774790114e-01
2.309523303786885917e-01
-2.483235556741597849e-01
6.482952465991675961e-01
5.362448490880815655e-01
3.573527311024412012e-01
-5.144191189748407167e-01
2.828088471922969860e-01
-6.094751721717994730e-01
1.490680494097877395e-01
-4.437307074929833783e-01
9.490163222476528659e-01
-3.742016646579758854e-01
-3.879859898577097677e-01
-3.079559540033297016e-02
-2.082899592168007408e-01
-4.773792650602968202e-01
3.986751429150093839e-01
4.292891816049727582e-01
-3.849668538150736175e-01
-1.477774311186918210e-01
-2.180313670562325779e-01
3.621783539129700413e-01
-4.909383228464403448e-02
-2.776152266433428162e-01
-3.039006045586570282e-02
-2.164742331230289363e-01
5.554159210592024554e-01
-6.116766166597065180e-02
-1.212554680010888564e-01
7.921962522565509923e-01
-5.272275221974592752e-01
1.872225594806661841e-01
1.762568848190174120e-02
-1.152490947363821738e-01
-2.580131469694987301e-01
-1.702110955337665654e-01
3.673269963817787920e-01
-4.182770618416970509e-01
-6.320686169887663741e-01
3.669600022881816526e-02
7.532788586543368026e-02
4.478664933132280312e-01
1.581566387415564434e-02
-4.205024917203456503e-02
2.871484457841137483e-01
-7.013190544066267851e-01
1.919920507674691967e-01
-1.171274999329554034e-01
-2.514406865890752574e-01
-8.702665565744267528e-01
-3.743861690468262560e-01
-3.331159798323529708e-02
5.594386920073552982e-01
4.097089301306147680e-02
7.322010818818449618e-01
-6.514817631683131882e-01
1.739557513207126149e-01
-4.879461583291316851e-02
3.812903718535324282e-01
-4.217508013531700573e-01
-1.674669414387000010e-01
1.354533485436529294e-02
-2.485507973830230477e-01
8.080423963897565010e-01
5.925209591566619194e-01
-8.987099812017124156e-02
-7.392438185477983037e-01
-3.874773896150131014e-01
-2.003934292754439017e-02
-1.059623313435770209e-02
-6.642477131834320647e-02
-3.113318228967340562e-01
-2.794835525367042051e-01
-4.555681853594414354e-01
-5.811305320238198124e-01
-4.492519001174800630e-01
3.353011524546897770e-01
-4.996015186469425773e-01
-4.465966797337987959e-01
-7.379182953249706634e-01
-3.964241141169889682e-01
2.171836903845367484e-01
2.181590943904458957e-01
6.280675445890275821e-01
-2.846334703226504059e-01
-5.806002035953861107e-01
2.726122316559651537e-01
7.123458419690087418e-01
2.470316981671068779e-01
-1.166686325666357327e-01
-4.993426039500151736e-01
-6.544428212645398979e-01
1.901324055561413318e-01
-3.698239266704009265e-02
3.740911168097110773e-01
-1.461466244170916140e-01
6.994826728010772321e-01
3.356475730293344562e-01
-1.384526466622296725e-01
2.828603974702057489e-01
2.069785818171525071e-01
-3.792605978290544688e-01
2.728980074154935265e-01
-7.153333056269685075e-01
8.968991122815648254e-01
-1.318041401673554491e-01
4.476199581581434273e-01
-4.798770055795878453e-02
4.028260786584741404e-01
6.149216581681407612e-02
8.239323391623645798e-02
-1.824605311185191758e-01
-9.224467430999655493e-02
3.809259807665913988e-01
3.637843631769299146e-01
