5.925546177616930477e-01
-1.309950066972669913e-01
7.048177440995032628e-01
8.545235553129273409e-01
5.592794618676796281e-01
3.367749557491241941e-01
-3.527085609607307770e-01
3.947526386208054516e-01
6.202008837306127731e-01
4.460335718776576308e-01
-1.214676030303913634e-01
8.861303318813219532e-01
-9.395546009901600826e-01
-1.424433648794010132e-01
4.488466437680428411e-01
1.128763661413795916e+00
5.775852330986367411e-01
-3.835014288709119590e-02
6.813168637890438806e-01
1.265754222150402286e-01
-7.667414954245175274e-01
-8.078110945427043887e-01
-8.726473389340765330e-01
4.978419197288010967e-01
6.299961196684261688e-01
5.617748258153576479e-01
5.080979195259873737e-01
-5.091575510996335652e-01
-1.625848590369042834e-01
1.701311557522251217e-01
1.227032494558411013e-01
1.629789572909751960e-01
-4.076388963560677592e-01
5.489810901194611126e-02
5.364986902328182650e-01
3.243095308001530119e-01
1.369826453711200237e-02
-4.300909608042441934e-01
7.068508047222383794e-01
8.999371250989168791e-02
7.623863369939526402e-01
4.954797921812857386e-01
-7.435289051732590915e-01
1.112563126385925694e+00
-8.822496542989709534e-01
8.109862010000812305e-01
-5.825076704743658018e-01
-9.673799251248199615e-02
-5.438422180089740321e-01
9.447026277960158813e-01
7.463164484330296611e-02
-2.067345000625362417e-01
-7.447812842556011947e-01
7.311420052425603444e-01
-3.856336041158583416e-01
-3.665713751718592261e-01
6.202935570896959128e-01
4.529443895824002420e-01
-4.325022963860921665e-01
4.311963005791044634e-01
-8.163277607736902919e-01
1.535436842192415829e-01
1.654964648931788185e-01
1.691920731834068992e-01
6.133768083965499551e-01
5.630561636976216811e-01
-1.019117137837326048e+00
8.746505868000600259e-01
3.334887301768462153e-01
7.411403987426790074e-01
-8.848860487903955629e-01
-8.387390730879320522e-01
-6.453528632474420101e-01
7.831622597278493636e-01
-7.558846227732097800e-01
-9.722521424695143022e-01
-7.631865263425381407e-01
9.065674047906129296e-01
1.515059137438429238e-02
-2.696064942767747996e-01
-3.137682189154535894e-01
3.915685862553996976e-01
9.304871928832968431e-01
3.357608602128370201e-01
5.266497085360675179e-01
-1.356689846998535010e-03
2.009931437209907801e-01
5.493089926089287367e-01
-8.300074552158018815e-01
6.725982806722947682e-01
-2.054012857899745748e-01
-9.521883833682470710e-02
-2.152848781033833703e-03
-6.980180377248894619e-01
8.571228992525235790e-02
3.464792362950780968e-01
-6.941734126356997603e-01
7.464498847236951118e-01
4.082733198823650378e-01
-2.796915612491019387e-01
6.742219875638679749e-01
-2.221410717605026008e-01
9.154752811697892678e-01
-1.178690336287430973e-01
-8.748781995238192888e-01
7.677552073703086677e-02
-3.497812236959836341e-01
2.824109369236492140e-01
7.391531097719802323e-01
6.637643139817729354e-01
7.640558897272804462e-01
3.398058896669556295e-02
9.637281061559247464e-01
-4.513697640882196049e-01
-3.955424908878536483e-01
-2.826337644679564054e-01
4.798039955629235798e-01
-7.544097514171687058e-01
8.656522130191620645e-01
-6.706456833558193109e-01
-4.011508955341929195e-01
-5.506045229391109963e-01
6.111691667438707842e-01
7.532374646984915101e-01
7.592238298439822897e-01
1.267393394125658768e-01
2.331673213248164622e-01
3.664091950255791152e-01
1.752366121053539616e-01
-7.896674501602604090e-01
-6.136587946583638153e-01
2.136990860441877471e-01
-2.909825846743362421e-01
-3.315300146750377874e-01
7.155838149223157085e-01
-4.664558353786176781e-01
-6.909714816058258879e-01
1.582142961962421379e-01
6.931840483752688131e-01
-8.228660935267881893e-01
5.642361361083939597e-01
2.315307274781534530e-01
-5.210178702237971970e-01
-8.965224553928570483e-03
4.697548648920457648e-01
-8.982602417872919132e-01
3.490256112520327414e-01
-6.836680792353795333e-01
-1.884675115869843265e-01
-7.879137827454372189e-01
3.906264856355115556e-01
-6.582616561614549333e-01
1.101931326502731540e-02
-3.866477120559117520e-01
-3.832082517209641215e-01
-9.872814095389806366e-02
-9.867151648869378899e-01
5.050482791021967399e-01
7.735296711292865002e-01
-1.829012655144495736e-01
-6.923289630338628209e-01
-5.628256654190957331e-01
8.217113198701416765e-01
4.593203150389166267e-02
-1.325863469882772872e-01
-6.606397939161373634e-01
-2.286891126077790493e-01
1.024745924240907158e+00
-4.173370353932179810e-01
-3.735542044597215949e-01
9.104472491306807302e-02
5.022947023338819594e-01
7.271072261995407127e-01
-1.110629510508296808e-01
5.874403589114626234e-01
-7.555753533434289571e-01
-6.925954880822927651e-01
7.124152549210517327e-01
6.621812524389083521e-01
9.360585314978805416e-01
-4.900796154431746876e-01
6.486898869669169843e-01
-9.662953885536504917e-01
9.889549722684379818e-01
-4.483479787596501009e-01
-7.627676032560304353e-01
3.218576889415289966e-01
-9.108447151535656872e-01
1.850553083225957296e-01
-9.730972069128638324e-01
-2.170809666030327489e-01
-6.687105384830371868e-01
8.643232548165231677e-01
5.102966686801735374e-02
3.739140820889098049e-01
5.518744708642249197e-01
-2.299888758151218127e-01
3.798713393770775104e-01
-1.453221444987531086e-01
-9.328815376485399824e-01
6.646671910618155987e-01
-5.883275397544431851e-01
3.990567202205215214e-01
4.571657218461515626e-01
-9.789298448214179826e-01
3.196992553026095640e-01
3.142977216492207071e-01
3.863115156943051076e-01
5.321937409827344201e-01
3.353675800414261943e-01
-2.332869309403420577e-01
5.851574381182300666e-01
3.268942951508576056e-01
4.418222778544976803e-01
5.054383822395823733e-01
8.061827890207511338e-01
2.305616890557257992e-01
6.802930443768733237e-01
-1.755409895224371575e-01
2.768760365948092494e-01
-3.108384855491425069e-02
4.887116409651804938e-01
1.818674737097412120e-01
-5.293983076723261100e-02
1.990234720631944010e-01
-2.820922816423712121e-01
-5.344955107791354854e-02
-5.499083710905857680e-01
9.134262757585234205e-01
-5.345085510393028372e-01
2.540067827108219989e-01
-3.467360541651027250e-01
-3.371650175163194429e-01
-9.245249773865765741e-01
8.724838769315468312e-01
-3.068505673780710374e-01
2.221076643799559103e-01
7.520918205563851267e-01
-1.686710188081549655e-01
3.673043384122372523e-01
-4.422714207662765129e-01
7.883914857207435789e-01
1.719707093014792021e-01
-3.654570938735676733e-02
6.334757196974325488e-01
8.607477071073627028e-01
-7.601149017654038609e-01
9.834077196888811878e-01
-9.263140118086843344e-01
-4.121810150014428853e-01
-1.061838511475532654e+00
-6.105692151165473813e-01
5.344430336248935376e-01
9.195344374819145461e-01
-4.604761538407011745e-01
6.261575115624744559e-01
1.394761355914577172e-01
-5.499160568320176079e-01
8.912699263375343239e-01
-2.014860366794269941e-01
1.754066371567852278e-01
-9.662224892223533201e-01
-4.156807497757951109e-01
-7.867416989949130857e-01
1.079632596391846722e+00
