5.432248120352514142e-01
-4.364301963490526681e-01
-1.075091170165060894e-01
-5.022016967757509942e-01
5.174658846078457053e-01
-3.896466224383238752e-01
1.037337507166976036e-01
-9.762192476753218662e-01
9.070577568287140346e-01
-7.965192488011468841e-02
-9.538199288391436825e-01
-1.282039618553667409e-02
-4.186936451968600315e-01
-3.581519003524530897e-01
-4.918389125696315256e-02
-4.991490717161713997e-01
-8.274055177930820237e-01
3.616436883729113871e-01
3.286331080256496007e-01
1.199606694804276286e+00
2.033794358529274482e-01
-1.376781526527381949e-01
-9.266198787739557963e-01
-4.609095078543614665e-01
-3.475769612847498524e-01
3.437929486216290131e-01
1.213191690399816558e+00
-2.493582183332345714e-01
-8.184206231593236236e-01
5.967701909129387028e-01
-3.916107578955912993e-02
-3.000603256216346493e-01
1.034725941659666137e+00
-2.180009148388491469e-01
-4.373164144253149921e-03
-3.149489923244980227e-02
5.135398989462384295e-02
4.177999054208061391e-01
5.153052337513039927e-01
8.073181093664330010e-01
1.487839278801457721e-01
-2.104357041670589790e-01
-2.120072203927056698e-01
-1.240425704176721489e+00
1.286120510246978599e+00
1.985794455651322676e-02
-2.523983309686715359e-01
5.281866507696229007e-01
3.734239078992422356e-01
7.588113422585357482e-01
9.554226083162463690e-01
1.289607794557692921e+00
6.811272986731106704e-02
-6.369090463925068946e-01
-6.828816760893552384e-01
2.526040704257948022e-02
-3.169294452935023099e-01
5.001360539557130336e-01
-7.456584474268838914e-02
9.790688897550448022e-01
-1.091650760189141423e+00
1.215965657886662665e+00
-2.400794093425198117e-01
-9.818380748114045042e-01
-9.530128521374785500e-01
-7.310306149023505506e-01
1.095790461606463095e+00
-2.001079431819957344e-01
2.051686437976997235e-01
4.333126940972943375e-01
-1.286491665460919309e+00
-2.047599837493156438e-01
6.165784378103971175e-01
9.306861579070230261e-01
4.534548232068527640e-02
9.124412635628804669e-01
8.928978961210301546e-02
2.646223477570133764e-01
-4.294162347033532723e-01
4.842256777753346508e-01
5.276948192275787708e-01
8.735083035658264272e-01
-4.101273825709095266e-01
-2.963513617427869784e-01
-3.714653790166668745e-01
1.308663278435745481e+00
1.065478917474079301e+00
-9.373900025038972572e-02
-2.011517009384617971e-01
1.720967838208188605e-02
6.769266474444587400e-01
-8.306208021399160701e-01
-8.711753061249054575e-01
-1.062157265117529281e+00
9.680967641155802106e-01
-5.269745080799720371e-01
1.402129226863131128e+00
-6.808396668683118769e-01
-5.024291910980567266e-01
-2.471977978023617073e+00
-1.341762510804449526e-01
1.041692961494818270e+00
1.439189631348969378e-01
-7.345703006760589959e-01
8.245537544026015908e-01
6.371935613989302416e-01
-3.782935774460463030e-01
3.156410328166530666e-01
2.536134429377381316e-01
1.796664630812277730e-01
3.589787181475387889e-01
-2.434463153803675395e-01
4.431531761255291801e-02
2.171897473075182217e-02
-1.514097348429408463e-01
-1.575331525864237081e+00
4.684539877413628206e-01
2.219122069576517919e-01
1.014754007444222950e+00
1.512645129037451519e-02
-6.349266733058164247e-01
6.098626142608337686e-01
-3.641449139983934935e-01
1.158699257043692699e-01
-9.458362582616296477e-01
8.513129652237795275e-01
-1.502654320567182733e+00
6.894673270557258871e-01
5.772926826009834311e-01
-6.206915353491311294e-01
-6.430817593059628967e-01
-8.275595658292007606e-01
-4.903316253534817926e-01
-7.157214590945445432e-01
3.866332771744743768e-01
-5.049202199027925664e-01
-1.100660692662036144e+00
6.569619783475133534e-01
2.374767476450939663e-01
-8.076145251756383647e-01
-9.175030250100222329e-01
2.021591143748646402e-01
-5.172820866125831252e-01
1.268248506574217505e+00
-9.355476439346231965e-01
8.001518661250393016e-01
-4.572946756359506648e-01
6.265798823580956411e-02
-3.738931949098165397e-01
-5.556077382709182499e-01
2.432334229959865479e-01
-2.531801689271397926e-01
1.111372270994332778e+00
-4.992522541548916615e-01
6.255098964609133727e-01
-1.118393751038215145e+00
5.471957554985252825e-01
6.410765864135176129e-01
-3.843620124951738770e-01
-9.410557848440197493e-01
1.136024357111260707e+00
6.870076384337243658e-01
1.872170539070578954e-01
1.751886269243548178e+00
-7.608530929572270285e-01
-2.586149484420950939e-01
1.329238184698092462e-01
2.647210145035841511e-01
4.441814213367183961e-01
-4.558928317203690961e-01
6.692772809854835581e-01
-1.151521946400115848e+00
4.138712900799831895e-02
-8.600502975906412217e-01
-4.928918016399280733e-02
-1.480448736497618212e-01
4.267245960491929946e-01
-1.088578968358773214e+00
1.013556626295240903e+00
-6.569440051666425306e-01
5.313570932872866415e-01
-4.044555052247270632e-01
9.011102869205586119e-01
-5.499862290859148795e-01
-1.061794920619801852e-01
6.816886088933522825e-02
1.020181112051322891e+00
4.288147572852197831e-01
3.612777247784761392e-01
8.528789324239516301e-01
1.080160692826298563e+00
4.367107037419542537e-01
-1.127468006239153553e+00
-3.567248487701959458e-01
-4.681967594583659742e-01
3.650630212408467745e-01
5.338006501831775719e-01
-3.943035478406718419e-01
-6.177788689721019910e-04
6.573519968947939551e-01
-1.607831034697630335e+00
2.533261821448479778e-01
1.057767548007393504e-01
-1.041350364695727615e+00
1.441198656231420294e+00
9.622182592719296101e-01
-4.366984394522815949e-02
3.820508744119164302e-01
-1.639657265121955976e-01
-1.354081839358788120e+00
2.751874282433139918e-01
-7.461206291461174311e-01
3.864448981541842021e-01
2.654352534472199099e-01
4.650551108193715644e-01
3.655125383966006392e-01
4.583312750227200860e-01
-1.020068652194400238e+00
4.493156273999249217e-02
1.781349719982265323e-01
4.876854607998680757e-01
2.509246998901253356e-01
1.137976275186693309e+00
1.302015788580429989e+00
1.199837147597617171e-01
-2.294317214505193769e-01
-1.906484019131435836e-01
-1.820920011907501690e-01
9.766061678766848608e-01
3.169825130884232900e-01
5.364414045667127706e-02
-1.625829769336399888e-01
1.258690183235462723e-02
9.899284761705511304e-01
-6.183254815510225155e-02
9.103027622879747982e-01
5.879958343472414528e-01
8.312069053589788981e-01
-6.762432192788607743e-01
9.767609308092025655e-01
9.463570955865704959e-02
-3.826092911079681524e-01
-3.647958644178138088e-01
-2.573136667136990408e-01
7.714472118305903958e-01
-1.212130189294029936e+00
1.164077100170747725e+00
3.798870957515707580e-01
9.521304975195864495e-01
6.752053997963085585e-01
-6.775679243413867958e-01
-4.001605507592789213e-01
1.648634693285460362e-01
2.391673409170334830e-01
-2.813021245531083236e-01
-2.565146219645542125e-01
-3.974322359666179194e-01
4.790872233105713529e-01
-3.035823001305881785e-01
7.986201132786013845e-01
1.810470196352352845e-01
3.826740059365173474e-01
-6.479362721030816896e-01
3.593049711726383766e-01
-3.625332523754391523e-01
