8.108632930929460247e-01
5.135519852273142671e-01
2.056870184945295277e-01
3.314478996465274885e-01
-8.163563569994254365e-01
3.846471933395201326e-02
4.413817662469831093e-01
3.042946307578707765e-01
2.017370963608113021e-01
2.858439258267553851e-01
3.299096641130399021e-01
-9.877814448096760014e-01
1.472145669793296641e-01
-1.026354911732531017e+00
-4.834588065981751948e-01
-3.787092198446911362e-01
5.423888399769474233e-01
-4.783448558457703559e-01
-2.888498609843781484e-02
-8.071813506250474779e-02
-8.179757084415339996e-01
9.763539196308971269e-01
-1.875756627254099862e-01
-7.050949836028950202e-01
-7.000376259101671883e-02
3.753710830386249309e-01
-7.914514311109221989e-01
-6.775556369390614009e-01
1.430477931196525165e-01
8.460248551985709575e-01
-2.653771245003664903e-01
1.928090280955633284e-01
3.519194490744277370e-01
2.994921248759512267e-01
-1.556668081027289818e-01
-3.278173174235459730e-01
-5.088159342457081458e-01
-3.847507538363621471e-01
9.518889269061504566e-01
-9.373702610133975988e-01
-2.580781768100323115e-01
7.319106069674986836e-02
-1.094822947845316974e-02
-2.492174049170687855e-01
-6.594307428783519054e-01
5.253364110274268972e-01
1.054730885848559341e+00
-2.274063632547266289e-01
5.072649077067425960e-01
-5.005480678275309181e-01
-7.322586884579918021e-01
-3.682920628902113247e-01
5.763306500363797324e-01
5.045404077243094143e-01
-6.581407615561980506e-01
5.334604546679995174e-01
-4.393244528099032875e-01
7.189865190146551566e-01
-4.006312393296086044e-02
1.631833009078346164e-01
2.176989004952051276e-01
2.000984681934860898e-01
-1.519513430455603220e-02
-4.742605013816737491e-01
4.946432193719466075e-01
-6.093463611196238139e-01
6.235707899515465780e-01
-1.017824938353669051e+00
6.971866876564198900e-01
4.115875952936910442e-01
4.769489264592032263e-01
-3.057693691819394766e-01
-4.938626041307982995e-01
-6.998974651681914017e-01
6.479054570801503488e-01
8.794868466203109580e-01
-9.648450166740907274e-01
3.007834642856071494e-01
-4.152204028089552801e-01
2.493569071284602312e-01
4.689015491360534749e-01
-6.355046240843795768e-01
-2.470535363801419360e-01
4.086151343735457409e-01
6.552183214238002096e-01
-3.812569282424877470e-01
2.703432372491129110e-01
5.414246866998483343e-01
-1.028637504513109757e+00
6.860467864778220237e-01
4.136380794396199434e-01
-8.126158512285075464e-01
1.020234456564812264e+00
6.127012891706965503e-01
-3.511275052726087753e-01
1.994965326886965762e-01
-5.362386349651105943e-01
-2.140884632711992641e-01
-7.776988075145336854e-01
8.476792040907333847e-01
1.070991720693755367e+00
7.232000128654386684e-01
4.529825240876681480e-01
7.440660063110423605e-01
3.691001710075857978e-01
-3.909591794436300671e-01
-3.017410124106304492e-01
8.693149879751546072e-01
4.163869186645401121e-02
7.775962971070440322e-01
-5.878877479822971486e-01
2.741263999025291276e-01
-1.448579499327778963e-01
-1.158823198473865057e-01
2.522311423382092577e-01
-5.825052657162257397e-01
-4.457391108322539819e-01
-6.121010063677329027e-01
1.238714941367149658e+00
-6.587140342638514445e-01
1.301878160524130301e+00
-5.420524506300024026e-01
4.946129546977585667e-01
4.236636341479897983e-01
8.333417358398755859e-01
-6.284080021034600394e-01
5.989045123831404638e-01
9.646389744320615911e-02
1.926904554584927265e-01
-1.439951795184899186e-01
-4.436185310341763666e-01
7.259237227512712609e-01
-6.975056757610267333e-01
4.331480793589285727e-01
-1.037275997435549435e+00
-3.723155028420916390e-01
-9.266456930586994822e-01
7.061185759596886324e-01
5.655702812626521858e-01
3.253606287716551138e-03
1.545845061074144766e-01
5.161355708423854827e-01
-8.261333984899205118e-02
-6.534356333987803023e-01
-3.844591742011604363e-01
-8.456076065833019184e-01
-2.292630510753044387e-02
2.345635386193412053e-01
8.709960106078542541e-01
6.874671057590259204e-01
-9.687007210592076811e-01
1.313786394791927326e-01
-3.019190873375758866e-01
3.158920391407393224e-01
9.444636476666804503e-01
-5.858607678699908616e-01
-6.221773807659352062e-01
4.245871974587108744e-01
3.217819083076007836e-01
-6.586038973610128799e-01
7.856201744678248389e-01
1.679292788098689648e-01
3.242243721791845945e-02
2.094035449872655996e-01
3.194255373654557584e-01
6.869372437230334416e-01
2.131243488510951578e-01
-1.714799234867663558e-01
-5.360838482377416198e-02
9.555792161885329206e-02
-3.644120020629785239e-01
-4.236924496764644110e-01
-8.311658707582521011e-01
-8.639326583719732222e-02
1.127047877863323055e-01
-1.321826246095517965e-01
-3.498461840003634360e-01
6.124898807795774447e-01
-2.543090596794182479e-01
6.392880734159878120e-01
7.506119457567143050e-01
-9.876755145140359016e-03
-7.021391690628900895e-01
-4.237418167604402319e-02
-2.270363618942615180e-01
-7.176571681239404810e-02
-5.410395615036220907e-01
-6.945624720907213057e-01
4.574908112500901125e-01
8.443800676493109503e-01
-6.354525557705217320e-01
4.808374961936147107e-01
-9.767571394203035107e-01
-4.872447085435260838e-01
-9.718922700099005274e-01
7.905707910931630833e-01
-5.824798513863258531e-01
-9.709318370218588123e-01
1.028976839608261473e+00
-2.615054204499299706e-01
2.295746584149317010e-04
-8.794170865359520750e-01
-1.885405965838518605e-01
4.206193347881957423e-01
2.619410591330730287e-01
-4.605317188674444839e-01
-5.591088346939749876e-01
5.537318490224810708e-01
-7.041915047048706855e-01
-1.435093832659821711e-01
2.852322505749130821e-01
-6.963227760062387639e-02
8.221187978604681534e-01
2.874320999485954209e-01
3.617480129991443860e-01
3.000566435266885934e-01
2.755943608208388795e-01
-7.500207712730181386e-01
1.950922738132761514e-01
9.405063599967550259e-01
4.049875629368379637e-02
6.473382180337192704e-01
5.448036702205227844e-01
5.030620968843089180e-01
5.714356103262260289e-01
8.074585476643462156e-01
-4.148510477371724625e-01
8.885905348645976032e-01
4.670955240679028342e-01
-6.410940398134301610e-01
-1.708756855151742082e-01
-5.226859212411592015e-01
-2.046781550043546005e-01
1.806615787235704707e-02
-5.070678159433702481e-01
-3.767476922995064426e-01
-2.797973717832941826e-02
8.831815437483221398e-01
1.120021247469021652e+00
-4.916771084052827812e-01
-7.586051006557286147e-01
-5.657172803957607465e-01
-9.306122258248371582e-01
8.230594679187365204e-01
-5.673975755090978623e-01
9.138950106279405405e-01
5.399305592109737706e-02
-1.060087095323600126e+00
1.132722917812301333e-01
2.610798529176723837e-01
-7.974714304278736066e-01
-3.510987960286507947e-01
-1.547735397904999033e-01
-9.035669487441041481e-01
-8.299363028461956837e-01
2.937464513948642164e-01
7.681972441744379099e-01
1.710444909552108761e-01
7.472645780467632726e-01
7.633493915498893445e-01
-9.245920642394297451e-01
-5.600328685782132165e-01
-2.966257030600060185e-01
-6.590370184184567437e-01
3.199452522348887329e-01
