-1.420907100952755187e-01
-6.792645019973697629e-01
8.317847828940803101e-01
3.638645447311997794e-01
2.166369167048587396e-02
3.683966257176429782e-01
6.960122976362345115e-01
2.070582852179160271e-01
-4.418928438369318368e-01
1.800963823330141711e-01
-6.636860252695636619e-01
-1.955992140261866297e-01
-3.206307867752483665e-01
-2.234666979070043524e-03
-4.702875953528602437e-01
-5.328931338656791583e-01
-5.179345053953270384e-01
-3.683408366998663919e-02
2.535070544960961181e-01
-6.339737912446886670e-01
-2.023200424169113720e-02
2.678357388684050600e-01
6.420028550637927323e-01
-1.204491007819773474e-01
-1.362845395220461109e-01
-4.546194043976437005e-01
-5.501065609819555391e-01
5.739582833076790624e-01
3.195846890240207072e-01
4.441656796358528503e-02
-5.186112766703755428e-01
3.021865110995979320e-01
1.451440734307063440e-02
7.412835641382859997e-01
-5.222426672595891217e-01
-1.798259404268630623e-01
-6.497179574900110444e-01
2.681346469557476242e-01
-9.019668383535245360e-01
3.928002721614907156e-01
-6.904930077139458389e-01
3.286178341439849326e-02
-2.987547355231194857e-01
-5.084013790908048502e-02
-2.867289854854042641e-01
-1.047591267647872693e-01
-8.566939889084848048e-01
-1.330780315667198233e-01
3.121954635574728520e-01
-1.122053635202181487e-01
1.541260072731047703e-01
-2.451176374188520635e-01
7.021301082078990063e-02
-9.436504416539497342e-01
2.049438209148624068e-02
-1.842902486330527667e-01
-2.987308638620010948e-01
-2.643494787770022114e-01
-5.979269513891287691e-01
-5.432648575752072606e-01
-1.305462610933054712e-01
9.132814902198438389e-01
-7.769064971970901512e-01
-3.574183152355814297e-01
-6.999167691100518507e-01
8.456732595202434144e-01
-8.607140742290121382e-01
3.390255724930310022e-01
2.124206300331332731e-02
-5.551278119282508916e-01
5.407278846718421850e-02
7.385199908529094248e-02
-8.125104957549520446e-01
-4.414527819044723467e-01
1.842652158292354958e-01
3.436647722923034109e-01
8.369691657086530956e-02
-6.538994917446434574e-01
3.233386125920937326e-01
-5.453274249000849005e-01
-2.940687441039202543e-02
2.522890706457153742e-01
-5.508886580996598115e-01
4.439544321673573046e-01
-3.845023116735223345e-01
-4.303050045835853377e-01
4.457295150811968476e-02
4.822460191779666117e-01
3.061558988276312787e-01
1.875205544839825267e-01
-1.081236534711440544e-01
7.841317076153608845e-02
-3.452461590112732015e-02
-5.501760471467167513e-01
-6.781664982309311140e-01
2.262003484138188636e-01
-1.446065924043344886e-01
1.336880199509260514e-02
-1.715140654884482752e-01
1.883726174470294890e-01
6.959150030853310520e-01
-3.231343888632927097e-01
6.997022057987478671e-02
-5.045373727430467747e-01
3.069069011100167277e-01
4.110358221691058356e-01
3.032378340307840814e-01
3.871092928139646672e-01
-8.271542201004453698e-01
-6.771987138188966249e-01
4.776402983618253106e-01
-2.282258543795407935e-01
3.434357197386280758e-01
2.328802078007138343e-01
-1.072166018836033796e-01
-3.465270551090650075e-01
-7.897887795856067816e-01
-3.397865231246750550e-01
-1.194118735689670974e-01
2.321689368077778370e-01
-5.964932398808866498e-01
3.425304059174260063e-01
-2.195208377397855903e-01
2.878491162384430035e-01
6.129103631439699607e-01
-4.437247522526530652e-01
1.218401739080819945e-01
-3.882502223364145966e-01
-2.531717083370210730e-01
-4.314108428109854065e-01
4.766404787399901588e-01
2.065176991194040967e-01
-2.873795207326301782e-02
-1.507231437009108888e-01
2.561425992528603146e-01
2.329415375515175857e-02
2.391670144897672934e-01
4.171504630866786911e-01
5.486032873915179797e-01
-2.676515549224259827e-01
-1.252868674551976813e-02
6.767719083940115787e-02
2.220911653374793016e-01
-3.359166059143734451e-01
-3.852964733024865085e-01
3.242935267885592721e-01
-1.176493595888973287e-01
4.969292354261435340e-01
-1.408026113894934594e-01
3.794708691350967555e-01
1.216087798523796115e-01
-7.899385754676421234e-01
8.333487637886728416e-01
-7.979333730418902704e-02
7.712015527018665217e-01
2.653994561599665181e-01
-9.687122718419871603e-03
-2.326381614236071593e-01
-4.233258582337618980e-01
5.192492427320939408e-01
7.646504070650927964e-03
-2.122048677298602470e-01
8.372331183078077776e-01
1.153545010410828020e-02
1.173201241710755127e-01
4.007884356198476716e-02
5.325980331452595529e-01
-3.784749085713579042e-03
-5.218324900158729518e-01
1.363773073883712827e-01
2.412064921977871146e-01
2.502863314734384836e-01
-3.106809819456398669e-01
-5.741539506147920191e-01
6.199663176337071313e-01
2.086229046356171679e-01
9.429894059477272883e-02
2.934410004619564249e-01
-1.096269085497729723e-01
-2.383218571750042036e-01
-5.164520174031713706e-01
-7.393710267647488621e-01
-2.993862292565222516e-01
3.197983900658563083e-01
-8.531910025611170179e-01
-4.107523274874457231e-01
1.629340472076989954e-02
4.649172669075668507e-01
-8.823734600586761179e-01
2.401191007777796482e-01
-6.272327540451986261e-01
-7.536562259655353868e-01
1.961041776623516641e-01
5.383679170005580827e-01
-1.184109704569548116e-01
-2.805419724573696705e-01
5.375346058031416074e-02
4.067951313063725705e-01
-6.093442951019285569e-01
7.088489142767884221e-01
1.878139738021755711e-03
-2.534490038196861583e-01
-3.556352042846196992e-01
-4.779678172363186484e-01
2.640722720517818534e-02
1.244019274471239722e-01
1.595006836541638107e-01
2.748856905340579804e-02
-7.053865762391423599e-01
2.818034842705198217e-01
1.670456178765642452e-01
3.090128646747958285e-01
-3.826725736018177226e-02
1.692092312799158282e-01
-2.247208280722881035e-01
-6.650548339989396096e-01
-4.564693664636038095e-01
8.320272904147385518e-02
-4.008832800657803341e-01
1.036689092192141226e-01
-2.995663361711828898e-01
5.723192563246891629e-01
3.907277549574368347e-01
-1.183607668958918113e-01
1.607375994140228803e-01
3.659426080772617551e-01
1.242875241580714274e-01
-1.882230258108600340e-01
5.452557242649119784e-01
-6.203747511395971692e-01
7.068701265478912754e-01
6.328123524578240788e-01
1.600480638226902119e-01
-3.548902122651558244e-01
-1.772990247340658909e-01
4.972011508315281603e-01
-3.121244513750779381e-01
-9.787645510571640894e-01
1.444418928467838814e-01
-3.410231544087489741e-01
1.544051497090167535e-01
3.240994135272139420e-01
-5.178394859919556170e-01
1.575381313205048706e-01
3.075495347142546132e-01
7.012854524839962078e-01
-1.876000429941059311e-01
-4.896870399548752806e-01
-6.400215413008600862e-01
2.676419326376733299e-01
-7.615223120656979816e-01
2.560715748157645910e-01
-2.867160552555273467e-01
5.310181690781818897e-01
-7.046566027601559590e-01
4.823628454027247825e-01
-1.184432597027456069e-01
-2.214533238988348751e-01
9.580767578193838396e-02
-2.202901982658889146e-01
-4.297025400759172387e-01
-5.433984482775189306e-01
-4.906499376245876398e-02
4.382041440163216839e-01
-7.760743354376572478e-01
