1.857912931888781038e-01
8.587842143774151449e-01
-5.087353865651245144e-01
1.743328736969229631e-01
-9.756834579473045999e-01
6.768693256306470563e-01
-8.426442645817646682e-01
2.862626087251727292e-01
-1.007470750669743342e-01
-9.445510567217927367e-01
7.823110934657773186e-02
2.493735979139926062e-01
-6.890244300656598320e-01
9.126230642616528499e-01
9.079018717189586418e-01
2.286150273137397271e-01
-5.849368796711060803e-01
-3.766271428926304399e-01
-2.857774748486607841e-02
-1.884259846980231856e-01
8.065024894279189116e-01
-8.509792813155683255e-01
-3.121022669197091037e-01
-4.909233191150462472e-03
-6.683462864086265887e-01
-9.065477604913114718e-01
8.679692104855698531e-01
-4.836968655207776191e-01
-7.966870176608482623e-01
9.352334154738191074e-01
-9.518725958916791630e-01
-7.568210992218389332e-01
6.662242852427842088e-01
-5.253824463015250856e-01
-1.763514299937236629e-01
-5.294769454223844374e-01
-1.543733675671956629e-01
9.857196718326639573e-01
3.654763693253976209e-02
-9.803789224793122425e-01
-3.403380667318404162e-01
1.148758392953550755e+00
8.110339936213182277e-01
-7.736114538658163120e-01
4.907407776436056857e-06
-3.379775362467091204e-01
7.792083995868070989e-01
1.225361782400337246e-01
6.884330232368879310e-01
5.353781307772692566e-01
4.337299717312899094e-01
6.578716223765560533e-01
-9.489035210501404194e-01
-4.737925379979669449e-01
3.027191510897302429e-01
4.320356514634615674e-01
-2.391005688542122698e-01
-4.721079966628545233e-01
8.967516747134474109e-01
5.722174905881128870e-01
2.316346078623625349e-02
-6.328734293871155492e-01
-1.541685937707479859e-01
-6.872868287285343047e-01
2.134205391572785993e-01
9.170430545165972891e-01
4.495340497288098924e-01
-7.348374891009361587e-01
-2.892821546479795725e-01
-4.648787909665883511e-01
7.827209694312147192e-01
-9.374805935207559671e-01
1.222601395226072807e-01
-5.282964164561467779e-01
3.881742441685731571e-02
4.380251889707269530e-01
-6.998418472096323839e-01
9.733019724549527574e-01
-6.923969585476159594e-01
-9.856918797563660739e-01
9.918624329918690474e-01
-3.790979620510193104e-01
4.179079624155779271e-01
-7.863494751435240460e-02
9.141422024602865459e-01
-5.598076417285597906e-01
2.073050391240924828e-01
4.139196110258414052e-01
-6.668231114336296006e-01
-6.143793481445334326e-01
7.286873852465758361e-02
5.808913894196066074e-01
8.673970877947484448e-01
9.589857869123216139e-01
-5.012138613180919799e-01
8.368204513205830253e-01
6.871007545666034666e-01
6.698678210185003978e-01
2.134746288868181463e-01
-5.714904892233997336e-01
4.351041667623671561e-03
-7.808715589080676978e-01
6.002813348281946237e-02
-7.181238750637688462e-01
-4.678952213109118241e-01
-2.440560118508119380e-01
1.118237313026692048e+00
-8.914964861801248919e-01
7.088555064970709640e-01
4.884880663718299543e-01
-1.922188273856374752e-02
5.319767454189952005e-01
-5.450035615043105075e-01
-8.574856546241804711e-01
5.337183475203592931e-01
8.173988767807968125e-01
-2.395413136008755772e-01
-8.519177447353469823e-01
6.609537202346176255e-01
-4.887795463094192217e-01
-7.415237485538986317e-02
6.011111938346673789e-01
-1.151847222117071967e-01
5.093993475587192954e-01
-6.214425315088958346e-01
1.083491348541655963e+00
-1.029367737948328587e+00
-3.864058378159615503e-01
6.590638950037996935e-01
-7.945883938482614650e-02
9.569818164931661597e-01
6.697780226660238201e-01
-7.619171587676762947e-01
5.210582155104356294e-01
2.817209898302970306e-01
-7.465222282249209806e-01
-8.201523048479031353e-02
-3.703450204816480795e-01
5.045761005998992133e-01
5.022317094789365832e-01
-6.928764807760434685e-01
9.845524821913800850e-02
-9.210872681624731051e-01
-5.692090351014109650e-01
-2.365772403287129677e-01
5.562713392161211523e-01
-9.020643200386151417e-01
-6.667351515261845663e-01
-4.355102466794740224e-01
-8.902510660252500596e-01
-5.865392962765398899e-01
-5.116846954854690210e-01
-2.792557518411618034e-01
-8.519679005733031829e-01
-4.890232720892704332e-01
2.288473767352476873e-01
-1.193510013613332532e-01
6.526027416120141478e-01
2.666159993180960974e-01
-2.674647137065697677e-01
9.540363003771373807e-01
-1.546596108410351333e-01
-4.124143135420655915e-01
-2.569461108422967932e-01
1.989401442545717935e-01
4.491696779728924227e-01
-5.701846716236363966e-02
4.413630968488456707e-01
-1.636236652611767206e-01
5.531971497462742082e-01
-5.912137337768433865e-01
1.044807174303867381e+00
-1.333874837734474461e-01
3.145231217915389066e-01
-4.839581003182972241e-01
-8.030351811283951147e-01
4.693795165221812393e-01
-8.070265107805913996e-01
-8.879170158173061989e-01
7.991759535447151563e-01
1.661079545097301491e-01
9.036634200968511887e-01
-5.629703306339097768e-01
-3.289066294985854011e-01
-4.603563540665025489e-01
-8.514630309757797999e-01
-8.881253307411940412e-02
6.476477837846434937e-01
-5.218631477773532090e-01
4.881029467057018678e-01
-4.967751706154273084e-01
-7.625478591759704550e-02
3.672359945649352198e-01
-8.088314354720522736e-01
-7.676428760287344888e-01
-8.702000348029068633e-01
9.283848843667908968e-01
7.427150707380236749e-01
-4.908825041177264925e-01
5.320854407135093833e-01
3.721637719606575301e-01
7.024077972910450773e-01
8.742100419148236545e-01
-8.346209571278061512e-01
9.181769649428038749e-01
6.450515225247388518e-02
1.053471287017827107e+00
3.205805184026597754e-01
5.605445811166311909e-01
2.852862845557277982e-01
-8.908344451072689463e-01
2.006800898840221947e-02
-9.513242823282899163e-01
6.649716420859623778e-01
9.068645657254270631e-02
-4.444173011241945304e-01
-3.076227557163591086e-02
-6.538260580337262873e-02
9.296012230054724323e-01
-6.959282865870777268e-01
5.381047724981236069e-01
6.732446278667660877e-01
6.240548227943090165e-01
4.233689699004841156e-01
-3.514736941937379733e-02
4.673867802157893880e-01
-5.143192985803141104e-01
-2.988040278014647000e-01
-2.162231639322407806e-01
3.617553892528798110e-01
-5.749981333249554183e-01
-4.415814035566356099e-01
4.020298107504050034e-01
-2.084189956699354918e-01
-3.102035750403173142e-01
-6.031771601438647989e-01
5.005332686454635333e-02
-1.054628543430355114e-01
3.220885415116066519e-01
-8.742541861774933976e-01
-9.207680522068069084e-01
-5.953182869519955123e-01
8.366845645393534703e-01
9.296231863680901597e-01
-1.030382654396172271e+00
-2.870798982382533407e-02
1.130160599680434030e+00
-2.214057996698420849e-01
5.219834441332896757e-01
5.504264635385284210e-01
1.913883055393348076e-01
-8.897992988249701085e-01
-1.984592796147107707e-01
4.724499120370942440e-02
-4.549964573839950788e-01
-9.787680973947763263e-01
-4.814980813091918055e-01
1.744623467265902228e-01
-6.455558913590702108e-01
4.073343385317669263e-01
-8.250704026924007284e-01
3.472574665781356928e-02
8.806335480647424774e-01
-8.217186719003528594e-01
-5.056147757581179736e-01
