-1.431673421182962924e-01
2.292708610423072058e-01
-5.278795362617805242e-02
9.078668426896463473e-02
-3.509235994418360427e-01
-2.543623645966754943e-01
-4.218221641085685425e-01
-6.262146994529090849e-01
-3.047567344012022117e-01
-3.311472653074812866e-01
-4.963420325783080012e-01
3.511791448363063006e-01
1.378509821307272176e-01
1.696764021781106413e-01
5.389317450029662560e-01
4.155705446976331041e-01
-4.003208099995846370e-01
3.258685905760339008e-01
-1.073778638872924240e-03
-9.006222109258776864e-02
-8.619436910195199530e-02
-2.431543144302379389e-01
-6.312358636431818493e-01
-2.047870917958865000e-01
-4.832873444187237855e-01
-3.692248769150129339e-01
-3.854461979848380349e-01
-5.403302533737663893e-03
6.463284361847496662e-01
7.575708566342298500e-02
8.825128429797488572e-01
2.895598191235942975e-01
2.256870871294215375e-01
3.437442572313764710e-01
-2.714041195349847779e-02
-8.282708272427475871e-01
3.572324411073867223e-01
8.915175491567639554e-01
9.003797467073844096e-01
-2.219890719200714457e-01
-5.582034116916100297e-01
-1.700100445662269255e-01
-1.336148858140686624e-01
7.206192408095900559e-01
-2.709798972133025119e-01
-3.690915684987338130e-01
3.719910611177699167e-01
7.692434485485599716e-01
-2.247813677209796746e-01
-4.100683315949427143e-01
-9.074279470572041983e-01
-2.722899678100788590e-01
-1.838275633975836598e-01
-7.901034003309060916e-01
-2.006424062849742063e-01
7.547641279488712662e-01
-6.557266624149201695e-01
9.420918516523713038e-02
3.641604986199541427e-01
1.189459502125462809e-01
-7.547296952908388867e-02
3.148555056083746084e-02
1.839844193874248246e-01
6.415686247728236147e-02
-5.704525989498314686e-01
-3.942137314561495742e-01
-1.446416970663668700e-01
-5.209250100072244649e-01
-6.638565490166259409e-02
-4.283203026802424596e-01
-6.819775789615333261e-01
-2.950530105088011723e-02
4.599291613693647918e-01
-8.510029448863833945e-01
5.192853191156913129e-01
5.840925766647000472e-01
-4.964760798164158384e-02
2.744595402410208163e-01
-2.327018754400858036e-01
3.161583503322960009e-01
2.134290230244669795e-01
2.258154975427103528e-01
5.559106494714931568e-01
5.567438301040873450e-01
-6.925686782489003379e-01
-8.061140374109915241e-01
-6.643523022846223869e-01
2.456573161495295698e-01
-2.540091686986328812e-01
-2.018805219474413271e-01
1.938536167966475876e-01
-1.550848286421510069e-01
-1.153540237386229128e-01
-7.413473082182987506e-01
-1.825952308002458668e-01
7.598137814049010785e-02
-9.120995295008904602e-02
-1.357177270408042036e-01
-3.693428692706901550e-01
8.121311485980486911e-01
-7.469024375601684973e-01
-3.060374715042668559e-01
9.056288161929232361e-01
4.989158541374536515e-01
-6.822071005675778288e-02
-5.724225135666338726e-01
-6.959453586079689114e-01
-7.053840573533040059e-01
-2.621288775667363069e-03
1.492010140993049738e-01
1.543100630159095488e-01
3.635282734469676980e-01
-2.433025982298259171e-01
-7.004052751878919736e-01
-5.231341086272424112e-01
4.121521681189228570e-01
-2.016880596608822129e-01
-7.125034143983921542e-02
6.069471756481648050e-03
2.386584625784038405e-02
-1.879249515475057697e-01
8.227536160211729177e-01
-5.546362865518790208e-01
-3.494147788594849091e-01
8.396527999475749127e-01
1.534087688858899456e-01
1.137585700574246239e-01
3.291609934479811095e-02
-8.029060600006617809e-01
-6.821280336033507252e-01
-4.322105664768471911e-01
-7.482560020066958417e-01
1.144279490248423237e-01
-3.476561742798938148e-01
-2.812523454084604468e-01
-3.475280838578818088e-01
1.321697774053200991e-01
-8.387150009589324773e-01
1.175371781560278217e-01
6.769348059715575294e-01
-1.393887740793278152e-01
-3.502164623722713310e-01
1.507523710809385298e-01
-6.513305271146837550e-01
2.431809541612549586e-01
-1.740417637866289446e-01
-8.927245701025702251e-01
2.957846218507461655e-01
-1.568957517024313075e-01
-1.730924324856220053e-02
-6.498384714697562625e-01
1.991684678032190625e-02
3.881435031808480041e-01
-2.543570851173547753e-01
6.663547921665835538e-02
-5.498052069989889379e-02
7.473509218893108486e-01
2.668089506207915740e-01
1.963514355332488526e-01
3.070494694820236070e-01
5.555084659969464767e-01
-5.443969426796846367e-01
-3.327916348223567411e-01
-8.204927679932767504e-01
-4.478074475891414830e-01
-2.764920662339064306e-01
5.724461164172625072e-01
-2.863048791832956130e-02
-3.737913262337059228e-01
-5.799277424457156549e-01
2.687055730672621712e-01
-6.171137297723737758e-01
-6.221427832128130220e-01
-9.486903254677170327e-02
4.965883616993835847e-01
3.081406395673760290e-01
3.432352035931912626e-01
-5.582606126216459463e-01
-8.900011366577842420e-02
3.437987708662026964e-01
4.056429855551015873e-01
5.767112232838713659e-01
-3.135503155910879247e-01
4.856172211461934340e-01
-3.415360718443294363e-02
1.524745261080419079e-01
-3.640915826364321539e-02
9.986014309807433875e-02
-2.301385156672905996e-01
4.222710851798283649e-02
-5.862629113189117280e-01
-6.389722801543351594e-01
-2.364836913999361911e-01
-8.097702105736720446e-01
3.587354240713553910e-01
1.302656781212222503e-01
-1.272639930406865849e-01
-1.744522218484523268e-02
-2.986654223723660406e-01
-4.675167604265433319e-01
-4.734781721702461255e-01
5.811477732200932556e-01
7.010608412179364368e-01
2.179360750582912676e-01
-3.358428226039688047e-01
-1.504862798132945434e-01
1.440630923915409145e-01
-2.627618905640216607e-01
4.046623117459540175e-01
-4.059629163963317522e-01
-3.628208297510848723e-01
2.120471627132315406e-01
-1.413549773705589097e-01
4.827587251407954305e-01
4.008988848440188102e-01
-8.999203072475346898e-01
-6.492898902500063851e-01
-8.224094268478321368e-02
2.426465141479114962e-01
1.201181300760679749e-01
2.196888592661764283e-01
-3.439410696468552242e-01
5.283028276061756401e-01
-6.979047367871715757e-02
1.744688664832791947e-01
4.787105353869747226e-02
3.492580375069487264e-02
6.274205195951676473e-03
6.396799159043923266e-01
3.774243711615304919e-01
2.042855446603430991e-03
1.402494431306200440e-02
-2.005604050179651265e-01
4.436280231439415633e-02
4.251496882965840607e-01
5.667338853268856225e-01
3.980418886452277150e-01
-3.210893089373512144e-01
-4.414223383526972855e-01
-1.253323155848032888e-01
-5.362127551496066458e-01
1.304827444182319329e-01
-2.948434060486345709e-01
-6.394846945692533868e-01
-3.765288005369903379e-01
-8.253268859997776596e-01
-3.427446492236553288e-01
9.457362549545200725e-02
1.379348675720459827e-02
8.423329953620051214e-03
-2.307022606776659712e-01
-6.010777436376097960e-01
4.117222616299941462e-01
1.209325150579840802e-01
-5.299275037145811940e-02
6.228768899110890267e-01
2.420706873188778196e-01
4.597398286363886255e-01
-3.779019789223050374e-01
-2.214456266538747942e-01
-2.812219147843966205e-01
8.999089380124725146e-03
-5.643528108602713367e-02
4.421967422341720466e-01
-2.092810353101575149e-01
