-2.522745037277042135e-01
-9.881031809352472384e-02
5.281903736607155286e-01
-5.557449911658809416e-01
1.864502557839704533e-01
9.151087958208002915e-01
-2.618512160833714741e-01
-3.249102219021533511e-01
-1.002802273246447218e+00
4.213033158256522803e-01
7.475600708118237403e-01
-6.295401268630745895e-01
-1.189466687067627371e-01
-4.712092147250527274e-01
-5.639821576410682102e-02
-5.435368512006251429e-02
-1.198292696540591701e-01
-5.648086142020927181e-01
9.603008322925981055e-01
3.846573626008262248e-01
-7.354979999898237919e-01
-8.389275050279695334e-01
2.651634293788216468e-01
-4.079224211362810770e-01
-8.275028430158907211e-01
-8.150125517682336174e-01
-1.052493943472324611e+00
6.688381662491451607e-01
-1.421757454340313864e-01
9.193392151974022486e-01
4.604799633585218155e-01
-5.925101995676431699e-01
7.789748244438197966e-03
-1.683969716325381949e-01
-4.192796846618725426e-01
1.230628504096860920e-01
-5.467308437793252374e-01
4.612860536561094044e-02
1.703326814029156033e-01
9.789807977598812272e-01
-7.060270653217413095e-01
-4.478151540793288143e-01
7.001486920857555862e-01
-1.014524834889593219e+00
5.952589819887632583e-01
7.085040574799214008e-01
-3.163890205846010828e-02
2.040057182290259119e-01
4.635049190693286691e-01
9.230397931315290627e-01
-6.788231767838346364e-01
-5.447288619596282189e-01
5.335734390220988610e-01
-8.647516217952674333e-01
-4.624166965484580172e-01
-5.618098864236730217e-01
4.482948115399632005e-01
3.661976709711913802e-01
6.411400401115281422e-01
6.625370751108866640e-01
1.733061446734590616e-01
-9.532240634109601096e-01
6.366039267069375507e-01
5.584100068184716381e-01
-6.042641845345211316e-01
7.793693903587141092e-01
4.354460297009570269e-01
6.373586733566624085e-01
6.621766673995823638e-01
3.450390502512876711e-01
-4.395310012534894284e-01
7.133801663828753803e-01
-3.615131350401211696e-01
2.821049110943453786e-01
4.475613532434130626e-01
5.314878228091873824e-01
-4.800614106159853955e-01
1.793611943570647127e-01
-7.467103492688043076e-01
-7.464985884174056840e-01
1.041638507253833112e-01
8.380403857462279671e-01
-6.804991875818865443e-01
1.504965837043433508e-01
5.623130783260661403e-01
-4.956141679778260367e-01
9.402508873768818942e-01
-7.519924073304260492e-01
-6.202743642202429575e-01
-8.324753995020854891e-01
-5.716661608160793495e-01
-9.081973726171360672e-01
-1.456617207401433578e-01
-2.164890474617066074e-01
8.218090716099615833e-02
-4.639891778047677828e-01
3.401385782232332344e-01
4.886522433188122405e-01
-8.351199400422982810e-01
-6.304944869908196692e-02
7.494399738986158299e-01
5.919377422954648083e-01
-4.258604017812913645e-01
7.257541976600494493e-01
1.279287800580010681e-01
-3.882889859655775933e-01
-7.440993802089991283e-01
6.946210501454255781e-02
4.901412064832300075e-01
-7.535906207639190280e-01
5.937180518058009504e-01
-8.617117216820584513e-01
6.004006404441533107e-01
7.737927181824403311e-01
-2.223287116926189050e-02
6.124074915262081031e-01
-9.007568024338113988e-02
-7.400182237621478754e-01
-1.580980129199925366e-01
2.444593981528161430e-01
-7.259016199600256680e-01
1.001804411861584088e+00
-8.748544334355417007e-01
7.551146941931281553e-01
-4.226840539270758645e-01
5.914965950921586835e-01
7.648275276837618319e-01
-1.761889567421276448e-01
1.899145680384960178e-01
5.581153450868308052e-01
9.592475026919249359e-01
-1.645543434469971256e-01
6.436835259615976135e-01
5.396664891999698455e-01
-2.092794476662087066e-01
7.145744761240251375e-01
-3.242811280303500854e-01
2.784455526037343809e-01
-3.815355350740765594e-01
7.487782757644708687e-01
1.863438615686630606e-01
1.662835375803986548e-01
-2.712492944543644091e-01
9.133292359828638629e-01
-3.915873225041288652e-01
-7.694751056257159716e-01
5.044412740236480230e-01
-4.817561064183943365e-01
-3.686117293132495920e-01
4.458389719360802972e-01
-5.685972170226972766e-01
1.050117792736456224e+00
4.444363626992362537e-01
5.294415378818065898e-01
-3.158109243490530571e-01
8.561269635820402124e-01
1.958049887375814535e-01
-6.561467649341916619e-01
-4.741223431502782359e-01
-7.487473826328332471e-01
-4.365636560504866925e-01
-9.934090843478268762e-02
-4.503649761177572763e-01
-3.433379206991916122e-01
6.989947512495460202e-01
-2.855579976647042162e-02
9.903674596490430471e-01
-4.064685735602420746e-01
7.505703537869106157e-01
-1.590646280657265210e-01
1.290682913436470569e-01
-2.969345249517970631e-01
-5.200474095452017886e-01
6.195996609487964824e-01
-9.337081534623848933e-01
1.079819223406483175e+00
-1.744690735174248275e-01
7.331858046820058927e-01
-6.265474375827528863e-01
-9.718141971399730794e-01
8.089956322785807341e-01
-1.002110773615529693e+00
-9.812408970347514803e-01
2.886285332076861665e-01
-9.532110931847628255e-01
-6.323947843933467317e-01
7.696457006139478807e-01
-2.005558479764474322e-02
-9.549243998164985703e-01
8.313530010721921215e-01
6.124910955266150703e-01
-4.384841505039020065e-02
-1.345070686156904505e-01
-2.764212643786337908e-01
5.480579815697460971e-02
3.601376257697436745e-01
-6.070210469331510650e-01
-3.544089444842779546e-01
4.044383357370745502e-01
1.182675522519709282e-01
-5.379426119973323983e-01
-4.937280413122344669e-01
1.814183628402900872e-01
-6.663330217643733677e-01
4.760359303851706692e-01
2.273978852788671179e-01
-3.578145937405015076e-01
6.526427215437966556e-01
9.862665387865767741e-01
-1.074183404045034873e+00
5.376513185898491587e-01
6.332346830157206119e-01
4.499416522315087819e-01
1.053512330502093031e+00
-7.606443297482647914e-01
8.176238593454600023e-01
8.105277986951994196e-01
6.474191992430786691e-01
-5.852422714668441550e-01
2.887100137889993534e-01
4.883877331680267497e-01
8.192601755366187843e-01
-1.931391928036435557e-02
2.396516046919399123e-01
3.765536225704559925e-01
2.673976816017729907e-02
-3.784522138798408486e-01
1.150885842847718804e-02
-6.855248426672834183e-01
-3.540975175047545442e-01
-7.985910354025741453e-01
-7.505304946639670405e-01
-9.376835402695508082e-01
-2.447193026928261295e-01
2.049782136394876497e-01
6.699647952075588053e-01
-1.032493169659911780e+00
-7.463172393297088369e-01
-7.192104882054976001e-01
-3.741575545812282633e-02
-1.086336001659138129e+00
4.139672548213074732e-01
5.256072598542501639e-01
-3.683252269647612209e-01
1.701266886893364888e-02
-4.266733165918544790e-01
9.377557128013994658e-01
9.301080646028911936e-01
-4.736841492630247119e-01
-5.111267109204470360e-01
-1.584270553875555543e-01
-9.836462060273315489e-01
9.422591142693489963e-02
6.701907945639942188e-01
-2.143095640048443551e-01
-7.825306208038950162e-01
1.139012099937135036e-01
-2.348918391556165663e-01
3.439932972656539190e-01
-2.342650075441800039e-01
7.034734547653047620e-01
-7.706104478265843882e-01
-5.949275286872282020e-01
-9.220481615777058673e-03
-5.497742961118667893e-01
