-4.735203448561562389e-01
8.209354828982280416e-01
-8.677780876836919122e-01
6.560639494527185922e-02
-7.911849297346280618e-01
-4.912575861713367464e-01
-7.798787038209847866e-01
6.270729936334662469e-01
-5.637635459994781995e-01
4.459907582643027890e-01
-2.128492446199195531e-01
1.785876711789948224e-01
-8.062202461337226733e-01
3.544954609673372503e-01
-4.408256164645620867e-01
1.322627254294966859e-03
-3.399237313549360318e-01
-1.617478278303391970e-01
3.211305846521620433e-01
-9.444142712884590063e-01
-1.109415175830400058e+00
5.199049387921094167e-01
-3.065388420745118747e-01
8.095614083444576670e-01
-8.154486478470011068e-01
3.036268521870019166e-01
2.975258500584710419e-01
3.684750172115814348e-01
-7.819917955868413983e-01
-2.512439168682444324e-01
7.114149577497979049e-01
-5.653137284205875246e-02
-8.461291644671978807e-01
-6.485444899336635372e-01
-2.045051629647246516e-01
-7.360404815804035827e-01
-2.269875826725474832e-01
-3.556040899866733662e-01
8.168677389157814606e-01
5.406467535978050076e-01
6.702130994852414370e-01
6.805405705712272990e-01
9.173444237445784744e-01
8.261146519099985541e-01
-7.520616782308811032e-01
-1.750425638083954460e-01
2.273367141373467126e-01
4.503735933194226715e-01
2.895710946572204736e-01
-6.382692454047445008e-01
-5.447655840455351006e-01
-1.555391519183003668e-01
-5.763666603018565704e-01
-1.543283015940327685e-01
-6.275973537345170827e-01
-6.802728684511475388e-01
3.753332378272578040e-03
7.806752557229527101e-01
7.948557869828313249e-01
-1.461897260620210193e-01
-2.758886529522183717e-01
-6.256986468624701203e-01
-3.774489397230030296e-01
-3.154120545810404908e-01
7.186594158716567149e-01
-5.650154642698843599e-01
1.622347646414862288e-01
-7.911572528750279165e-01
7.377075942134634357e-01
7.516818729900340834e-01
-5.371217055241199745e-01
-3.180889051055062478e-01
-7.599185820838689764e-01
-8.684327941340689305e-01
8.718833648812929216e-01
1.619889026961566364e-02
-9.214701486088241467e-01
1.043081433728048957e+00
5.824279684943216573e-01
9.617846155327620661e-01
-3.057886753127274371e-02
6.668823489056060483e-01
4.069438051201206274e-01
-1.129114175851226420e+00
-5.473682474632193262e-01
-1.001986230387048815e+00
-1.208876006565751116e-01
7.948442179291850263e-01
2.035526628491136358e-01
-9.649380602982072785e-01
-5.183614989400649881e-02
-3.370121609176398580e-01
9.054868117141948169e-02
-1.930784264009925699e-02
8.431025136828849131e-01
-1.484347169677554534e-01
6.504578831405336548e-01
8.286898836138071323e-01
-6.744981318359359601e-02
-5.991805881538327938e-01
9.778552821539223672e-01
3.396832680752666089e-01
-7.533234345492766382e-01
5.775843642589477689e-01
4.030777599806320555e-01
-7.875914595047435185e-01
-2.001080424680184155e-01
4.952258592205577292e-03
5.702164211525905246e-01
7.426320548701729196e-01
-9.511169568774936467e-01
-3.736945934699597016e-01
6.602376817573291090e-01
-5.906626554292255804e-01
6.989450024851101562e-01
2.990287061315287653e-01
-4.917264177722271423e-01
-3.519057694233599931e-01
4.396801583263085234e-01
-3.930362924369842914e-01
6.766948078293532065e-01
4.075963830499043650e-01
4.052914953019605693e-01
-1.125696003212041663e-01
-6.458879684429670309e-01
-1.755888441527498900e-01
-7.853780047969847189e-01
4.561871206790499289e-01
-3.604797403868053585e-01
-6.794482287887257388e-02
-8.141172322423180230e-01
4.080083994684332027e-01
3.392345464230467900e-01
-6.818007306087976449e-01
6.924838757131605016e-01
-2.207073641406387676e-01
6.004672159256883024e-01
-3.395446370442599671e-01
8.566569063938247464e-01
3.801027721895876010e-01
5.520338739382132376e-01
4.122047457628072453e-01
-6.193350125439560649e-01
-1.072227453087177818e+00
8.794864769977558394e-01
1.066946320877087517e+00
5.407653788008474072e-01
6.868959258609801388e-01
3.954130386353322257e-01
-9.206757517045001116e-01
-6.217384190956345424e-01
8.296268646690642123e-01
-4.790646830197100026e-01
-7.573766563461244994e-01
-8.231134721158842038e-02
-1.216741649792456303e-01
-1.177554837206055693e-01
4.743462377015118109e-02
-8.954910345635134217e-01
2.698524149958725360e-01
6.830061976433027260e-01
-6.524958552097541720e-01
5.923742248025085644e-01
-3.442073275587079761e-01
8.482418878890196634e-01
1.646458613307370533e-01
-5.634579158430464974e-01
1.214564259608695573e-02
-1.162862695632051191e-01
2.384162366911608544e-01
-2.083125403028951439e-01
-1.548231979730667618e-01
5.649882657552358634e-01
9.487851465449611554e-01
-3.947809094784388018e-01
6.566398393241664744e-01
-9.721868934513671068e-01
1.567159989528590369e-01
7.119773643816101893e-01
3.853989929011136240e-01
2.766604361393262476e-02
-5.392216968775209729e-01
3.262271068648642247e-01
-1.144559671273693180e+00
4.474729775641324014e-01
2.012796255506867915e-01
7.409320651020174786e-01
-2.809750135183142206e-02
1.501083680499144257e-01
2.512492402692358129e-02
-6.640683961747113617e-01
9.494564377061766036e-01
-9.263743155952802733e-01
3.705653344180682707e-01
-3.524302919627054775e-01
-6.180221349312944312e-01
6.373902358843701599e-01
-5.853311569329643360e-01
-3.227675224909635210e-01
-6.646338811659813217e-02
9.765082933957895950e-01
-1.125297372145498687e-01
1.011017541563590472e+00
8.174661497703714641e-01
-4.221944665624131066e-01
2.976882609378878608e-01
-7.525445779552802916e-02
1.019448811682297645e-01
1.357170991626662215e-01
8.510441780524220512e-01
4.219407943028988806e-01
-7.454766352296088305e-01
-2.143896674533894986e-01
-3.516456469734323687e-01
5.210315458362236862e-01
-4.563576410990347609e-01
9.505191555920275426e-02
-8.011702524191967045e-01
-1.054487116842430128e+00
6.413758821762770568e-01
-8.799888626209573239e-01
2.036124758905667465e-01
-7.498081193318035798e-01
-3.889527876202478751e-01
-1.412729572748163132e-01
-4.530866059075332464e-01
-4.402624228513264404e-01
-5.282787339202255072e-01
-8.411774802527060002e-01
2.584813308581225266e-01
-5.694657036471095779e-02
-7.298380590374551335e-01
-1.082081150024951421e+00
-4.975416924544467934e-01
1.479516792758556187e-01
-4.308067154858307157e-01
8.246555580540020358e-01
2.941453618640714751e-01
-1.631759828748843288e-01
-7.940276963994692405e-01
7.351195462641894052e-01
6.991808947787346851e-01
1.621016039981705847e-01
9.643443897426851041e-02
-1.470821170023943747e-01
4.526806196988478748e-01
-7.501273433579837002e-01
-9.687877580962575008e-01
3.920970941791830366e-01
6.164910941246608544e-01
-5.129710362451771477e-01
2.672809011694332049e-01
-1.000447694787034436e+00
6.484782386614118543e-01
1.166684015709938543e-01
-5.426694576433217510e-01
5.137804769913112413e-01
-3.629493370912831307e-01
2.487193707696229716e-01
-6.529725883298930222e-01
5.831639537519798244e-01
-2.288077847397787523e-02
8.608142251367982833e-01
7.089254311318778923e-01
4.522027277233702791e-01
