6.396882812558937204e-01
4.954603216735420368e-01
4.171006624925650552e-01
-3.975711530979388897e-01
-1.809205599313077339e-01
-3.228716564271074674e-01
-8.511514549212487735e-01
-1.265194914142389604e-02
6.775539675255397576e-01
3.098249143816917961e-01
5.895298749875501620e-01
1.221218030465115456e-01
4.287345312111252582e-01
-1.471536091324430195e-01
-5.879908052600669732e-01
2.543820464081638644e-01
-9.076031008594276361e-01
3.272875435292810220e-02
5.651806025204978434e-01
-2.836411418987970501e-02
3.828515942573650355e-01
2.076825409402650868e-01
6.668585532301491980e-01
-8.009528763113880068e-01
-1.782971288078884498e-01
5.919568803784464039e-01
5.451551331244465226e-01
1.138719037567743619e-01
4.904726933802965316e-01
-1.735653099517926456e-01
-7.217594276836412082e-01
8.060642099228065849e-01
-2.678617314404443395e-01
-1.519094763625006284e-01
1.211786214850814891e-01
2.023360419019080148e-01
5.649770908192227603e-01
3.062399674213841516e-01
2.655617388707208759e-01
2.801258213326339730e-01
6.172383556996767773e-01
8.929119496463658878e-01
6.754353374870666338e-01
3.765488322604860771e-01
3.807988032977419612e-01
2.307926865891471446e-01
7.176103554538163509e-01
-1.965353500911691254e-01
2.545945970621895094e-01
-3.723362114809369849e-02
-1.762046769773975008e-01
-8.624085725034771333e-01
-5.236160028315994808e-02
-7.040050798290606870e-01
-5.525538541876029441e-02
1.771333774497638736e-01
-7.461630846107021320e-01
9.178855184111878174e-03
5.706439062399901729e-01
-3.747396331447288009e-01
-7.227083370137439289e-01
-6.618235843958750753e-01
6.982528319900329628e-01
6.506778854115626842e-01
-1.211084622774389885e-01
-3.659821664974087785e-01
9.274052265200949385e-02
8.448935525644452049e-01
8.827134315530571484e-01
7.060240462510847248e-01
-6.853227160223929193e-01
1.305890240282263637e-01
4.786998374813697943e-01
-5.739152579428485890e-01
2.228753252086763670e-01
-9.715792676816394913e-01
3.868519235404326295e-01
-3.436486791642081595e-01
3.464838050350942389e-01
4.661777296557696459e-01
3.576114854744647520e-01
7.395252391538713610e-01
-6.495997190740319116e-01
-7.058709283887043551e-01
-1.974214098206283907e-01
9.238376291412848662e-01
5.900236987856599669e-01
-7.140083567531962938e-01
-8.173686561035238274e-01
2.260676665768437399e-01
8.570430229495883401e-01
3.879879406077206827e-01
-4.964392770223261531e-01
5.313037995751576092e-01
-7.560502789594520934e-01
-4.208413217867339462e-01
-6.117244071562658592e-01
2.073683942675039749e-01
-9.062497318865376794e-01
3.634013575658534556e-02
-2.842255091613101747e-01
-7.120173601816022213e-01
6.346080486721723535e-01
8.881057015741020688e-01
-5.738320402377248275e-01
5.147719644725765598e-01
6.990801364875871560e-01
3.857536545473816969e-01
1.508387224529309512e-01
-9.657578179791250772e-01
8.947071812902189780e-01
7.940447464187692095e-01
-1.184001993894458371e+00
4.858911207424410628e-01
-2.854281256221620211e-01
5.724350460941476371e-01
-7.901463396586978494e-01
-2.064680123783055876e-01
4.704195351794682178e-01
3.874292946581985309e-01
9.280651681743443682e-01
-9.485745763060580149e-01
2.298815030001999382e-01
6.379340102048853822e-01
-5.790497887554673095e-01
-8.559645464409662008e-01
5.794029191805147860e-01
-9.521074536737197391e-01
-6.443104045555989590e-01
-6.561120743229005292e-01
8.432255808492004068e-01
-4.234954208563204148e-01
-4.511770572823081693e-01
-3.917493165119285692e-01
7.824133625871427800e-01
1.833636005073069342e-02
-1.028617744420978752e-01
9.533041773656103501e-02
-9.047477670572068309e-01
9.248271830244119140e-01
-4.324758084895881649e-01
2.897972131229618609e-01
2.700878828183794766e-01
-6.214805748025514776e-02
3.779558634387180094e-01
7.213027439652380801e-01
-4.654067593407883452e-01
-3.916006389530964360e-01
-6.120760118801830130e-01
7.292299901752483660e-01
-8.808532030831017767e-01
9.049945323440184985e-01
-2.752719624259427622e-01
4.840058955163928367e-02
2.465082500069215588e-01
4.151730411572629453e-01
-9.385046410519253257e-01
5.704597295247713085e-01
7.252604706980869675e-01
9.353224680703933203e-01
5.066158717471738182e-01
4.128727632831905581e-01
7.964173412419135456e-01
-8.903104189623447517e-01
-6.328975003466201787e-01
5.138572977957738264e-01
1.050158728458663315e-01
1.841960195048129023e-01
8.700868135885444499e-01
2.894909190566765655e-01
9.976736860177888300e-01
-2.242535179862048533e-01
-2.230998561037043082e-01
5.473429436770409495e-01
9.993657480602136101e-01
-3.454574560091674407e-01
-6.652330561877533022e-01
2.183639075275989327e-02
7.808733256697786285e-01
-2.979589850991746225e-01
5.487633567568823700e-01
9.378255115942213394e-02
-4.597772131542221530e-01
-6.911315856442130645e-01
3.570792312152633041e-01
-9.362058841432520373e-02
-5.646586302000008439e-01
-3.174894635343767368e-01
6.959561890870049616e-01
6.844497572184993217e-01
-2.585103594280100947e-01
-2.760267703570385422e-01
-7.485222790659933345e-01
5.540549724331525483e-02
-1.002123954655740334e-01
-3.919268912398524707e-01
-3.154836880938643451e-01
-3.016033699738105978e-01
-9.338394940303804681e-01
-4.680219110277880068e-01
-3.577209174614370824e-02
-4.974589679759876537e-01
7.884904803250037952e-01
-4.646602699265619529e-01
7.487885378013101612e-01
-5.473177832758124861e-01
-5.025350073452785615e-01
-1.440793588102893263e-01
5.356016276898374340e-01
-9.342766726222595519e-01
-6.211607678927983933e-01
8.313971381239630976e-01
-4.462170930406255120e-01
-4.981582811287812440e-01
4.785246371276969946e-01
-3.450341080913514880e-01
-2.446901412522222152e-01
-4.593577384738534164e-03
4.361207606804349268e-01
7.669412616893900303e-01
1.770718395279079482e-01
2.514353632841737074e-01
5.005189179388462861e-01
-1.125777809725909684e-01
-8.338506624699276726e-01
8.916820800799991620e-01
7.712597151473135071e-01
4.416067210958691813e-01
-7.345110252872617540e-01
4.864340815294390108e-01
9.021896111553149300e-01
-6.429736953647644526e-01
5.355075859541776062e-02
2.363054494738998368e-01
-7.855541795332823818e-02
-4.490941397371950305e-01
-8.203804307118667261e-01
6.181081332328397515e-01
3.610031046669419652e-01
1.206421530120509455e-01
-3.455000095134064253e-01
2.469118917162205218e-01
-4.469004605643838168e-01
1.151130898827294580e+00
-1.991622775880561580e-01
1.107287668761611110e+00
5.963554954620320370e-01
-1.077059159068078475e+00
3.230972704008907015e-01
-2.327539814533285401e-01
-2.475689710711715952e-01
-5.117350825133624159e-01
9.200861040410205360e-01
6.245179802513832756e-01
3.230633009535259781e-01
6.705227365599467637e-01
-1.093850702818092380e+00
-2.122201486531907766e-02
3.915474508242643426e-01
4.450210775863955304e-01
-2.986207955071995546e-01
9.199303426594145350e-01
-2.731388093451307952e-01
2.895728577298548601e-01
-2.875794455788907023e-01
