-3.470957661931970417e-01
8.527704576306880391e-01
2.359733597215958323e-01
-3.485559194499694424e-01
-3.283722816067367045e-01
2.922823993836305423e-01
-4.024984491082954641e-01
-1.340681033628212671e-01
8.100044966641801736e-01
5.518624992185521272e-01
1.315717167319856440e-01
-8.344135118472526536e-01
-8.162301049575551026e-01
-3.406796459244472164e-01
2.964813703202719974e-01
-4.632831116891320544e-01
-9.347307538239513214e-02
9.616533782350817905e-01
-9.928879415763034455e-01
8.454769217432178685e-02
5.086490074311769138e-01
3.198021942865216793e-01
-7.127889405077956209e-01
-3.609823256827757731e-01
1.433959470515393519e-01
1.827667964028367731e-01
-4.144847948808783045e-02
-8.396440316302642426e-01
8.008947374550454690e-01
-8.861480184355101652e-01
-7.048824734455807484e-01
-8.508725751861390130e-01
-3.835204568041699069e-01
9.507614969428632712e-01
-5.762235504753898674e-02
5.203437819068306158e-01
5.427589992356596227e-03
-8.139775581356700762e-02
-1.953087860077866722e-01
-9.711758532614978012e-01
2.096156588221320671e-01
-8.430186377077057980e-01
-1.542081869839602160e-01
-4.768898200594342551e-01
8.988365771688524575e-01
-7.995316905058860169e-01
-3.510712695877988843e-01
6.213964932941768993e-01
-4.719799401692470475e-02
-1.034683421765962841e-01
-6.510558857365511543e-03
-8.686329492992124202e-01
8.330099157376613661e-01
2.409564568560316200e-01
-5.748226994951974866e-01
-3.670812721609404417e-01
8.528883130291917691e-01
-2.663218859641727221e-01
-8.389605613912334281e-01
8.458685694284522327e-01
1.554637285747468844e-01
5.896344570628271331e-01
-2.114846372479766146e-01
-9.122482945184577918e-01
2.735985358823851410e-01
-4.850371140721785324e-01
1.592666991069784377e-01
-5.683748711895404426e-01
1.607374607085747531e-01
-4.126981986744326925e-02
4.070794724782926810e-01
8.228236033623825829e-01
2.603935869483959831e-01
-4.779739330579992895e-01
-2.144053635366582888e-01
-5.905806345545663305e-01
6.337425101351450429e-01
-5.651152086216892911e-01
5.345912590045498458e-01
5.906126240517677317e-01
8.583158378101529706e-02
-2.873538388938321475e-01
-1.985343839126008092e-02
-7.972118717829359547e-01
6.279592473134978370e-01
-2.938715674210283790e-01
1.424700968557817138e-01
7.240827111048016018e-01
-8.868607387034270761e-01
-1.217983949362841933e-01
9.952954337954977859e-02
3.743548919278356646e-01
3.978586743100775980e-01
9.199694912440594674e-01
3.916754981542662772e-01
-7.542088293127031662e-01
4.239324196606883977e-01
1.404472487018912918e-01
-7.920207893853283831e-01
5.417317970412505179e-01
9.180379002830350021e-01
8.815034959052998609e-01
-1.796702424097638140e-01
6.492319453561168352e-02
1.540644382820934855e-01
-9.799295387360180687e-01
-9.442069065542761930e-01
8.965568239867522937e-01
5.384577480041694564e-01
-7.923719277327629928e-01
7.324529349643638110e-01
1.986089649133835344e-01
5.195014306315981489e-01
5.479048895128517671e-01
8.160576978630222911e-01
-7.820115507024625323e-01
-1.802052317141069615e-01
-9.534924518428224971e-01
9.572757096033630564e-01
-3.316376930045077387e-01
-9.555505429712725096e-01
4.085427799056859932e-01
-5.738251924899882006e-01
-5.603848015165189267e-01
-4.735099175960568729e-01
4.872660816568747943e-01
-4.428429196816827673e-01
-1.020542828780808264e-01
6.221535120294277021e-01
6.633101190876564690e-01
-2.749974265805898987e-01
9.050592812387605601e-01
-4.618744364301041738e-01
4.926553262561905733e-02
1.613178839370585926e-01
4.307236542299031079e-02
-9.575354962712057105e-01
-6.386882121288055547e-01
-6.263782246773148543e-01
9.398499254173258155e-01
7.415623138137672488e-01
-4.275720022368849627e-01
-7.637198104075701988e-01
6.026590218121901099e-01
-5.624092508021629744e-01
-7.516153832099576881e-01
-6.885934558153752327e-01
-1.465377502803060228e-01
9.565668180206947646e-01
7.041286995423068351e-01
2.929120436993408738e-01
-7.169020476332166325e-01
6.898712648564697680e-02
-4.965630327092918073e-01
2.486657331037018803e-01
3.839158794815895615e-01
3.062845035407930627e-01
-4.795328437063661742e-01
-6.450490949715579347e-01
-1.124947142220795726e-01
-4.799053330322078370e-01
-4.918202943350089562e-01
-3.783203339183542901e-01
7.982077322666598640e-01
5.430253639285327338e-01
-9.895517050311575247e-01
-1.058747883423232228e-01
-9.128328665553719912e-01
-4.456455808927801687e-01
-4.119639742907708069e-01
-6.680936243909914030e-01
-2.523988375823871255e-01
-2.420348938794030236e-01
-6.582200169519412114e-01
1.545218455920425171e-01
2.763267601221808256e-01
-9.053781874134774199e-01
3.129535507205276623e-01
1.529828837015556608e-02
6.476154938288374296e-01
-6.818420063733863223e-01
9.129308418027877181e-01
4.589715535897822551e-01
-8.281840365609531851e-01
-3.833188624901340269e-02
-7.902577478637469177e-01
5.110618101215402831e-02
8.170729398832694557e-01
2.534658498427664330e-01
4.916888082306614116e-02
7.258273655579809969e-01
-8.579592142842007441e-02
2.623651451415112135e-01
2.130304277077113007e-01
9.973281365474098159e-01
3.837693911727779739e-01
7.641549901227733255e-01
9.453906433402770038e-01
7.365586469716085549e-01
8.915611758473542814e-01
-5.862664993389119505e-01
-2.133743541061883242e-02
-3.086327392813736914e-02
9.537590978653907037e-01
-9.152909601912462279e-02
6.561455152493775866e-01
8.737900814695787055e-02
4.316172360545571518e-01
5.503975512502057299e-01
-9.033129062636708895e-01
-7.918204954521967931e-01
-8.347601642026232227e-01
4.823066656803280949e-01
-3.175403628048529825e-01
7.043962585160727929e-01
8.464777028917886970e-01
8.104413942874402199e-01
9.822972273662742282e-01
-2.660942959870205016e-02
7.977909459244099111e-01
-9.791672986900104014e-01
1.404725302126110797e-01
7.364123742855208654e-01
8.284127792601798657e-01
-5.097883938057055087e-01
3.431211611348339297e-02
7.253068528894752731e-01
1.251582160144344424e-01
-6.776437642551451646e-01
2.059184944456800004e-01
2.672460257830444608e-01
-4.925337312436293136e-01
9.815029040736360511e-01
-8.167980157291332421e-01
-2.103009631775853983e-02
-3.705851703578717515e-01
6.340813749675846545e-01
-9.902202200818888134e-01
3.336213645201084876e-01
8.176027455184531334e-02
-8.499660720194608388e-01
-8.474149739219287714e-01
1.074220824007330322e-01
-2.795224114862842058e-01
-4.298346548447840032e-01
-3.088275016160659803e-01
-7.463383562994476694e-01
-1.342240547200150846e-01
-3.000424321478298850e-01
-5.765264067083304411e-01
8.494477355711500532e-01
-7.090673339080184601e-01
-5.845152666322892543e-01
1.080670834681429771e-01
8.901059312344210550e-01
4.585611912011910984e-01
3.945530660295744063e-01
3.144027722942088765e-01
2.355312882597782043e-01
5.222870711383980069e-01
-9.360685245723310288e-02
-2.514296851048267722e-01
-8.973868749793885158e-01
9.352765947066521424e-01
1.139761053857148987e-01
