-1.964616634143279139e-01
-5.500404202131927711e-01
-5.513135480480748640e-01
-9.969506833897867626e-01
-8.239651456599195178e-01
-5.297761407943577527e-01
3.978014920919872299e-01
6.989197402232962819e-01
-5.209021234749342533e-01
-6.675327576145444475e-01
-2.796899090980509150e-02
-9.063003815224079940e-01
9.613890301687317841e-01
7.211724487094031133e-01
8.263770231398981370e-01
-5.579828187099413750e-01
-8.190486128542764366e-01
-5.847912925287002128e-01
-3.785906236834017946e-01
-4.819030599823963534e-01
-6.786128475530182058e-01
-7.287488366596732714e-01
7.271446987305751897e-02
9.148115565261607518e-01
2.653149820934519454e-02
6.833648161708236746e-01
9.663246757227967887e-01
-5.150858446601240814e-01
3.544852842667354231e-01
6.928692680369303858e-01
-1.872375147903149184e-02
-9.618914403273561842e-01
1.885845689351528520e-02
-9.787965963953060289e-02
1.268181697497392513e-01
7.721336317192561971e-01
4.776520558176389208e-01
-9.625107487655872873e-01
-9.366082433251190498e-01
2.504240137741038374e-01
-7.687604722490688491e-01
-3.366302517723913645e-01
-3.368656853341782664e-01
8.046597155191832496e-01
8.367562577025899895e-01
2.981737578471168604e-01
-2.243655359060774401e-01
2.240291496265460758e-01
1.800117915553347547e-01
7.940362086637577921e-01
3.578434998968564873e-01
-4.725011816854980395e-01
4.364974720117360540e-01
3.536464693332637133e-01
7.704147925921243090e-01
5.705515968110819180e-02
-9.893768368273332392e-01
1.145852357524084209e-01
-7.665283084443457184e-01
6.563239358853492078e-01
-1.865084741767917276e-01
2.906878159086949687e-01
6.798322865661399206e-02
5.570533384568625568e-01
-1.171364133186629797e-01
-7.503681714951455639e-01
-9.308360662842871669e-01
9.295824169460986663e-01
9.394876027280893993e-01
-1.049153176126662590e-01
-4.692734871177435263e-01
-3.931267562937428295e-01
-4.325314215860842637e-02
5.031630399542501575e-01
-1.004784219534287093e-01
-7.659758160424217088e-01
-7.805848714352892070e-01
1.142512748437241044e-01
-1.147866235163426119e-01
-2.620238674367496579e-01
-5.650979213088960229e-01
3.201361471495962618e-01
9.308312434828276416e-01
2.845564620819387436e-01
9.856817263287647179e-01
-1.948433106790437019e-01
9.679188040430781736e-01
-3.881557343056203369e-01
-8.762280354211369193e-01
-5.902938772439771942e-01
-9.767944693963848124e-02
-8.695424739662860336e-01
-6.496136999280355262e-01
-4.662336014779582261e-01
9.546755089869847222e-01
-2.278471313325398651e-01
4.214389344298836715e-01
-3.680744077653517188e-01
-1.394581808156307723e-01
-6.127194530419546314e-01
-8.063428575487607830e-02
-7.572217159669825115e-01
-2.987110364984475464e-01
1.176852953774236710e-01
5.944169606836771091e-01
-3.419754557381631255e-01
-8.135734604594755393e-01
-9.563195659318513009e-01
-9.929622393361150490e-01
9.591428920394255986e-01
-8.236011029524645810e-01
6.014588852772404515e-01
-6.069267529671140693e-01
-4.143200994505011892e-01
-8.136261725088831387e-01
-3.870133869246965563e-01
-7.900982038912314209e-01
-9.006000575086254845e-01
6.707015550584656260e-01
-1.510447017382881008e-01
-5.632523946548360083e-01
-3.638607184299120778e-01
-4.036059544824852630e-01
1.963961422250271038e-01
1.022346265180493763e-01
4.804744358497350376e-01
8.515303611810369766e-01
8.669423037518748654e-01
8.469057431808022507e-01
-9.150708180734981045e-01
2.661972101345788655e-01
-8.177541160694274947e-01
1.397121851318954278e-01
9.587409655696510491e-02
-9.868793740423618122e-01
7.703932015089935970e-01
3.452704611802051016e-01
-2.188241052695893973e-01
9.698077797621482699e-01
-1.635673599601954464e-01
1.901320021462433729e-01
-8.664023822211721626e-01
8.746874815375920154e-01
1.103436529665910992e-01
-1.938824973875490354e-01
-2.354680223511405046e-01
-7.278219740452245290e-01
2.573941521812450617e-03
5.139898706849506116e-01
3.140524221618485878e-01
6.570098356578337739e-01
-1.276973521396114197e-01
3.779460475257134799e-01
1.076730327683137478e-01
6.503736255169714209e-01
4.914750332782880093e-04
-9.748886506936624841e-01
-3.355828463214276525e-01
8.833282414169918439e-02
7.500619336249221281e-01
8.965275851498015758e-01
-4.975113826307704379e-01
6.768250232998254123e-01
2.749215615216016317e-01
-9.749245273878195395e-01
2.184129540930725977e-01
4.952797512436148963e-01
-8.081462984842719965e-01
1.102409302080880060e-01
-9.833006933124173177e-01
7.275853693621694429e-01
-6.359184912068529538e-01
8.060898181720546063e-01
5.791407167303892489e-01
5.436128225523628732e-01
3.802981541421002198e-02
-5.719036538209238962e-01
6.663907117554044301e-01
4.876837835544822752e-03
8.717415955099336866e-01
-2.607832978688784387e-01
7.066808122051968510e-01
-4.897948482337999287e-01
-6.778427394308630394e-01
-4.102095449760367885e-03
3.400001820274778375e-02
-1.034109485241696547e-01
5.559357992706048801e-01
7.854118039799231621e-01
-1.503224123696493830e-01
-5.357037804130244663e-01
-4.887678792530854022e-01
3.944351876429252890e-01
-3.414429079910932252e-01
-7.570592253462571364e-02
6.535177662517801522e-01
3.760501082227827307e-01
-2.792951485811459023e-01
-2.537889769574741550e-02
-8.824824690355221879e-01
-2.756178360928629445e-02
7.982767459000257304e-01
8.007155168673263379e-01
5.090983019680956900e-01
5.258289141084711016e-01
2.743509868919780104e-01
-2.662928128415864570e-01
-8.842267631913753867e-01
5.211985837547457034e-01
5.607666264604849182e-02
-7.910617898987144514e-01
-2.802839503145482247e-02
1.390203413301573931e-01
3.938649330836669904e-01
1.194221907052586129e-01
-6.923369970398818296e-02
-8.731537744289004088e-01
-7.845507595929757105e-01
7.663365311526253443e-01
4.404166190158751437e-01
9.478274471200642814e-02
-7.936432863948648109e-01
3.721297854674869843e-01
-4.137932288888748200e-01
7.842227415389086964e-01
-3.661237712646168152e-01
4.298865654194885533e-01
4.245458173970353410e-01
3.872320280218346511e-01
5.301049879262800246e-01
-9.630272935659700551e-01
-1.743641190894704707e-01
1.096960994500630893e-01
4.036925450697907980e-01
9.620815533618405357e-01
3.383732942998827209e-01
-7.130937091998574839e-01
9.888708277959497028e-01
-5.453182953598498806e-01
7.523610864791936415e-01
4.692329104867414280e-01
3.915438221401008612e-01
3.263675546844613251e-01
4.703544647541009205e-01
-4.290505024279067658e-01
-7.073574260060295771e-01
9.755351162236203244e-02
-9.894873389330800517e-01
-2.938112370427783393e-01
-4.827028785333653538e-01
-6.851007235238644189e-01
-1.992039045642399753e-01
-9.911440192448375264e-01
-1.205295551734570925e-01
-7.637108421626404020e-01
-2.178835098157800854e-01
5.899769679181741111e-01
-7.291119356180209010e-01
8.016198050144449638e-01
6.872402754626172339e-01
3.593780297674213919e-01
-4.473056573023630467e-01
3.250364131819740710e-01
-6.807576692518253481e-01
6.181315608493309632e-01
