-9.675866638489993843e-01
-6.984138241718449436e-01
6.242295256793375380e-01
-1.288833358334537937e-01
4.112987612851395358e-01
3.407081935537283890e-01
3.464325140502670930e-01
9.846205715731937147e-01
2.380287984358624431e-01
7.102640259745198748e-01
8.167113745586105367e-01
2.305004784075392887e-01
-1.997016460874556643e-02
-9.248163001200249145e-01
1.586629872537483887e-01
-3.932824008374802283e-02
-9.958472684336157066e-01
-7.492595813348690292e-01
6.080900562444579993e-01
8.472367568608738519e-01
7.096313852237345898e-01
-7.625394546841974819e-01
9.691278613882947646e-01
-4.943937938384890263e-01
-4.360398232988844658e-01
9.409287619132289393e-03
7.526149812926725691e-01
4.050818336857529012e-01
7.406121503484321966e-01
-3.003674563446265822e-01
7.691264719049970555e-01
7.451721450040453831e-01
1.699614769851072182e-01
-2.778185478409864739e-01
3.965657635302641815e-01
-2.678386839419530929e-01
6.926371721994910580e-01
7.083610346723323570e-01
2.856637796020768949e-01
-7.426622302311502999e-02
-3.526613673321947751e-01
-3.760288322962339613e-01
1.944565478221227384e-01
-4.164994628961500300e-01
-5.114006624058127226e-01
-4.210612096142476446e-01
-5.574965726752743045e-01
4.027142882249656886e-02
8.147320105125537282e-01
-1.760914322877997762e-01
8.908230775822212344e-02
-2.032148256597827718e-01
2.681161118165520385e-01
-7.954971657311880051e-01
9.557305656524495152e-01
-5.872471751924692729e-01
-6.418978584970238543e-01
7.092023452039792897e-01
-1.014634408898584805e-01
-2.134118846670705061e-01
-8.084934508110372953e-01
4.892611004156115495e-01
-3.506503950508303991e-01
-8.329908529758833780e-02
2.150668885672173403e-01
9.811961382490226313e-01
-3.680017489478344395e-01
9.844759890389056523e-01
-4.704318651700400977e-01
3.059218213387668861e-01
4.090591766698725706e-01
2.581864837469856067e-01
7.662502311942773758e-01
3.224206591670628619e-01
4.338174703399202414e-01
-4.919918951830819509e-01
4.321429975196353634e-01
8.109675910613010075e-01
-7.931948558382566628e-01
9.820110145393521339e-01
-4.539235066993456691e-01
-1.572599436814652307e-01
-7.817680577673895570e-01
3.604129220374112652e-01
-6.415376560571623976e-01
4.650098122058272665e-01
4.391847955254317704e-01
6.334126549675200835e-02
8.012853742813770275e-01
-2.233561479518426651e-01
-5.049532990317717740e-02
-2.286633821477246364e-02
8.902320418753322251e-01
2.964452377524973148e-01
5.206561141449725927e-01
4.258491821141994205e-01
-4.629756511531888385e-01
6.519772239178729389e-01
6.798140007623778569e-01
6.310430283198811274e-01
-9.295089930646871501e-02
-7.118006966559295989e-01
4.266986171555324781e-01
3.508864749983646725e-01
9.734078251147242344e-01
-9.989066745957597693e-01
-1.408273640092438939e-01
-6.770625521527029456e-02
-3.117561323009796492e-01
-6.322760523010719780e-01
-4.197141551167042905e-01
-7.621418526303942453e-01
-3.683265923670480113e-01
-4.842512793712483443e-02
7.917811121366449267e-01
8.777610661437709183e-01
-2.882152486124998081e-01
-2.098613390220229746e-01
7.288860184262235808e-01
1.095674683720884168e-01
3.732965883819061581e-02
-9.582672754527088443e-01
6.053117397100911123e-01
-2.207727050345285047e-01
-2.133065666489732948e-01
5.705836213001109769e-01
-6.861235679685084854e-01
2.310162979149945617e-01
-8.147749729796833762e-01
-8.081796988592933051e-01
2.679648274014105880e-01
-4.338310145924062500e-01
8.888667171605508788e-01
-5.065902698637831936e-01
3.869042277896248549e-01
3.950589716690124931e-01
8.519776835850676466e-01
-3.156344289169421558e-01
1.572618401466947535e-01
-2.662983939498237973e-01
-5.649146557950164294e-01
-2.244036581520549856e-01
-9.279320065140852503e-01
3.614317742166035519e-01
6.271369996753461962e-02
3.997571246660287514e-01
-3.580815735486371221e-01
-1.471427387068517945e-01
4.140223852360211954e-01
6.730159708328855572e-01
8.931776025864679447e-02
-2.990748963599485499e-01
4.526473268003128325e-02
3.984447915008888508e-01
9.103425830451343792e-01
-5.314040943542936990e-01
1.206494694769699727e-01
-9.211528716572294773e-01
2.080641838628189966e-01
-7.829853851763919348e-01
-1.871067318245644984e-02
-7.730333454464421994e-01
-5.664048024497070344e-02
-5.067820272744092414e-01
-4.150803252389478892e-01
4.575706670035046830e-01
-2.550597862355132861e-01
1.281423321086365696e-01
-4.658656199388522268e-01
-2.373268385932656432e-01
-5.131320179230116629e-01
8.838198431804675792e-01
4.430011278861201163e-02
7.116396594063685299e-01
-6.530914972970196519e-01
3.887928230289665610e-01
1.274650740786709147e-01
7.060550086382881840e-01
-8.109632341970782754e-01
4.543272940237228497e-01
9.555301944738827657e-01
3.435230329593217391e-01
2.130779407606753217e-01
1.756321454290068473e-01
4.012617826182789393e-01
-6.164994307303293120e-01
-5.373669438226946760e-02
-8.405393456487180170e-01
-3.422066992381533890e-01
6.911650978582877247e-01
-1.638722855871659334e-01
-4.561526831639022284e-01
-1.708390154697545515e-01
1.156163820071693937e-01
-4.383285972435029265e-01
5.582132356376270366e-01
-6.236178897105286723e-01
-1.647424822374299325e-02
-6.865730640996288159e-01
-7.450995951734460387e-01
-8.941849117742397546e-01
7.140025429123213474e-01
2.244072871706292993e-02
4.352685532135822655e-01
-6.925993189334236355e-01
-2.612204898385712681e-01
-3.832669050017292189e-01
-4.956996534819611000e-01
2.214222663903142596e-02
-3.366509111713307245e-01
-3.888327630292165438e-01
8.290305667181698812e-01
1.926347079980850197e-01
8.621141312268674195e-01
5.815283764171144121e-01
-4.637359166419945389e-01
9.049429988344119824e-01
-3.275326869724357604e-01
-3.659805015434167696e-01
8.626701118455586403e-01
-2.953098178180393329e-01
-6.039987124973207333e-01
4.518314660840940800e-01
-4.325160255996238767e-01
-8.048926620235681284e-01
-3.655569195070369481e-01
-3.789375877919169966e-01
5.143883014903540829e-01
7.367991530343203088e-01
1.336104934141373324e-01
4.453218283520050669e-01
-9.329505467074550307e-01
-9.386505707239922724e-01
9.301913085124502434e-01
-8.014532218157643939e-02
-6.248173703643702392e-01
-1.081978577107594042e-01
-4.798387168116082790e-01
-4.550720399916337033e-01
2.312673369769133735e-01
-1.160526691868657423e-02
2.311054999405324217e-01
6.100450238335410891e-01
8.547071431592463409e-01
7.321476181465926825e-01
1.422429589899625313e-01
-5.223558406958805911e-01
-2.697235891198035418e-02
-1.265084593133727342e-01
9.299270058557582708e-01
-4.705627138272348020e-01
3.747400738759882888e-01
-5.449496211087567765e-02
7.716950407142235679e-01
-7.622507616607985259e-01
-5.398065545262464848e-01
-3.641018515440785919e-02
3.817966472150171597e-01
1.575892462460162236e-01
8.924910144901734288e-01
-8.596437410962771697e-01
-8.282431113693886626e-01
7.515358307298674045e-01
-9.822688915992807690e-01
8.321828136426154821e-01
