1.797342646953694612e-01
-2.934647302908990341e-01
-7.758997720988807245e-01
-2.507343123674843355e-02
-6.508668857222097426e-01
-3.610998720709310827e-01
6.012437996030060017e-01
8.760924831014245129e-01
5.219501709868750172e-01
-7.934498283297333199e-01
9.534543927257719265e-01
-6.876734377118407515e-01
8.003126421962243331e-01
3.250943358298497010e-01
-8.649036723359846413e-01
8.707397798613181195e-02
-1.191618348905798541e-04
9.610690087454163422e-01
2.724742704516804892e-01
8.903094328726335327e-02
1.116967899898535510e-01
8.389196892177042120e-01
-8.303079452108514946e-01
5.971719894308566978e-01
6.796574662483805263e-01
4.264591175676626378e-01
9.977913496552017758e-01
-9.964612166997770526e-01
2.135443302708783797e-01
-9.197734180123047221e-01
3.029044428690808033e-01
4.140551901497262488e-01
-7.532003029821674467e-01
1.846407599340953443e-01
9.907149095950962270e-02
6.810534814856572527e-01
6.077358970080020129e-01
1.867013369110526178e-02
7.185958770634639503e-01
-5.720025440468456956e-01
-6.189143689480880450e-01
-6.975851556915404483e-01
6.654292557109942052e-01
-9.297846720377167529e-01
9.930897597965688828e-01
-2.092898479039080328e-01
8.664383727995152995e-01
6.123916682359660246e-01
9.717295353853374618e-01
5.163098519648166018e-01
-5.587679427455363168e-01
2.791690882243131888e-01
8.293277151902158639e-01
-6.389347125222681889e-01
7.583670314838188986e-01
-4.708677219256041102e-01
3.989626240984149863e-01
-9.322343260565031375e-01
-6.183193832466300499e-01
7.192424967620991705e-01
6.346943087585188437e-01
-2.678412063907609220e-01
6.680750181522585596e-01
7.176242781032682316e-02
-8.116308572589077119e-01
6.751415418328170492e-01
8.924272621167639308e-02
1.433225634202772714e-01
-2.085524105311058474e-01
-5.502231084907085457e-01
-4.973148762626045105e-02
1.468839573741775872e-01
-6.785479779391079269e-01
3.795659955938004426e-01
-9.774330196741010113e-02
-8.719055302351124137e-01
3.666583206994449284e-01
-9.949364719822380021e-01
-9.516553381484900154e-01
-4.899602511462499699e-01
-3.926227705501037502e-01
6.480244107839565615e-01
-5.407120578107400544e-01
-7.565475313647196387e-02
-1.091682620409413218e-01
-1.348903613999130613e-02
2.155947347132798342e-01
-9.867738968759574014e-01
-9.530765858905760890e-01
-1.565666836129209205e-01
1.307127486915076187e-01
-8.303730349673925648e-01
-8.608052218355011220e-02
7.075646911870723255e-01
6.104545868930502106e-01
3.460601110251000367e-01
6.697586231001000368e-01
2.702330299067834396e-02
-2.630912654804564710e-01
7.853170368564483805e-01
8.832898035651228774e-01
-7.471858376183992956e-01
-2.212526875190912179e-01
5.558150587959396205e-01
-8.024850770815963319e-01
8.995116098782225400e-01
-8.325217446400832166e-01
-7.906165159197722225e-01
3.915047234265167653e-01
2.632341077652688988e-01
-9.230095889728464620e-01
-8.990754759181511790e-01
8.209285103005159456e-01
-3.989589835289968356e-01
8.699519199263092695e-01
9.020283409895282212e-01
-5.948165998402323851e-01
-9.577154038910857814e-01
9.273462572948718563e-01
6.727591143684639174e-01
9.503943181508207605e-01
-5.653625564041497853e-02
-4.906509478760989751e-01
1.031430627271694433e-01
-2.358838904294908723e-01
-3.775578306445936949e-01
8.003916060440661173e-01
9.411309784154733293e-01
-5.683799748516904504e-01
3.487948440753969592e-01
-5.281815086843821838e-02
4.749082839083655916e-01
5.949835799773159906e-01
1.663594454388177546e-01
-3.067183732767151394e-01
3.669232103794832778e-01
-1.411328274229768365e-01
6.690977781088827125e-01
-6.295400450172912166e-01
-2.136039199890820139e-01
-1.125725780745681082e-01
8.647088134561689010e-01
-2.824944107714375541e-01
-3.195184629433742707e-01
8.993325609773610285e-01
-7.313774418526823862e-01
-3.915576307028068026e-01
-7.774473361311713404e-01
3.566375806356061329e-01
-7.395829202334782693e-01
-8.837615288860622975e-01
-6.747262672133103045e-02
-7.109077053938284152e-02
9.527958255820003775e-01
-7.540027011139964763e-01
-6.447226067220599433e-01
-6.581029544950582899e-01
-1.042312568759360403e-01
-5.902249702207789106e-01
-6.448377519850141404e-01
1.736457227037297990e-01
2.212815688808189574e-01
-8.263606758087116422e-01
8.341384457703797661e-01
-7.740006465908246813e-01
7.473697265384575683e-01
-9.389932261735958186e-01
4.490820146581728789e-01
-7.919124655102152133e-01
-1.696916696851831219e-01
5.211038769244538127e-01
-1.084417291102757197e-02
-2.794525065522648344e-01
-9.640043435516956194e-01
5.774877257725519186e-01
-6.166325366903584460e-01
6.435957005143104759e-01
4.368609329263066776e-01
2.653444841406280563e-01
7.036959054538651781e-01
2.850210186021699954e-01
-1.326628310397979238e-01
-1.501570143253487810e-01
-6.878332478147299867e-01
-4.954582026870080202e-01
4.432837617756535398e-01
-2.337126977408801043e-01
-1.015479525655171855e-03
-5.449030953154010426e-02
-6.366330421649346594e-01
-7.335558394488967959e-01
-3.089322341942055683e-01
-2.540564498710791153e-01
-8.381978917406642804e-01
5.019908012839231493e-01
4.063525444581721491e-01
-3.289710583920231191e-01
-6.509445121632084774e-01
-9.075788669744300208e-01
-4.928872401693817906e-02
-1.424349793997767843e-01
1.992340897658710919e-01
4.375019167467764092e-02
8.280371823189152103e-01
9.589978742871407835e-01
2.706513611133294361e-01
1.224598451698515333e-01
8.078648539918240612e-01
4.816950623162590261e-01
-1.554835217354855192e-01
-3.980628907964109953e-01
-5.338152720630378045e-01
8.936165158547515475e-02
4.356499783039480267e-01
4.892786627517882181e-01
4.489795423591012025e-01
6.376058061109655117e-01
8.753852561814501332e-01
-6.526507346019556621e-01
-1.803777427167438940e-01
-1.755904267954948583e-01
-1.443578474796214373e-01
4.654155283160201773e-01
9.510441845847816822e-03
2.883388817187393371e-02
-3.405621909527958291e-01
5.274312003357553014e-01
7.746203203596317977e-01
-4.329473345244234661e-01
1.945251027496275320e-01
-1.749653013146379443e-02
-8.646638929652969985e-01
5.009767215016898145e-01
2.504822671689792557e-01
5.754791066285991352e-01
-8.045480715968384988e-01
8.268963461291594097e-01
-5.291107478197447644e-01
6.780117495162698571e-01
2.942953009901316808e-01
-5.780056273919047527e-01
9.634906347976435192e-02
9.857382279683808424e-01
6.370181746325858096e-01
-1.765597920044599256e-01
6.037698307584051793e-01
1.179664671856639480e-02
2.166218349817885525e-01
-3.930399517188780667e-01
2.607344494033010385e-01
2.882848190335365324e-01
-1.815523491947192980e-01
6.916180700689382732e-01
4.309408435587911423e-01
3.709452836510314100e-01
-4.210985381134269012e-02
3.747897110924256481e-01
2.184661984007307822e-02
-4.696694863042845114e-01
-5.712067320320159958e-01
-2.933185126389461495e-01
-2.371488606807901078e-01
5.209232288010021694e-01
8.217393177163350160e-01
2.758474135987085685e-01
