7.550788213772774427e-02
8.425294310553865795e-01
8.711558958304650435e-01
-8.638289299865489212e-01
-4.352978270403169425e-01
8.944891569740356374e-01
-6.041187249169248652e-01
3.904061494765675988e-02
-9.559896484532441896e-01
8.706111961983504788e-01
-1.499007620807861763e-01
4.817342458466364885e-01
-7.560429272080084750e-01
1.201692517935111226e-01
-4.040573701532226281e-01
-3.474227163727607870e-01
-5.222866198232123391e-01
6.068460242563125107e-01
-8.176930648412761293e-01
5.655255444428293199e-01
4.869499413840783220e-01
6.431081311626960506e-01
-2.218945763497397472e-01
-8.638275373900103915e-01
-8.982037481098827936e-01
7.012284083559301440e-01
7.521545178747206517e-01
-5.471173819664802984e-01
5.473487661988931663e-01
9.075258562742736235e-01
-2.680662084470781803e-01
-8.741704542403971878e-02
3.934214703449219197e-01
-4.752476911581617891e-01
-6.429561846909261913e-01
-5.805584768360683157e-01
-8.134818872397440170e-01
1.977658883156707681e-01
-7.190587965944317261e-02
-6.147462728703618762e-01
7.148720844431359911e-01
-8.300548250060952871e-01
9.693759186221773128e-01
3.622456147745209964e-01
7.907956127430604276e-02
-2.213920049544790825e-01
2.749249596237968163e-02
2.591216446147717178e-01
5.554761725210630718e-01
5.090414014900661588e-01
2.212661978482439729e-01
-7.126671375435962297e-01
9.685855188675731586e-01
4.789116117172345088e-01
-2.992498829944789662e-01
-8.826464741740220887e-01
3.134900588639348840e-01
5.569827311971242700e-01
5.380756201645469083e-01
9.128847255957925899e-01
9.548704234344971287e-01
-5.563811512791270175e-01
-8.770340641421054961e-01
3.184036933067608821e-01
-9.482096731455866845e-01
-2.687063972333396666e-01
5.006973716593523527e-01
-7.135800021134741655e-01
-8.254128391964239420e-01
3.117566050003202083e-01
1.603728736243710262e-01
4.786392935007024452e-01
4.092682548225057282e-02
-8.199069752949066370e-01
9.983897807821400239e-01
6.580937641715387532e-01
-7.834423573857096645e-01
6.074392756677107208e-01
-7.348570825454681099e-02
-2.812317125133567686e-01
6.470614672110239773e-01
5.983125058984439804e-02
8.892668086005210970e-01
-4.176503677846870044e-01
-6.916650514755930956e-01
-9.151735750662304270e-02
1.782928411062583152e-01
-3.621434703473456196e-01
-1.428995263097656565e-01
3.775734622836781629e-01
5.124836144314874886e-01
-2.838406726421338622e-01
-4.322913723334409486e-01
-8.895042563714030681e-01
-8.754444777547727430e-01
6.215067920213666053e-01
5.254772229434370168e-01
5.433559885486571872e-01
-7.694045892047087776e-01
-3.482434850285900385e-01
4.541264560143405404e-01
2.477418181042754242e-01
-5.670871862197022217e-01
-9.384445526791924674e-01
-5.257155232545964729e-01
5.883218209085991912e-01
5.116018714545746970e-01
-5.882940499976709869e-01
3.331371602945887300e-01
-2.046565751658613319e-01
6.274532723901613540e-01
-7.326044193810206107e-01
-3.014982689461676024e-02
-7.530040168755212093e-01
-5.871679734281975982e-01
-2.656025493970619600e-01
-4.375731317929854036e-02
-7.251402017543786549e-01
-7.318224456251647414e-01
-8.266644861587912896e-01
8.590040044293698607e-01
4.113895562940939055e-01
-1.124852835967908860e-01
7.351128924392802411e-01
1.687400671257512919e-01
-3.746563340180826263e-01
2.611843207887669660e-01
-9.327867509221385856e-01
-8.083629510490946135e-01
-1.346983492083602130e-01
7.050318461515336921e-02
-6.747740952735354902e-01
1.177203438043030737e-01
-6.407474298960780246e-01
-1.690330711614072001e-01
-2.494768895697787592e-01
-1.360649973595560169e-01
-1.987176627593010281e-01
-3.935664495555537545e-01
-5.491802610127967110e-01
5.637789732010487498e-01
3.009237851820829590e-01
-8.621203511076400705e-01
4.601606327690268561e-01
-6.103004865398213852e-01
-7.993121084932397480e-01
-9.368477057834081467e-01
-4.181368060476209347e-01
3.945650727936700353e-01
-6.714296093978380231e-01
-7.805474727451200412e-01
4.255307227529461223e-01
3.442265371802126772e-01
6.619534119773622383e-01
8.476902328111228790e-01
-6.783121565480028092e-01
5.350039160597139798e-01
-4.258854345428937371e-01
-7.669365737200204425e-01
3.764484583630938186e-01
-2.994870825322559771e-01
4.716078597421056173e-01
2.282802798459426796e-01
-7.130543871184973348e-01
9.514242616568036048e-01
7.791354107763674985e-01
-8.768108638418639078e-01
-8.151858721716864764e-01
-3.957592887313270413e-01
2.195672348315758082e-01
8.538325179486547789e-01
2.507898959171668274e-01
-3.160057991225546647e-01
5.893215097210890985e-01
-4.039198504969081505e-01
9.495314446370364259e-01
4.441387883318501650e-01
5.161632216815958962e-01
1.912193480372421650e-01
-3.228991408623302917e-01
4.689414048559319426e-01
5.417684877531108167e-01
-7.655319717760500353e-01
6.145555588795319490e-01
1.594767444297322534e-01
9.831375132610675749e-01
-7.643694208260483069e-01
-7.749873112414784604e-01
9.130461356811589990e-01
-5.299039085452919018e-01
-9.106497975678911061e-01
9.913165677358326544e-01
6.533813831801169592e-01
-6.031827832590326288e-01
8.423526653526232089e-01
3.214128328337761964e-01
-4.714595727774149037e-01
-8.731203073311810670e-02
2.582897150809528863e-01
-2.096066838564398793e-01
-6.737760000447607922e-01
-3.611100445038069040e-01
-5.956089748725292843e-01
6.208191246596299617e-01
-7.908619269626937509e-01
-8.115325655465914778e-01
-8.391630975051433960e-01
4.272311390756953209e-01
-2.638900538684709751e-01
9.090315234565111702e-01
-3.941880741972145774e-01
7.536187492087635942e-01
5.394551164175318547e-01
9.023071358244734164e-01
4.030465367597118043e-01
-3.115775539542509076e-01
7.665043971449576610e-01
6.167846228544839882e-01
8.758735260019088198e-01
7.428693776942425497e-01
-5.710111479930122247e-01
-9.062010646087996779e-01
6.313597373525781098e-01
7.550376680200074908e-01
4.173890791595977756e-01
-1.418587783609646102e-01
-2.105252410338032121e-01
-6.314482463870476625e-01
-5.164490251903752771e-01
-5.738620848224067483e-01
2.628358090415214843e-01
7.607709937674511647e-01
6.548811360972313089e-01
-8.620908665563393747e-01
8.712733714046150268e-01
5.375783539806289202e-01
-2.592434601423894147e-01
1.587827806390440522e-02
2.249526841888234152e-01
1.668588371249097868e-01
6.059058037921489781e-01
-1.154877430903389346e-02
6.410357660837850968e-01
-4.123259769702882771e-01
-2.016925921559635793e-01
2.628328699334319118e-01
-1.561070253780361128e-02
3.500755127679986423e-01
9.802477764929042880e-01
-3.651874437682545160e-01
2.196560000309988325e-02
8.104520152933738508e-01
6.744741911351177510e-01
5.226292251136466227e-02
-1.298825096979536742e-01
-7.469776844759254963e-01
-6.301003960678737137e-01
-4.336657382753346113e-01
7.233078892043693919e-01
9.324191634435552434e-01
7.364173356194749775e-01
-2.923236003302576158e-01
3.199363039690561461e-01
-4.238047046939903417e-01
9.898833275402576515e-01
