8.394137503438416914e-01
7.255083077439006267e-02
-9.144767045083388446e-01
3.438561340115267040e-01
-9.369460559998510352e-01
2.471415170851865017e-01
9.661014989132907793e-01
8.989611578513345691e-01
-3.549436041916151918e-01
1.879513641209666908e-01
4.000458025259132633e-01
3.097213922220296567e-01
2.145102417884880985e-01
6.661686143984488773e-01
5.651709395716939532e-01
-3.188594620446831840e-01
-8.773461203486561111e-01
-2.997244477340317292e-01
-7.733177283115513223e-01
8.740192765337149172e-01
-1.337203690274531009e-01
8.904236119494444157e-01
7.079466481290308533e-01
4.732319538624973898e-01
7.170209776819969072e-02
6.375916343781125040e-01
9.871767262993877967e-01
-9.526695015169588387e-01
-6.382307370351614217e-02
9.425212920221559543e-01
8.005410450920740217e-01
-2.881711088545033661e-01
-1.441243652163810562e-01
-4.279375545757146959e-02
6.968550196873639635e-01
-5.957977273907166804e-01
3.351119904338704103e-01
-4.471448232537214018e-01
-1.447672682381795362e-02
-1.827237059545721021e-01
2.897939427994240535e-01
7.570707715894278156e-01
2.771903207435366667e-02
-9.026679002978357236e-01
-9.608918967088144747e-01
-6.958713039919572907e-03
2.444148698313182155e-01
-6.777571961350570273e-01
3.768820550848077655e-01
-9.222782757870318093e-02
3.528324877856348074e-02
-4.921291065228317052e-03
-4.180206345358103981e-01
4.052334208762380374e-01
-7.630553217629296725e-01
-4.589429184795383865e-01
-8.013601216095944668e-01
5.065210919993576866e-01
7.977125432546654515e-01
-7.461245065672876819e-01
-1.028517866047462537e-01
2.445916645123735744e-01
-5.008139920814975721e-01
9.030012819790960155e-01
-7.575570659883212876e-02
-3.006532979697120744e-01
2.287901113738313175e-01
-8.560991913000353115e-01
-2.135271253568471472e-01
3.946938118348175539e-01
2.043896648448368936e-01
2.772559046927505211e-01
-6.879139549954029764e-01
5.047770107797562300e-01
-3.134036270490820897e-01
-5.509975844266081779e-01
-4.388458023394117280e-01
-5.673944249853037913e-01
-3.830843297156507621e-01
1.016602927293228653e-01
9.688171847264608338e-01
-1.638010801756524248e-01
-3.696868674880422478e-01
7.381530533687661322e-01
8.347536941384825493e-01
8.765380314732906797e-01
-4.916104307502757731e-01
-7.715080246969663325e-01
-9.450238901997087826e-01
8.355624312969540668e-01
9.057829604855789363e-01
-9.070976184516277296e-01
-4.658243137686348678e-01
-5.773207992550899448e-02
2.012002335389591057e-01
4.997886462389229401e-01
9.504715714596181364e-01
5.840226614932275684e-01
2.852484987943229022e-01
4.408072627447592318e-01
8.765224077158655369e-01
-7.872955565791475152e-01
4.468974856227918568e-01
3.701184439497806622e-02
-5.386038718783110468e-01
-9.974754250864026339e-02
2.575495183888387718e-01
-8.740209472341968766e-01
-8.196077789912847855e-02
-6.621996428167173931e-01
-9.380687608375586350e-01
8.837360288886730864e-01
-1.361567260248881528e-01
2.215387250114784212e-01
1.017216161482163983e-01
-7.164403215383698953e-01
7.573795602095723112e-01
3.405585589549513514e-01
-7.576714449479027280e-01
8.501979934654422255e-01
-5.560243842339587239e-01
-7.363334898494835468e-01
2.429996044859739079e-02
8.411854069485451557e-01
8.621272207332271176e-01
-6.559309533193105057e-01
4.064614398685322261e-01
2.666004941826627395e-01
-2.728547822216662588e-01
6.642887388810017057e-01
-6.456604377654520110e-01
-7.873706458744478276e-02
-9.737805526053244787e-01
3.657722311183013719e-01
9.684780263638992359e-02
3.111139357559522534e-01
-7.636648553461178324e-01
-6.356533684665253148e-01
4.599373478667125870e-01
1.735362091599879086e-02
5.587648300591672168e-01
9.923931990588763519e-02
-8.448326308992499811e-01
-9.371252598077572937e-01
-7.840853311125857150e-01
5.451448834348331385e-01
9.941506849999250939e-01
-2.719601869357184398e-01
-5.953612201766920187e-01
4.836437194571594489e-01
8.904871836229633075e-02
7.535648237673506777e-01
9.247720218476225273e-01
-7.552543534838551675e-01
7.790758455339641397e-01
2.659220457753117550e-01
-5.313258730573293676e-01
-5.447464263795169792e-01
-8.689927072564105348e-01
-6.482435290926200633e-01
-9.603267078040891302e-01
-9.505762044787620102e-01
-9.754787723277653644e-01
-9.214502110169942029e-02
-8.350345840204107528e-01
3.568598098520332496e-01
4.316256769160071727e-01
-1.021130279411486264e-01
2.394430960677786935e-01
5.091009800761190363e-01
7.371779594325269525e-01
-2.254463549875367345e-01
4.032368165382882452e-03
-2.137692020772117285e-01
1.361144221198515858e-01
3.696573504899449691e-01
-8.635912085068979671e-01
-8.281652655846429845e-01
6.108456572434588505e-01
-4.186374521950519956e-01
-7.337333965833914284e-01
2.766260684095709355e-01
5.445013148262249914e-01
6.007599839407802289e-01
2.629205986559626229e-01
5.802849096591533584e-01
-7.080547397383325503e-01
-8.701124695235695761e-01
6.833299922805990967e-02
9.734243650326912523e-02
-3.757573085848433525e-01
1.630357699940929717e-01
8.560467594165535044e-01
7.406924103470338139e-01
9.550233294038110721e-01
6.403314744181041185e-01
-2.007990194123876471e-01
2.456958064730996316e-01
1.829174508268638366e-01
2.049946441367782590e-01
-4.257707711997966715e-01
7.184211245471177065e-01
-2.865163577756326685e-01
7.077991805126571112e-01
2.650487026582717398e-01
-5.610045580793279196e-01
-2.371503670508079420e-01
7.919283892436979055e-01
-1.869505752388462838e-01
-9.299513972572779341e-01
5.414586352882082565e-01
-5.707585891807531731e-02
-3.053159669699461176e-01
3.672544351705653298e-01
9.107338824928512544e-01
-8.861354388191045039e-01
-1.541040396279069746e-02
8.543286200703854583e-01
9.387620561627219029e-01
6.190588274258479462e-01
-8.916575012215968155e-01
-4.973877170597644781e-01
3.115768965521084066e-01
-9.175244430680296048e-02
-2.903270153991817093e-01
4.886393176399403959e-01
-4.497433098268357465e-01
4.223065570580339934e-01
2.365662986637351306e-01
6.342578637136533359e-01
-9.857761684075887487e-01
-7.626966887218422642e-03
-2.062059456538285485e-01
7.222695983605260661e-01
-3.433836266644163526e-01
7.344260700932416785e-01
5.825113496584550798e-01
5.899939101640776506e-01
6.264577335689678339e-01
-3.415528880778828658e-02
-9.556496330301911257e-01
-5.378620528683786262e-02
8.956150612034141645e-01
1.599204865762666739e-01
7.566950368881508737e-02
7.143763998303263030e-01
4.088434737606720937e-01
-8.804158852050552042e-01
8.676679866592937884e-01
-4.119147650837564623e-01
5.160940320205835707e-01
-6.640555757400028458e-01
2.869727550361711454e-01
6.559235726712042691e-02
3.328769640711117805e-01
-8.514746272309838826e-01
-6.682116866676015565e-01
-9.484584448238104759e-01
7.117066314765836399e-01
7.444511125280677266e-01
-6.713993935628177478e-01
3.155020981518319445e-02
3.866180798951637243e-01
-3.007096960996424873e-01
-9.208857402212238252e-01
