2.577264624887956046e-01
-1.356794940101293534e-01
-9.360530120677235111e-02
-1.186111894041885773e-01
-9.244082168718397163e-01
2.459444462745465909e-01
7.496084209647255747e-01
2.481943631226408709e-01
4.991322662447845726e-01
-7.821926636569775937e-03
1.582685647568644605e-01
6.404377260407665418e-01
-7.463335442086547200e-01
9.419957309261535183e-01
-9.732464082734482158e-01
8.192660783159726456e-01
-9.262568948018981008e-01
-9.893113838735718701e-01
3.097608794121542442e-01
1.274762366186399376e-02
6.926954758741306062e-01
-8.784368248496285947e-01
5.951112251269821130e-01
-5.457729182792370182e-02
-3.836926151240764860e-01
-7.367925352798470051e-01
-3.298351861688697539e-03
7.436958917410068093e-01
-8.646963514961369945e-01
1.279725154627375794e-01
-2.394935950234842181e-01
-2.288124660883541495e-01
-3.660324428045624856e-02
-4.200581739342235110e-03
8.666774767247866773e-01
5.984163478338424547e-01
4.606961672545712982e-01
2.239095925823897382e-02
9.555346958474153496e-01
-1.537534611636759418e-01
5.440182366536197023e-01
-1.819654347698944630e-01
1.110791032452944638e-01
-4.175244881496298355e-02
-6.448640711048267971e-01
1.611567143471828167e-01
-8.474753280974844927e-01
5.461122532303672727e-01
-3.373448809383439162e-01
9.875469066415984987e-01
-7.296107646022340631e-01
-2.897566893137266675e-01
8.500385083597579161e-01
4.489609414018289613e-01
5.486959972705265365e-01
-8.308939571997497886e-01
-4.141785546069767232e-01
3.780898852925862474e-01
8.977157277673977198e-01
4.895716825706803998e-01
-9.486773862717985395e-01
8.926254214083557681e-01
-1.171293175753360671e-01
6.699233254852496877e-01
-4.027456825572002241e-01
-9.230269680814904287e-01
2.591534075150399019e-01
3.064919242864436733e-01
-3.631032685892401357e-01
-7.174033158369068630e-01
5.999049886894403105e-01
2.452348532255488323e-02
-9.770463802422968413e-01
-5.042713439611890003e-02
-9.536640742663826664e-01
6.223814858518816884e-02
3.773173854155074114e-01
-1.720754145005696234e-01
3.728705219492434164e-01
1.508653228399496893e-01
5.837432457245352868e-01
-8.952378464179016060e-01
5.062500850536939545e-01
-1.530558787899010120e-01
8.194153007152307211e-01
-6.974453411339642805e-02
9.863708046337431590e-01
-6.027247671511835048e-01
-3.982560568257391687e-01
-2.157832285301835018e-01
-4.989497925829060598e-01
-3.660546613378041769e-01
-9.479673109980089052e-01
7.474137156407867355e-01
-3.220129674645488826e-01
1.527159826879505022e-01
5.353350388632420742e-01
4.247754981124376439e-01
3.954248184954098910e-01
8.383557575957183428e-01
-7.126469028674038420e-01
1.541227056452210142e-01
4.444049441515587340e-01
-1.229535485539523521e-01
4.847634757719596621e-01
8.009550925847772618e-01
-3.532358404717770295e-01
6.479544888052253260e-01
1.413928551197716210e-01
4.932091151113917604e-01
-2.374309779740164661e-01
-5.762936031344640941e-01
-2.386331447010070494e-01
3.651435101950268880e-01
7.035597453587416616e-02
-7.281608975125737349e-01
1.219661629310331286e-01
-4.100655584342449700e-02
-9.577944388329013847e-01
4.367460661405773159e-01
-6.322587361244047521e-01
4.763206834393587386e-01
-7.011575714376911961e-01
-6.958773205618151714e-02
2.361920288388013045e-01
-2.187428345145459030e-01
-6.230026229903073975e-02
-2.345261587763409761e-01
-3.543414316779118778e-01
-1.765943037450996567e-01
5.128059244134932637e-01
4.028399271723541730e-01
-5.650649882750413688e-01
-9.204473806342394759e-01
-4.213369541668290363e-01
-2.433948607678773079e-01
-7.321146491617867014e-01
2.957815970095245550e-01
6.045077374014837801e-01
5.685906435954202198e-01
7.351585657936916540e-01
9.982562606486782286e-01
9.527066789595237672e-01
-8.042577373517267869e-01
7.780982873480146722e-02
-5.600372462277756203e-01
4.650728746614420928e-01
-7.378601783027078920e-01
9.810121899431558656e-01
6.688744478228143553e-01
9.150046593733451861e-01
-2.403760727858401669e-01
5.930651119646888070e-01
4.659355820193795683e-01
-7.318714360273879116e-01
-5.511513718931304595e-02
-9.984238344069229498e-01
4.896244717749957953e-01
-5.882887577963618053e-01
-5.793697602359735299e-01
-4.203579333364300119e-01
7.325727459085160653e-01
1.268459476083423354e-01
-1.654286725807585512e-01
-8.035396254762543489e-01
6.425510383253072444e-01
1.884457732261937135e-01
7.291077860241919062e-01
1.621618513724856214e-01
4.912394846225061062e-01
9.891742962415372986e-02
-4.803500127478019799e-01
-2.535869635127485644e-01
1.118224233152547153e-01
-7.121085091058536598e-01
6.450787397223947117e-01
3.530253067989381766e-01
5.498743732862911848e-01
-4.152101494892164180e-01
-5.013210169130433158e-01
-9.758319803311015228e-01
6.312512143774406947e-01
2.683743588230005361e-01
-1.765364319921813863e-01
8.272353812831776398e-01
7.393677778466116735e-01
9.570614700637685157e-01
3.857024648032785219e-01
-1.646389765503000202e-01
4.401980030414034406e-01
-7.239701097884230219e-01
-2.709939549430848693e-01
-7.311304561369791344e-02
1.181845924670059667e-01
-4.417092726522384716e-01
-9.458276742554396765e-01
7.716121871455345893e-01
5.597592387624710231e-01
4.243038512595251888e-01
5.910168053729691895e-01
-2.717857213178720421e-02
9.190778902694984875e-01
9.131778757441548766e-01
-2.095843286086718216e-01
1.694975730574943551e-01
3.540216617026237245e-02
-6.750307097755083863e-01
-2.348679123419949999e-01
-1.889762542079884700e-01
-5.614665710373654139e-01
-2.568559652286421802e-01
7.290953985749708544e-01
6.644353548690000721e-01
7.332258871583685611e-02
9.119890913519017595e-01
4.825250870577770801e-01
-6.082277672980884731e-02
1.828027611749649672e-02
8.436527975225101006e-01
4.883940905724839521e-01
6.729774998164648192e-01
7.515478641134014648e-01
-1.085550930401502079e-02
6.274043180486210680e-02
-5.129706301388163858e-01
7.770407064310269618e-02
4.455692258431811492e-01
9.048754480124467925e-01
7.192037098281287566e-01
3.364994890825423468e-03
2.117251697283997203e-01
-9.673787115141019299e-01
-7.169463028905953550e-01
-4.227176366463110124e-01
4.517325168550430092e-01
6.834837433861145062e-01
-9.977112930229348198e-01
9.319968265386144868e-01
8.753875186763402372e-01
9.858494214657185228e-01
9.938928018525081676e-01
3.922606753446777894e-02
-2.498216715736512050e-01
4.284772743626972247e-01
2.244677395714755885e-01
-9.978554215785857551e-01
2.664404051509103866e-01
7.561029765200475428e-01
8.588624562072644242e-01
8.050878458602162002e-01
-9.354534757566597136e-01
6.505338574900725312e-01
-9.823535555431597288e-01
-7.289711892277654925e-01
9.526476952922686703e-01
-2.143398423239673001e-02
2.927648592153571094e-01
-2.033617137869883074e-01
6.113911784122865178e-01
9.184275153371863620e-01
1.503512704639184960e-01
5.183036505785909576e-01
6.495369301178155474e-02
1.810918438048090273e-01
8.558796261664556315e-01
