1.326201398352231386e-01
-8.973802753246618025e-02
1.578272738318347024e-01
9.206593179468212096e-01
8.696659628803822262e-01
-9.189921907378841848e-01
2.522335650458131795e-01
-9.678651745323314515e-01
2.095675716021139223e-02
-9.866685967136523683e-01
4.740216020321861290e-01
-8.752272006482983979e-01
8.478811285841121315e-01
-5.078459051321413398e-01
-6.027691502053948991e-01
-9.731653857362418947e-01
3.204319371850674614e-01
1.814346454037780720e-01
-8.256562777084321958e-01
-8.322808369031009512e-01
1.190674717939848026e-01
4.769705900749794392e-01
-9.853082320327894994e-01
6.516685730734419479e-01
2.200042859454431898e-01
-8.294108417594991955e-02
-5.812492605555701353e-01
-8.836787119058253648e-01
4.683998082900877602e-01
5.260376938811495151e-01
-8.219934209209238674e-01
-9.763843495882955636e-01
-4.834022714938053245e-01
3.630697578229002964e-02
-1.301274279381354759e-01
-1.249301663524660100e-03
-9.967856568668731487e-01
1.334462119490051890e-01
4.048110682899215274e-01
-3.201466615158155005e-01
-1.851320373193998670e-02
-7.857222565566652772e-01
5.053716725687189548e-01
1.419518835978539339e-01
-5.684389422549747106e-01
6.949008864976309319e-01
6.506619677577485383e-02
3.834958715293186327e-01
-1.277652521985506162e-02
4.078217282801215315e-01
-9.477063681648840721e-01
-3.167712721337510029e-01
8.790994821308528717e-01
6.968953612043562451e-01
6.639604367654872163e-03
-9.591851368296093749e-01
1.718977636475884641e-01
1.408964012155307088e-01
5.794929650407767419e-01
-6.985225672267756369e-01
-5.857557815290230785e-01
3.196736034934555271e-02
2.320980261656375720e-01
-6.065267988400646626e-01
-8.666843044517509309e-01
-2.228612191594445679e-01
-6.663999315899096221e-01
-1.976438785909762075e-02
-3.876917901639456154e-01
3.702448907902151642e-01
-8.547843482277350802e-02
-4.244963804359127568e-01
-2.447900660656514571e-01
-8.111857486802813710e-01
-7.166590156631631459e-01
4.807256466658964555e-01
2.641779490392874852e-01
-6.819692909294086114e-01
-4.023910451767171992e-01
-9.342062792596188547e-01
-9.325518216623016610e-01
-8.878741797492772925e-02
-3.626324417462762906e-01
9.674831528639098455e-01
5.495156585894864776e-01
7.944617510805624949e-01
8.298707622535737016e-01
6.027083372421868646e-01
1.425426807705132415e-01
-2.311378715619882840e-01
-6.109924794716146135e-01
-5.965509068556762440e-01
-7.683371686676110368e-01
1.314773940467433011e-01
1.811482221684435068e-02
-4.959168305074148630e-01
-6.734136180024188345e-01
7.437521559036588403e-01
-3.813992624832396316e-01
2.705820588075646960e-02
2.969522065157983448e-01
3.831653363509208710e-01
7.498981307732091039e-01
4.315409265558529661e-01
-9.550137659472324181e-01
7.373239482978131143e-01
7.758064767977446152e-02
3.939718255054081020e-02
7.651711671311387519e-01
-3.356491272117567704e-02
-6.200484960735177520e-01
-3.640336504508954185e-01
8.433768390885378885e-01
-1.103647638211393556e-01
1.464380399790068399e-01
-6.801970662393452827e-02
-7.674484041747933194e-01
-8.434343676054658623e-01
1.160306688526746566e-01
4.519977367864576046e-01
-3.212079854666163303e-01
-8.477728062389051633e-01
3.289893868246553943e-01
6.117760110811305552e-01
9.194766160456160353e-01
5.652091310024920379e-01
4.844986558438848512e-01
-5.029086358100534060e-01
3.328384398583632553e-01
7.491311054685767523e-01
8.480873755994606800e-01
-4.214780117616849786e-01
-4.183046149980838013e-01
-4.769109240271376393e-01
-6.525047049302303837e-01
1.257161565516495827e-02
-4.351440301154627655e-01
-4.289389451094189898e-01
8.954754527451551649e-01
3.264414618244084743e-01
-5.848024330497796353e-01
6.472573093309890169e-01
1.424648256686353864e-01
4.161649047437454563e-02
-4.761177576442858772e-01
-8.960051340566650424e-01
-8.324396239097799910e-01
1.286464539630689519e-01
2.862582176949699519e-01
-8.334799542509969683e-01
7.385046795480709747e-02
4.021273286486748422e-01
7.551323087577888060e-04
7.681160791975782942e-02
3.194109093530126398e-01
2.730538681810692481e-01
7.233371202407434808e-01
3.108572104435407546e-01
7.010742112421655126e-01
9.709033454699298460e-01
-7.221474243121195347e-01
-3.837308838843545011e-02
-5.775076370584881769e-01
-2.806342776355923441e-01
-5.283660697877148316e-01
-1.040432904570007810e-01
3.553074571381855673e-01
-3.374013635821724311e-01
8.864849689439209257e-01
-4.872101490556752790e-01
-3.702209387700869936e-01
4.245734842474397919e-01
-2.613432223523857179e-01
-4.772785801500289971e-02
-5.872162119749437803e-01
-1.723360461466691973e-01
-7.637812784503636987e-01
-8.790003051678245694e-01
-5.976184321755406703e-01
2.810956910545807652e-01
-2.050616569671006584e-01
8.517616616188738998e-01
-4.098975242885281034e-01
7.381006284819180419e-01
9.856496867395867501e-01
3.844744798077144310e-01
-5.601858559588768216e-01
-1.962927645937861953e-03
-4.548907332209140009e-04
8.892331554571752950e-01
8.601305342775256157e-01
7.408606374462833877e-02
-1.205458959808332065e-01
-6.901071350368146451e-01
-8.706888063612316930e-01
-1.230016676548997268e-01
3.530083003871236080e-01
6.594881910097465383e-01
1.087392378362623813e-01
8.141424100549561338e-01
4.123935363646995533e-01
-7.321190740825855858e-01
6.487010227318321665e-01
-4.502437332262840819e-01
-7.128995248337197665e-01
2.517941104667686947e-01
6.389362114040892937e-01
-1.118161634197794019e-01
3.149007740743652306e-01
-2.365508241037723725e-01
6.464359877122711762e-01
-4.010756652478215667e-01
7.791343926867455583e-01
4.685787798589760023e-01
-1.088830978922692427e-01
3.266996456621782396e-01
2.372721503438626200e-01
5.350701132878434851e-01
9.781144720679684212e-01
3.225260665072868793e-01
1.646456299324969841e-01
7.057897606728218420e-01
-3.444927813388969362e-01
-7.735620065109094501e-01
-2.357521028806019991e-01
3.346422634603731794e-01
-5.358256329899253601e-01
8.908525356028860198e-01
-1.930262474972868070e-01
-3.685085688172200502e-01
5.783007145065002241e-01
-2.823818185093023292e-01
-2.237535128965948417e-01
9.215995022091107991e-01
-2.516260197966628809e-01
-6.526976337413732399e-01
-9.077344760847514404e-01
5.207927999718340306e-01
-6.469587985641611638e-01
2.537655093060628975e-01
-7.355890357040029137e-01
5.603340882212084484e-01
-9.995989544850751862e-01
-9.002688723035157103e-02
5.344161574767136713e-01
-3.554604934269260941e-01
4.631115918070192183e-01
-5.681404744961489062e-01
4.454469222284200836e-01
2.159616351595980976e-01
-5.790344811249101831e-01
5.282426880464539121e-01
-8.903010063203942170e-01
9.762486170418116505e-01
1.894606923776014362e-01
-9.426038184609843995e-01
-1.170633951670534412e-01
-5.767074547381412231e-02
3.064463548181926011e-01
-2.811904963691274073e-01
-5.420257304578921520e-01
8.605964866339794739e-01
6.251199648529826014e-02
7.227984890092788994e-01
5.902059121295419875e-01
