-4.545634690648117093e-01
9.577968289217364539e-01
-2.511850475089780765e-01
-5.542910791100195134e-01
-1.426695639780106717e-02
9.479152596595514790e-01
-8.592706333793551643e-01
-6.445026239801172618e-01
-9.438455165556778326e-01
9.700112921365733332e-01
6.989750644574512783e-01
7.409396569823969436e-01
-7.055395563955422222e-01
-6.735278681602605566e-01
2.542144768657805809e-01
-2.076922969275949438e-01
7.722715115864022817e-01
1.360015176638282863e-01
-2.508001204957421848e-01
-1.861706859670555492e-01
-3.527014469487312898e-01
9.989795709482827135e-01
1.703372693047890962e-01
2.454821972992236034e-01
-1.459590905320666820e-01
-1.845135611647741314e-02
-9.544386747944377802e-02
-8.403894390629254030e-01
-7.523146195961016858e-01
1.873840329162688167e-01
1.813257887795713952e-01
7.055781365695310559e-01
1.808962589329559112e-01
8.429600935026049235e-01
-6.064562136859596997e-01
1.057144457835212936e-01
2.436672546156886110e-01
8.619802263896747530e-01
-6.661272623747920285e-01
-7.690876678136844280e-01
-1.375260475861255216e-01
1.808377590785463784e-01
-1.642449752711718780e-01
-5.968989050928146245e-01
-3.694103683886840184e-01
4.439239238606900173e-01
-6.800360318855687147e-01
-8.192646959170692966e-01
6.883466908631523662e-01
7.208638708616490476e-01
-5.894392457820551989e-02
1.504056774147086717e-01
-8.525894378433145349e-01
-5.309732861329257148e-01
9.310355012357152127e-02
-9.853183958111846330e-01
2.006682775304300392e-01
9.390481870806113296e-01
3.948035232878996936e-01
1.435843912883625340e-01
-5.644674099452187122e-01
4.282567148939053769e-01
1.126897656948406823e-01
2.585182194132651379e-01
2.654605660999531658e-01
6.153993988168371398e-01
8.154594308673237535e-01
5.237200815021147982e-02
6.675022188326689143e-01
-4.765386897777266206e-01
6.543531283841257373e-01
4.957580722670924533e-01
8.132416191095896973e-01
-7.702305914603140291e-01
-6.280839053174132047e-01
6.799721961976326057e-01
-6.146024695114105096e-01
-1.726983966052677566e-01
4.839813229036518116e-01
6.298485271801934626e-01
7.434231689913861629e-03
-5.243266852603820638e-01
5.086830882639707951e-01
4.418357151987160059e-01
8.040324824843614326e-01
6.129611222864390641e-01
-4.828008352231680789e-01
3.563754948006054857e-01
-6.879313563536268994e-01
3.500210870871347524e-01
8.358846850379935134e-01
1.749418148003394347e-01
-4.404705309259406842e-01
6.992031612911608907e-01
-9.254764273059017388e-01
-5.629174810472781232e-01
-7.887482808204284712e-01
-7.069761200999917783e-01
1.215428564431266789e-01
-3.961739417705778532e-01
5.220572766210558324e-01
3.794243391644145369e-01
8.946579448274578628e-01
9.341338362009095064e-01
-6.891778519638560585e-01
8.550874556405543281e-01
-6.974658308576469068e-01
-1.890147471311420801e-02
1.620098380373886648e-01
4.281864524003737849e-01
3.777979622409326499e-01
1.983817110769914294e-02
8.678461549177225454e-01
-7.980462217407295888e-01
-4.133969757306685811e-01
8.574520623602730485e-01
2.635108150380833791e-01
-1.557678607102479518e-01
1.482422557389928564e-02
2.383177552862394410e-01
-6.188862196457896037e-01
6.360750244536808040e-01
-7.700444407115585310e-01
5.647965044414677838e-01
-7.952876099013033162e-01
-1.006006681361844013e-01
-8.938693226525480373e-01
7.028961328568090750e-01
-6.666890424770681722e-01
-7.187567023338810035e-01
-6.646075824837820445e-01
6.563986220844093555e-01
6.557149261750618852e-01
8.131874739803279795e-01
-9.500862458503349650e-01
2.334318449420744734e-01
-2.019161067528183473e-01
-2.332813817593759609e-01
4.049577456445851986e-01
7.870657512251721943e-01
2.108388257240245700e-02
7.000536822764016343e-01
1.904023955723674888e-01
-2.132995820694163491e-01
5.784253278969213596e-01
9.294234731180406328e-03
-3.540803728215859980e-01
6.658952697729492165e-02
6.223493222094373944e-01
-4.801826590766971048e-01
-9.261132843636470380e-01
-3.905113554969932288e-01
4.263586871482443197e-01
9.317307249813475689e-01
2.320271479202911102e-01
7.232105732560745182e-01
-9.477786659126803404e-01
1.816918050936040530e-01
9.850101743053323311e-01
7.605897578626745759e-01
-3.425902267696596670e-01
-4.388194679189925118e-01
-4.029800626157895582e-01
7.224948356297922203e-02
-4.969570060894983321e-01
3.394658711359215264e-01
-2.952154785129637027e-01
9.475618611177663020e-01
5.342221379957787786e-01
1.875940508826283715e-01
-8.793303870957063229e-01
-3.648404847904178627e-01
-9.333150177258990876e-01
-1.013119878244301830e-01
-8.917276445067341406e-01
-5.447893342769620784e-01
9.458799010027003629e-01
-5.939180296645985013e-01
6.299478209625437586e-01
-2.893549125528449562e-01
4.668319856747138452e-01
7.053630825887948763e-01
2.412851645513536258e-01
-3.116281214535778776e-01
-6.385702803098443070e-01
7.959380155471806884e-01
3.685110948651850737e-01
-9.829192552437397978e-01
9.707866877188497945e-02
6.207282369323106064e-01
3.379804218280049177e-01
4.250313496681419334e-01
6.710345392545213894e-01
-7.145767697530882590e-01
-9.691868806800436609e-01
9.442357816909277002e-01
3.803857278197633196e-01
-6.218948893440023884e-01
-9.020137721755541182e-01
-7.577575432603458339e-01
1.965118233191860408e-01
5.712209975353654823e-01
-6.020778717624593046e-01
5.840309586643361861e-01
2.600104725283114426e-02
-5.357580969955222372e-01
9.050230382052473210e-01
-6.755479444314269610e-01
-3.388768247238191922e-01
-9.703902527172569847e-02
-4.768078278944072323e-01
6.803731667324299792e-01
-1.819267227726466540e-01
8.880815171828126964e-01
5.553955310141827084e-01
-1.217251563714947249e-01
1.473195736798609268e-01
-9.095033057118639963e-01
6.503025982782211223e-01
1.838670564334266011e-01
1.863193539518606112e-01
-6.234781487573530789e-01
-7.106563823204705699e-01
7.352876290966028350e-01
9.002633708182499195e-01
-8.114957845712211792e-02
-4.940904034136268663e-01
-7.007895259487555428e-01
8.130351924042598100e-01
-2.010128503748391804e-01
-4.776839052179371325e-01
-4.695558085333644271e-01
3.962143284766930229e-01
-1.367322070515772925e-01
-2.549799211504548690e-01
1.378720025960651352e-01
9.555514466841246168e-01
-2.612182070883732887e-01
6.898969412511364308e-01
9.467334242377616338e-01
-5.932090705417036869e-01
-2.027913066809925446e-01
7.693335015250366560e-01
-5.595313038095170999e-01
7.443800055043132691e-01
4.346770429501325417e-01
1.732615157401706796e-01
8.859385133188926176e-01
-7.561164495641805594e-01
9.541787576583948827e-02
8.295542717977311131e-01
4.386004185187670767e-01
2.679398770055927415e-01
-1.670302109699428605e-02
-1.902564185233392990e-01
4.220701600712504220e-01
7.487832126564253343e-01
9.467327236849643057e-01
1.848513012234531683e-01
6.328082143944269156e-01
4.104778396936683560e-01
-1.950998586416252678e-02
5.347013513539184970e-01
-4.650193925810912621e-01
4.121345046050706173e-02
