-3.800818876650513545e-01
-2.750542161570350697e-01
6.553671830741296667e-01
-8.350706202696795977e-01
-1.617100836745291037e-01
3.219753691303177678e-01
8.494026071778619791e-01
-2.139751580540092402e-01
8.282324043426034788e-01
4.417871598420974877e-01
3.892406239895762621e-01
-9.146701091368643066e-01
-3.762630079892801405e-01
-7.886517123429732656e-01
-5.991738081021971141e-01
3.052408493855038873e-01
-1.370784320976308202e-01
7.598734816117653779e-01
5.676649610509132415e-01
-2.958614449256533607e-01
2.162090045835702856e-01
-8.547546212508554397e-01
-8.166575932084954026e-01
4.773064786322653852e-01
-3.472108047714146384e-01
-2.511319234954512147e-02
-3.440904484169000632e-01
-1.689620513413347958e-01
2.696958583708266577e-01
7.752811394459631078e-01
-5.521041139537943288e-01
4.036665421298708534e-01
3.073902300401543108e-01
-3.992529285376238413e-01
4.684299292535221149e-02
8.495573803483926767e-01
-9.652054920002111071e-01
5.284594708889009951e-01
1.507956290459071536e-01
-5.946714622784678994e-01
-2.199693011775554208e-01
2.938996434783134326e-01
-1.042255655618462562e-01
2.827783289022445246e-01
-7.597965129682759944e-01
5.241763353732988850e-01
7.169536300986791844e-01
5.774128116802392796e-01
-1.950746070574935764e-01
9.207763342327639489e-01
-7.940616649177461017e-01
-9.309798442557555287e-01
-5.201066296635155073e-01
-5.918662527054607825e-01
3.478697867679612088e-01
-4.467945286515333514e-01
-9.282221600914959403e-01
7.486172009756009160e-01
-2.829746014862704051e-01
-4.435943543455647120e-01
-7.187030714244655449e-01
3.530323256794114517e-01
1.915535891029571669e-01
-5.886139445128506509e-01
-5.085052703227788129e-02
-4.223703201355091252e-01
5.950772458179529600e-01
-9.647412100203034413e-01
6.673440072401914946e-02
9.814296508649906770e-01
9.063849936666159568e-01
-2.928639947490927486e-01
3.491377404825926067e-01
4.099545149002863376e-01
-6.914020880894915511e-01
-5.701625455848466917e-01
9.320609356368718679e-01
-8.044327970770095426e-01
4.512987308040328216e-02
-7.834635691298119653e-01
5.470758941121931507e-01
1.570805114087248100e-03
8.246910750384788269e-01
-2.930876410831930734e-01
-9.962260141254364321e-02
2.317060373042088006e-01
-9.984087325312862582e-01
9.645744962136546530e-01
-7.161557685746919866e-01
9.116299899772308812e-01
-5.040105015767888386e-01
-8.742325965966128987e-01
3.703215406658284525e-01
-2.413706185423927231e-01
3.759049816405750644e-01
-8.648142556692810512e-01
-4.732839222188889305e-01
-4.102107649737392059e-01
-9.025465922441993083e-01
4.384543962452764898e-01
5.104786725298662287e-01
-2.173937637881417917e-01
9.053836266739379024e-01
2.653625225965388079e-01
1.998817126673706479e-01
-8.301508858397821378e-01
-1.239456231588595969e-01
8.549912770442846810e-01
4.273573868064495240e-01
3.472128065970441213e-01
7.595682433687298563e-01
-6.317788073510932634e-02
5.267870137418544374e-01
-2.453984847405346059e-01
4.222909356770903067e-01
8.970141746885018641e-01
-8.399019800074434272e-01
6.911550075719969932e-01
9.466175396320846147e-01
-2.649804608404695561e-01
4.974101063167286618e-01
-5.154238792736161034e-01
2.813036474831296374e-01
2.248374652258817719e-01
7.591531107442883730e-02
-3.922955907999605696e-01
9.421198438885176607e-01
8.439927561923457056e-01
6.179052988175290917e-01
-3.975101938285046099e-01
-8.846631177123776002e-01
-9.981971806422855753e-01
6.332731699001103998e-02
-5.196361810247578372e-01
-2.167166706933709719e-02
-5.482103319313267331e-01
2.581807849182786718e-01
-9.926144582054650112e-01
-3.678852070737084201e-01
-1.114305328313860421e-01
1.833350666015309827e-01
-2.541979535466947215e-01
1.061307391804189315e-02
-8.385099987882655981e-01
-5.928519838460550861e-01
-6.576883825364021607e-01
2.572352751209858734e-01
9.452828068312180143e-02
-8.689321539962426844e-01
-8.456759430693683299e-02
4.698042784602791677e-01
6.434180734731345108e-01
9.731770768377392411e-01
1.021933642977439494e-01
-1.380337879510076249e-01
8.153516889754852670e-02
7.287248173374218929e-01
3.869953298176889156e-01
-7.455924153026383117e-02
-6.360040177427359609e-01
-2.698660371784833423e-01
2.059725040236859428e-02
-7.193963789437329837e-01
9.585392698795258681e-01
-4.364235714340189976e-01
-6.045834474665807701e-01
-3.991816511844248350e-01
-2.023006365999362455e-01
2.811295606808541514e-01
9.691153309553235395e-01
7.061625746098576517e-01
-5.091290459119743872e-01
1.279789060431224534e-02
-5.684383996728130661e-01
-6.195804461835183741e-01
-4.913318553832923818e-02
6.662400162810329096e-01
-8.760239632873636495e-01
3.068603896653874230e-01
8.808322072055685403e-02
-2.514075368356551987e-01
-1.862526697882780358e-01
4.209856732198380413e-02
-5.266958089887392447e-01
-8.026071727916437304e-01
-5.350350730999653415e-02
-6.057029804107187942e-01
-4.062619698545408831e-01
-6.762155200102808461e-01
2.897452106245719250e-01
-2.971048894616652447e-01
8.450345096765363717e-01
-9.431415916137697586e-01
8.800186408692516338e-01
-8.319829076865918882e-01
1.906229453552688025e-01
-5.120526711184054669e-01
2.045850430390006025e-01
-3.386244651030068109e-01
-6.325718172266987516e-01
-9.981102166581541368e-01
-5.801602540377579498e-01
1.792843206224339347e-01
-6.771933042461451002e-01
6.175610769437531733e-01
-3.364104390738038575e-01
1.280275724584227781e-01
3.820645454052267187e-01
2.011052261747152681e-01
7.740259457192943948e-02
8.379986554718921177e-02
-6.282547504607283173e-02
6.556540448324437165e-01
6.842967574463700853e-01
-6.774481525002773452e-02
3.685462213892949368e-01
-2.927128089813630929e-01
5.346977139759596653e-01
3.903618910375594719e-01
1.356353861569521424e-01
3.326457639054096749e-01
9.975580774812837781e-01
7.892403425954606089e-01
7.288132375036293631e-02
-9.504791517875608164e-01
-9.128775651685885340e-01
3.627188189555892173e-01
7.376115206021249815e-01
7.060358044241674680e-01
-2.501192187312593074e-01
-9.694943521218717386e-01
-1.872460551169141674e-02
3.829998026638414821e-01
9.733176938147589663e-01
3.284254930501480096e-01
8.878571132966535107e-01
4.647514232335596684e-01
-7.556685956317263919e-01
-4.580347587816953059e-01
3.461074892379709667e-01
-2.119235542002684269e-01
-5.019120616008025948e-01
-5.716531769728951939e-01
1.276349408123620410e-01
-1.656138314704838077e-01
7.805535689935210186e-01
-4.493284237453758490e-01
7.347694957583497111e-01
4.608637507445800807e-02
9.844286239712933817e-01
-1.132520281582545252e-01
-3.847116935368792845e-01
9.810234011918832486e-01
2.132606179115343892e-01
4.018386203906383347e-01
1.161123220000603862e-01
6.341954669563838465e-01
4.087165650439916753e-01
6.098277121736959128e-01
-9.920357599978391061e-01
-2.784759160468042172e-01
6.301598955005782710e-01
-9.038435915996889669e-01
7.723251931404913062e-01
9.073038833660109770e-01
