-9.050159818613146001e-02
6.440679184648825384e-01
-2.929477538958551452e-01
4.052372498847216509e-01
-5.690225612547750167e-02
3.783730371119076175e-01
7.578653897851970189e-01
6.696258643116708154e-01
-6.367163807465430203e-01
-3.990109552654825809e-01
-4.676373765795689419e-01
8.282935853459152398e-01
-2.798545583581049101e-01
5.086238008778527497e-01
-8.559918917342268507e-02
-1.274623951013724721e-01
9.844339609302497074e-01
5.097387352696713947e-01
-3.932113902003959716e-01
-1.737003654040967238e-01
-7.333504378930775225e-01
-2.128967155136196610e-02
2.077945206733935457e-01
-4.036326708988726697e-01
-9.009830321158416311e-01
-7.973927743642250654e-01
4.089038234981330344e-01
5.241160376461437842e-01
2.879635596952856424e-01
-9.152221378196832013e-01
8.763082643729387389e-01
-5.426039961612045825e-01
9.333068413594500790e-01
-9.902780255454919356e-01
4.209298522949036503e-01
-4.013812392937476936e-01
-1.595801157156702121e-01
-9.861688259014433910e-02
-7.955726773172770994e-01
-2.983413274595123621e-01
6.300120338377881435e-01
-9.574651539526235489e-01
-7.156126435522081053e-01
-7.622919624670496663e-01
9.699523656757174095e-01
7.446438768635086358e-01
-4.923981875992460289e-01
-1.584138151683744944e-01
-4.276100981620873931e-01
-7.814386564040614047e-01
7.443769554003281108e-01
-7.444825836590407420e-01
-6.170485373428464815e-01
-1.592787631109933155e-01
-1.849544392688526884e-01
9.880490754155180078e-01
8.724472660929667445e-01
-1.205999817214677972e-01
-7.715821773460096455e-01
3.251802780017662986e-01
-9.980968560002660972e-01
-7.590522847100973358e-01
3.345662202569064103e-01
-9.951271626984790064e-01
-1.830770922195967820e-02
-7.884617342798729833e-01
4.740561805613046076e-01
1.948158416149403660e-01
9.026906238500331803e-02
2.168372349918108455e-01
-8.622985268173335438e-01
-6.319047373156461145e-01
-1.045027812677687962e-01
3.116854623687377313e-01
1.614044643572896121e-01
-2.522450953517210159e-01
9.627548717690008750e-01
-8.652507812547236554e-01
-1.220214136145960637e-01
5.418806471514965306e-01
-7.790769064164448920e-02
8.823674945942059367e-01
9.071333612598724283e-01
5.928939634744154752e-01
4.060480691972709888e-01
-1.159771189744973618e-02
-9.241565111082974404e-01
-9.200859507204279808e-01
-9.709901980557862355e-01
-5.196772238972791058e-02
6.008016581576540727e-01
2.057239774702805946e-01
5.815118970763677453e-02
4.784967230155321438e-01
5.133005888888293455e-01
-9.703131333822370141e-01
5.327171411885831542e-01
-1.201988956362558536e-01
9.943378153861475166e-01
-9.937627671900355342e-01
-2.013607592502286714e-02
-5.408136388904980496e-01
6.114626660318336349e-01
-4.790361577390589432e-02
6.702240235043259720e-01
-4.867596860316580898e-01
-9.967024793535099736e-01
-4.065670929402209754e-01
1.426725306125888881e-01
-8.945024160619825526e-01
3.487741036694218533e-01
-5.362424569244972350e-01
4.111189444002039117e-01
4.764291190558798128e-01
2.395557593359085580e-01
2.577251927176720248e-01
-5.026648400138444828e-01
-9.237890024668937716e-01
-5.639028438335569327e-01
-3.280583316725085297e-01
-2.165628984413137115e-01
9.965238728515646294e-01
8.719184585923906994e-01
1.913368328414928321e-01
6.785951106720706782e-01
-1.893842787458304144e-01
-4.116657896619728696e-01
9.099747461315959018e-01
5.645285603019669640e-01
-5.158334654688763177e-01
-6.767874910815712131e-01
2.889105044118907006e-01
6.576461222763552161e-01
-7.320091810844733260e-01
4.081574361239503901e-01
-3.579899580225764932e-01
1.217715091812834327e-01
-9.471027860233831586e-01
2.103449814149436214e-01
-8.116025797429988753e-01
-5.433047786081570685e-01
1.246222960188125839e-02
-1.559892773039384117e-01
6.237262962417824408e-01
-1.480363964959334755e-01
9.923234065730410780e-01
-9.479958773403629468e-01
-1.881092902666892108e-02
-6.804302905064556484e-01
9.559752968985772981e-01
-7.821870443842222631e-01
-6.967930351189532967e-01
9.604690237512836237e-01
7.762194657795005170e-01
1.937459151111382560e-01
-1.074972533058089486e-01
8.776376035911410689e-01
-6.743862246671836758e-01
-7.826233251596530494e-01
-4.051135876396834146e-01
2.315876747289067339e-01
-2.559395303799050225e-01
4.850562678865024679e-01
9.028248793762014834e-01
-1.958074294642739854e-01
9.737585098402490313e-01
-7.919992197520444588e-01
-4.961614079844536285e-01
-2.714073614590122308e-01
-2.691465686037590732e-01
-6.389069087557617266e-01
7.987013998465131159e-02
1.244209712289894298e-01
-6.278102935386753458e-02
2.751941570757445721e-01
-1.754899444492077354e-01
-7.705683401941212374e-01
7.829457690386065760e-01
5.691867736251274845e-01
-1.582909515035533232e-01
-9.272662116402694554e-01
-8.889369707380299079e-01
-9.041598360433338311e-01
6.693669952019165592e-02
6.894368910770389824e-01
-3.912307316091232501e-01
-3.641767197541327938e-01
6.484403219519718764e-01
4.812175718102063016e-02
-3.613640130378390491e-01
4.905152426686507638e-01
3.028254447969072061e-01
6.272897674807604851e-01
8.264640879704021614e-01
-2.787812544510925861e-02
-4.892983597871094492e-01
8.457197001531504554e-01
-4.633409632827945046e-01
5.248247029962274102e-01
7.798254849147741030e-01
4.687975237217330005e-01
9.973197101306570111e-01
-4.748053281333215470e-01
8.398789568938365147e-01
-6.682553263088444329e-01
-2.457595603083011504e-01
6.465774862556648017e-01
-9.204722800403815075e-01
-4.194402878720029371e-01
2.748801492150474424e-01
2.771185440106289644e-01
9.011467959050654120e-01
6.607828370464825518e-01
7.858912262162560669e-01
-8.095934373263558026e-01
-3.888364402226640593e-01
7.906991940166463451e-01
-7.209382501150545242e-01
9.989333546620757787e-01
8.466021728653061462e-01
1.316057686571883156e-01
-3.686813933979429248e-01
7.144179940405031015e-01
5.387384572178857134e-01
2.850524960756288806e-01
-9.096094321000043337e-01
7.677765659411317500e-02
-2.890124518638834683e-01
7.193391239042148388e-01
7.239752504545160505e-01
-5.430255752054917728e-01
3.697799365006881889e-01
2.008377348236274340e-01
-4.654554433356949961e-01
1.936503457983254073e-01
-9.243464863043862056e-01
8.647320824234427938e-01
-2.585836689988352255e-02
6.653984293227777069e-01
7.941591895194299866e-02
6.854295431406454142e-02
-9.943649304491033458e-01
3.908237056763237405e-01
1.263370352805837094e-01
6.105726471555406043e-02
9.910122259942657497e-01
-1.321123014231784243e-01
-9.592731448411764283e-01
-9.014320288107069423e-02
4.678262035818003817e-02
8.941657985748101556e-01
8.269521506369439390e-01
1.617839462897658898e-01
4.747833653838500201e-01
-5.939222703392863512e-01
1.055222611513857434e-01
7.510176918742939023e-02
1.859141710478529053e-01
-3.499553517399973668e-01
2.450134029054829021e-01
8.152476157363739429e-01
-3.717569036755665746e-01
-8.352934636087276932e-01
4.778751750336249771e-01
-9.860904378934862713e-01
