-9.747208514960192804e-01
-5.352485705444991471e-01
-2.609305630795741848e-01
-2.270168767893065986e-01
9.061418210797358430e-01
-7.760108807609933379e-01
7.860617591691003714e-01
2.677165966472681013e-01
2.487087403694419052e-01
-5.541812282084792596e-01
6.087917863448049083e-01
-7.987708985709973675e-02
5.044940957262475933e-01
4.777392609331134743e-01
-4.121713254224499412e-01
-5.697282088805837308e-01
-8.865280775234030131e-01
-2.971089766466870064e-01
1.225983855760743868e-01
7.488352449069295425e-01
-5.291349878626399050e-01
-8.872060316709462491e-02
-4.071301345260189830e-01
6.017904050933264859e-01
-3.106457797806692067e-01
-5.442248303798604692e-01
-4.501697539996274422e-02
-2.026655265669710104e-01
-5.948245562092917549e-01
1.514861506800357915e-01
-1.324748447208061730e-01
5.856858258149024721e-01
-2.633947347426519592e-01
3.185495043092068101e-03
-4.263526927022778246e-01
6.027043727041465626e-01
-5.235955345865734856e-01
-8.053476793189642269e-01
8.083169967897207986e-01
-8.135768488033279233e-02
8.016117043249679774e-01
-1.836824268416705763e-01
-1.627691747641901721e-02
-9.529195252744349087e-01
7.366837524073419630e-01
9.509755652655944580e-01
-4.506623437317087699e-01
-2.500079842552962450e-01
-8.233045840752906130e-02
9.280801111943246529e-01
-3.279602672296275667e-01
8.265787037988450159e-01
-6.706069092215853900e-01
-9.891646156117934741e-01
-9.740848642481800823e-01
7.627808149507564472e-01
-4.010047132277094750e-01
-7.388629892986193770e-01
-9.688784368896279364e-01
-3.682690152528369509e-01
-4.033769448598090168e-01
6.110526138161296306e-01
-8.876562490359576341e-01
-3.501730228762669483e-01
4.270904989611674640e-01
4.375058509889016012e-01
-8.341968414356437655e-01
-9.328318458297903959e-01
8.576095979845066442e-01
1.641635629424365028e-01
4.989014160327061020e-01
6.917406516521331650e-01
-3.170893596812944804e-01
-2.067445888215788674e-01
-7.139685731835581084e-01
-7.333874418533417039e-01
-3.060041773189532410e-01
-8.304899590753067606e-01
8.646164756863239376e-01
-2.626573904300040230e-01
-4.143902564910650899e-01
1.035949353826257635e-01
4.079014532115881053e-01
3.335539286692037475e-01
7.022727582336929508e-02
9.868990826552719309e-01
2.006480723041508263e-01
-9.095924392589966878e-01
5.879485156649910671e-01
8.858146897218688309e-02
6.866522655695297406e-01
7.003197261569480414e-01
-2.092017695869861083e-01
6.746026108560170265e-01
-9.291872719702660710e-01
6.223960614055463747e-01
9.981887314148387702e-01
-4.464963979312304154e-01
7.435543057151328128e-03
-4.921178009849462853e-01
8.461115130618690472e-01
8.243382107017840355e-01
4.274654753134159435e-01
-4.957780032445990859e-01
-3.944016088443320633e-01
3.131377853895151997e-01
-4.430667514160413489e-02
2.164635569720243513e-01
-8.601626620207123430e-01
-2.837742044389899299e-01
6.498848271677797328e-01
1.751380909354334214e-01
2.529932780808346049e-01
1.239718643502845108e-01
5.395594827061895860e-01
-8.659599950486529529e-01
-6.793582845124066516e-01
-3.432974125353644990e-01
2.004638977486759011e-01
7.837951481293634615e-01
3.597922931661619028e-01
4.502981913094632471e-01
7.180185120012496647e-01
8.806389182965783657e-01
3.847708203524620174e-01
1.397850640188100790e-01
5.997324178614515944e-02
2.600461363340969001e-01
4.312464792091725840e-01
8.009412860874394191e-01
2.762788832522085070e-01
-5.845172931595654653e-02
9.402372416140141187e-01
-9.574554357135525162e-01
5.882396574750083929e-01
-5.623229722075784309e-02
2.175834102952989291e-01
-3.269619844769722228e-02
7.554358004282435424e-01
3.046914022382962717e-01
-4.487915143584315647e-01
-9.883827560107616428e-01
4.886567931957030986e-01
2.229182361429238313e-02
-6.592102938211756857e-01
-3.261829609815460884e-01
-2.551754070602947344e-01
7.273528837964453597e-01
-9.227752939796207698e-02
-9.745614026086142356e-01
6.544679999173839136e-01
9.823284064990742692e-01
5.929331200069409835e-01
3.409100660797004245e-02
4.358478918850128281e-01
1.056219448495776536e-01
-5.268894708429461282e-01
-6.098124769888979557e-02
2.434422594044329813e-01
-9.598699971421686961e-02
2.901192327706931806e-01
-5.407932243340929368e-02
9.546818749142647054e-01
-9.211986901338735656e-01
-4.470452608278387974e-01
2.703307945021042880e-01
3.810640348993856730e-01
-9.000932144136650770e-01
-2.156506911866280518e-01
7.163278269451089919e-01
2.213517609156410160e-01
-3.975295242650815908e-01
5.685275378925238599e-01
2.126314244060418801e-01
-2.070971962748435757e-02
-1.629872129031522121e-01
-1.286229049708214056e-01
-6.437575964646682358e-01
6.420047008985156900e-01
4.135503816408017119e-01
7.183854830739770936e-01
-6.519629220966536298e-01
-8.336236633381410854e-02
-2.578945357015824946e-01
-3.015112745881847189e-01
-8.344724813210042669e-01
8.027115567558693598e-01
6.823439274667273402e-01
-8.786126175503197189e-01
8.316447937363953269e-01
7.466132011443391558e-01
-5.764324960489033423e-01
-6.955421364507132775e-01
-8.833793196699131212e-01
7.589168511496415803e-01
2.567161910209336817e-01
-9.699631941510877819e-01
2.056755383012560667e-01
4.803674925104763904e-01
9.938723232596966550e-01
1.583711068088007323e-01
-5.155282313143476625e-01
-7.425965218968177961e-01
7.340412343948587992e-01
1.398221930053307194e-01
1.354782059184045373e-02
-2.799975944717036924e-02
-7.946246337382991687e-01
-1.022902004858596836e-01
-8.812065162618887282e-01
1.674268423644633685e-01
-7.308640664333017067e-01
3.986015528716357892e-04
8.864166982276411311e-01
7.766729326665080535e-01
-3.998622385373766797e-01
5.068942177456245979e-01
2.875727945993933332e-02
5.060093466187500777e-01
4.960924953912733137e-01
-4.049244547025949714e-01
-8.506044007992419331e-02
-1.256375873173021240e-01
7.204021644620142162e-01
9.912535919408616003e-01
-4.879649543370034870e-01
9.008046222572836381e-01
4.006081673430816892e-01
4.814326654054379429e-01
-7.367355184811912316e-01
-6.021492790860578648e-01
-9.297079490064472651e-01
9.837670558277074040e-01
9.693796519519994881e-01
1.730495908161424623e-01
-6.310094709020901416e-01
-8.163010228780740452e-01
8.732072662608967306e-01
3.834838521115719878e-01
5.681062362326763093e-01
6.077594567943789272e-02
-1.187739568465733253e-01
-3.044726761086955502e-01
2.819660549238229841e-01
-9.799347933749720241e-01
-9.379013810841512200e-01
-7.371894991886818183e-01
4.646632520498397145e-01
-9.253219467950615229e-01
9.522693172627543223e-01
6.230474778114072354e-01
6.435166309630475645e-01
-7.344467399883227721e-01
4.769725727352349676e-01
-4.240586172274720678e-01
-8.165292886847983489e-01
3.413082078647722284e-02
-8.622856410692143481e-01
3.405645485873900480e-01
9.130305806454697137e-01
3.425629876735389878e-01
5.731722775330463371e-01
3.812692686959280319e-01
3.475452533520311249e-01
-1.464343973318145142e-01
