-5.167468664722250082e-01
-5.805470169041293538e-01
2.792790161029523599e-01
6.924030508967984332e-01
2.077136313847753879e-01
4.431427712128988006e-02
9.004306653025158091e-01
8.113087055587528962e-01
-3.234818725210188983e-01
-2.621496967825531765e-01
-3.101047114087809309e-01
2.131677284336497280e-03
-6.337406306421446978e-01
-2.579216916781845725e-02
5.260013240910539345e-01
-9.299961609470008828e-01
-6.632142781290830680e-01
-2.297901852167827386e-03
8.637604128760485445e-01
4.357238225251187647e-01
1.072801500423925525e-02
-9.573820355271733806e-01
-8.637827876211234823e-02
-4.306155536045985777e-02
6.851958948649985448e-01
7.435059050301062733e-02
-9.098595924353645170e-01
3.572457317838912960e-01
-5.462738483656044419e-01
8.306604707518108199e-01
-5.347560739911398908e-01
-6.912842071445397529e-01
-3.117061516545605038e-01
1.638578768701000055e-01
5.629658542324105230e-01
-3.819317221039550958e-01
-1.811768783172185149e-01
-7.487989229662357360e-01
-9.769089693653609796e-01
-8.928624560968203561e-01
1.155040571754890610e-01
3.346667569170564960e-01
9.258261430478738063e-01
4.407758633258240799e-02
8.724908402733229096e-01
-5.201718406379722826e-01
-8.615562428796486039e-01
3.426791458174147653e-01
7.828907304141847767e-01
-2.190983166367499457e-01
-5.167907596098653134e-01
4.417911944391255119e-01
-9.073801780094865599e-01
1.799319782614334784e-01
-6.932834966554934919e-01
9.860687797144536137e-01
1.859956119394776675e-01
-9.635235521920364477e-01
-9.485545791003260341e-01
2.116441477758572720e-01
-5.030289989952225760e-01
-8.651675348987599712e-01
-8.382407117673624786e-01
7.217179471244965505e-01
2.970245179425095028e-01
-6.005684691016892618e-01
-3.047040533900002846e-01
-7.580650054092963330e-01
-3.506519451137921628e-01
5.350921203048499830e-01
9.891433161642693150e-02
-9.491254221537259728e-01
2.013044831429475767e-01
8.428764687909164888e-01
-2.673501998980420957e-02
-1.288538244032595426e-01
3.630480569824756643e-02
-7.722086520552489119e-01
4.414533403911913290e-02
-5.860822911346259545e-01
-5.842613076908134140e-01
-5.409291616718323592e-01
1.428030559834272406e-01
7.777280054127109210e-01
-3.179585427907127837e-02
3.423552237669982290e-01
7.949747170904299942e-01
-9.084265815415566436e-01
6.552704964421545153e-01
-4.634179756339791290e-01
-5.193113214962365998e-01
-9.150487685512187497e-01
8.269412878361224184e-01
5.210862333838806038e-02
7.885349289393777106e-01
3.194782985211890303e-01
9.021275930323851000e-01
-1.471112129626102050e-01
-9.050880456466012802e-01
-3.880962478645189062e-01
-4.772555019185740210e-01
-7.150398260207186940e-01
1.003040744433831843e-01
-3.354830279594334108e-01
-5.666713935493907783e-01
-4.337116135167378150e-01
-8.596098299213490446e-01
9.838871998067373337e-01
-2.434182752624578505e-01
-1.241573359257235332e-01
8.858909214036667645e-01
6.656334386150453142e-01
-1.758573598390922310e-01
6.705962296325400640e-01
8.866245680387938588e-01
-5.954816986426669789e-01
-1.736744511923513645e-01
2.903568288902675931e-01
5.980073951210993499e-01
1.730270914757237044e-02
4.526338820579720590e-01
-3.336518730389106402e-01
-8.616623391639717244e-01
-2.574905178513808846e-01
5.643771148792464665e-01
6.338707134554657507e-01
-7.702493887188559540e-01
9.600557591888323472e-01
8.166031379942100266e-01
1.071819375541289698e-01
-5.367856668293491396e-02
-2.397308535980462452e-01
-8.117099651560710782e-01
3.466691453007413326e-01
-3.632656401273557378e-01
-8.874030856534553813e-01
-3.277102365711308529e-01
-4.501588535090392806e-01
5.769491262936174980e-01
6.261662231039428761e-01
9.072585072345804580e-01
2.720273658011986839e-01
5.971116987498477080e-01
-3.653311613586542883e-01
9.458984698088552800e-01
9.639653296466141885e-01
6.693077821364570301e-01
6.890272451174250801e-01
6.932441073655679631e-01
1.731933184525515923e-01
5.813239459976833334e-01
-4.451988576790248953e-01
-3.360098544612202254e-01
9.047847878314294601e-01
6.752098994630990614e-01
3.483521471028239169e-01
-9.858920761839655711e-01
4.281008793896190490e-02
9.383670182670946769e-01
8.238832937744022811e-01
7.519682683503505771e-01
8.838988927424431541e-01
4.277657745768814745e-01
1.267640035394688169e-01
-2.420314685522448883e-01
-5.631339353891398058e-01
3.942827910059625296e-01
3.965390073171894958e-01
8.657333676790968102e-01
-6.021530271401773771e-01
-1.489490530461390350e-02
-1.228618942845227657e-01
-8.473734800397687561e-01
5.021640760646091106e-01
7.814765922977080503e-01
-9.883096339028307753e-02
-3.429286274416709634e-01
-6.240374689204275516e-01
4.432620902146096054e-01
5.822687402623705211e-02
7.409106930991211648e-01
-9.589761982971445331e-01
3.853304114988040929e-01
-5.184239182822985015e-01
-5.527835738534707666e-01
-6.431064920441276200e-02
8.040801126905585683e-01
5.396522289146488127e-02
6.214752961818614807e-03
4.562010697028133777e-01
-6.181780906623490779e-01
-9.455779884571580141e-01
-7.290255628755937245e-01
9.602459725884857633e-01
-8.737302712114636272e-02
3.164113800799523979e-01
2.893835546854339746e-02
4.663365392959484268e-01
3.818795609292455762e-01
-9.244327193239281204e-01
-9.494498710724639245e-01
5.509225781919924181e-01
-5.196511495514866130e-01
2.135527599324105186e-01
-6.470698424443672714e-01
-1.127384564932025768e-01
-7.738583608833924377e-01
-3.557233201589182769e-03
-8.686813061302520733e-01
-5.087298261504245023e-01
-2.422704432275701869e-01
4.568326240987670150e-01
9.460661421764173795e-01
9.232377323422131798e-01
6.406294640290139952e-01
-7.728588544685901507e-01
-4.681485450831970319e-01
4.528710451865189945e-01
-1.301207302122713294e-01
9.735026827456145782e-01
-7.800693432009508932e-02
-9.228518156291711794e-01
4.680670766024030982e-02
4.499241434213379076e-01
-1.505800498964195988e-01
-9.717450424167475287e-01
-5.382151364261054116e-01
-8.098493415132081985e-01
9.335660790604920489e-01
-5.715231111998078095e-01
1.181066589502963726e-01
2.784643592926381306e-01
5.011874663108328853e-01
-6.973156154841582133e-01
-6.359790659543940183e-01
7.472100327883168802e-02
2.424996962918304355e-01
-6.691014780467974266e-01
2.209248052067087631e-01
4.454450447672992919e-01
-6.508764916335758599e-01
6.344877544288030080e-03
-5.009915767870494197e-01
8.051970937731411926e-01
8.229205145277800337e-01
-3.515898234844971881e-01
-8.769122934942168435e-01
-8.020656965328067933e-01
-1.054346669008900950e-01
1.126682088139481230e-01
-6.371723791930394842e-01
-4.835150077514045464e-01
5.081828518924944582e-01
8.816962484149641899e-01
-6.617806719584258257e-01
-7.617864303519852331e-01
9.966957059871250912e-02
9.448230291977679496e-01
-2.226240859088275403e-01
3.755597200979667871e-01
-1.137168341991370291e-01
-6.531795303538834307e-01
9.539269269476271518e-01
-9.782553521769687954e-02
3.001928446904609249e-01
