2.090373464990358254e-01
8.114431939516293379e-01
9.448948682291202772e-01
2.511692056916727811e-01
-2.590875860012369358e-01
9.867715636257492484e-01
-9.090142075943987710e-01
-6.501332097702594570e-01
3.465957140029647388e-01
3.745932470106443368e-01
3.371078594806886652e-01
-7.309587386681000165e-01
3.679530370246832938e-01
-1.725950452128388601e-01
-3.201993071286244330e-01
-9.312210142845245286e-01
1.481709227936622852e-02
-8.329179963941719667e-01
2.287902079309134251e-02
-7.750574772195739648e-01
4.772886401770346509e-01
7.906479739393938999e-01
-6.336467011735291699e-02
-4.931841347777805584e-01
9.491974815104258223e-01
2.850460883564720493e-01
-4.361840649767021461e-01
2.390589321433511660e-01
-5.213018571111083244e-01
9.125202043367146576e-01
5.854249276960243886e-01
8.978290567795026433e-01
9.608552633806077825e-01
4.615611630019778033e-01
-1.752207869546957841e-01
3.670156690878001449e-01
-9.968104650655584820e-02
9.501320920290365901e-01
-1.169365763026670724e-01
-7.670184394440373588e-01
5.418561730197328785e-01
-4.296907867887227450e-01
-3.420950375715778868e-01
-3.303437458747664479e-01
1.503758254009732731e-01
-9.002694059089266787e-01
5.604516650211548434e-01
-5.600617309952380385e-01
-4.445282606585938545e-01
8.459472685786781909e-01
5.363577710402971377e-01
9.114256838247229986e-01
5.462303638846346399e-01
-3.009494915940940096e-01
-4.667555129945659687e-01
-7.553167674390592889e-01
2.729232943519381838e-01
-9.770973816452155347e-02
3.202663811107984149e-01
-5.766069619503926269e-01
-6.738255446053327269e-01
1.688585766018868561e-02
-9.018505522968480737e-01
-8.744690301219608664e-01
6.272651693611726031e-01
8.134829951102617862e-01
-9.129751026274142145e-01
1.326554697768858038e-01
-7.470325375531037260e-01
6.026265905755419094e-01
-4.615566601514566880e-01
-7.101717677043850596e-01
-7.027975299253095276e-01
-5.450072062197210965e-01
8.118770381028408423e-01
-4.470223102131773985e-01
3.163955624860257387e-01
-8.360047330400370846e-01
-4.415411468262724348e-01
5.597181309752603529e-01
4.097235289239335998e-01
-1.322706115713883079e-01
-2.378007784231288557e-01
-8.720884414558571773e-01
4.760524071843468263e-01
5.829739652735790312e-01
-8.563436284973526824e-01
8.921656140633142940e-01
-9.428433747763360628e-01
9.792007566653406769e-01
-6.276189318033402742e-01
3.416060645797989181e-01
1.422837297059300621e-01
2.106338644719638609e-01
5.745185108935051410e-01
4.425070615298274390e-01
-1.208999213279260410e-02
3.873056098971350281e-01
-5.187132141928609830e-01
-3.468177639223033459e-01
7.079712024206308296e-01
6.731678007266475028e-01
-9.557733937894086207e-01
7.347374459367490562e-01
1.757040556624622774e-02
-2.046199120085634426e-02
4.204498262979572409e-02
5.690796690004533698e-01
4.911612641027796045e-03
3.388936584445589872e-02
2.775586326559944528e-01
-2.514183228431532413e-02
-7.340907119850867968e-01
9.198390485696295027e-01
6.328245002803329911e-01
4.019680220685699634e-01
5.967345801196402011e-01
8.603512910287935966e-04
-7.093468575859678271e-01
4.158112153999671268e-01
5.422699184494852442e-01
-7.383465252918335331e-01
8.078140821267487670e-01
2.522220428085282240e-01
8.805685421334814578e-01
8.825934894792355490e-01
9.960283105667322445e-03
4.718119482130005427e-01
1.262169112461768439e-01
-1.558497444814814781e-01
-2.316545839429056119e-01
9.835634401770256829e-01
-9.466326446452657528e-01
-8.244828379775228644e-01
-7.644415345113257931e-01
8.803115387364890410e-03
2.541117823260197195e-01
-7.127124190078530930e-01
-4.934000988830218315e-01
3.066457676005229782e-01
-5.250870885621692352e-01
-5.973805944146677316e-01
-4.455453601319225854e-01
-4.483073733223017499e-01
4.225797971769387207e-01
-4.993700739525739341e-01
1.526573179920098777e-01
-7.758463750839572626e-02
5.855441573450037573e-02
-5.790944558436434964e-01
8.838251482857930608e-01
8.015859609219342374e-01
-3.923156573395165658e-01
-7.792920132217049378e-01
9.777604958020738035e-01
6.708023821765494166e-01
1.897895868527146312e-01
-6.632135172779716203e-01
9.276440738301983124e-01
-8.467108225946045064e-01
-3.745982991968650477e-01
6.328531196017714855e-01
-6.808390959392760511e-01
3.105093643821437155e-01
8.937426911200128110e-01
-7.266988609298252744e-01
9.247917102073852647e-01
4.517540190039581738e-02
-4.490979103843280029e-01
4.965188125636019745e-01
-9.029018571438243157e-01
5.369365522854592232e-01
-9.880170797349485667e-05
3.861179065809556832e-01
8.631911431862515638e-01
-6.182841633782865109e-01
3.600112158770221171e-01
2.786083441796722848e-01
8.977683611755613580e-01
9.894009092709867836e-01
-4.768808918307037015e-01
3.859013037991694262e-01
-3.730286251921044460e-02
-6.647327601988579637e-01
5.407896882880476319e-01
-7.789280072016813161e-01
-7.947505730572457239e-03
7.627886065640820945e-01
4.956523809424950855e-01
-3.764400318887370922e-01
9.187407336926445289e-02
6.185451629452272115e-01
-6.099925639786423215e-01
1.477261797961957335e-01
4.748020615683417045e-01
-3.826118389634494132e-01
-2.717125741321255727e-01
-7.963467025115431586e-01
3.059722018157795542e-01
-1.708376887583911152e-01
8.992769696630640297e-01
-3.487768925034386847e-01
7.400416821332767014e-02
-1.921351446423984477e-01
-1.107577349500012964e-01
2.578700630558186102e-01
3.558716471019160998e-01
9.461059044778088456e-01
5.985513346339410568e-01
1.073205090538933426e-01
2.189642248901477739e-01
-5.446179607696801650e-01
-9.911909670714846854e-01
9.197654763846041526e-01
6.053446357620277940e-01
-4.520279409679159865e-01
5.133147987776536247e-01
5.395029124950121435e-01
8.539603475517101305e-01
2.148830208813290454e-02
-7.631142417753840057e-01
-3.806579371922271804e-01
7.352962122526491839e-01
4.229938498750276388e-01
-5.671707091258004763e-01
-1.695559610258094985e-01
-4.417336296676337426e-01
9.945863121554336939e-01
6.675742574067640156e-01
2.970662849699419183e-01
-6.863307050254012776e-01
-8.431109064019273180e-01
-3.939516191334722084e-01
7.362576625961767540e-01
-6.193640178755817072e-01
-6.451340517095902616e-01
4.624362295027266700e-01
-6.956449299940077324e-01
-1.163416829212780002e-01
8.112631527592348846e-01
-9.247850223503313316e-01
-1.504060561417497333e-01
7.638809284759215945e-01
2.726937550634260798e-01
3.998934079837883626e-01
-4.549501848294885686e-01
-4.766861574058789408e-01
-3.510446437343071047e-01
-7.385226217679725647e-01
-1.925017138121145610e-01
-6.434115798735831060e-01
6.090213055899262873e-01
9.091511230199995630e-01
5.288079448389921833e-01
7.694318761995222467e-02
-3.257528913702225637e-01
-3.236874877752284885e-01
-6.056814615365002652e-04
-4.306434372446443781e-02
-4.459533712188594734e-01
-3.923028335637930297e-01
1.500670951220339777e-01
-2.966058871232697403e-01
7.710345909989431146e-01
-2.506268451232007699e-01
