-9.478777379239522460e-03
-1.625490081493725647e-01
2.729857907999930777e-01
3.878088812470936730e-02
2.993644343344254999e-01
2.024655539254498482e-01
2.243910930165735618e-01
5.115184830797976367e-01
-5.647421588750574095e-01
-5.490872604980534533e-01
-1.353397629985764183e-02
-1.655412360688905959e-01
-5.639225592003738186e-02
4.044765066358864125e-01
5.442956689971956141e-01
7.419736291935621342e-01
-3.903002974849187900e-01
-3.067866323926211614e-01
-9.352928868463292744e-01
-8.173385296157045232e-01
2.781349391513110447e-02
-3.136081236328198685e-01
9.560734756089990238e-01
-1.542139580275758703e-01
1.305456721209514726e-01
8.642091282271291419e-01
-4.135729176076472502e-01
-8.233526591120348126e-01
-4.116987197689325750e-01
5.116858739898955122e-02
8.646992125816128638e-01
2.682785514187269182e-01
4.071894219486971167e-02
-9.600876096700936557e-01
5.377260050462120411e-01
-7.018988049684875552e-01
3.885371187314266006e-01
-8.151415288696659545e-01
-2.026649495753967134e-01
-5.479522877735758524e-01
-1.131140647253807696e-01
6.621029395978141885e-01
1.644901740302526783e-01
-5.313704237663590124e-01
2.491982671245016601e-01
-8.187011394825542965e-01
-4.142382100243486853e-01
-3.347985560152990647e-01
6.649226354981396803e-02
1.285484790697564161e-01
7.901432703667912172e-01
-1.933338472800001373e-01
-9.024430399085416887e-01
-7.989559096551945849e-02
-9.798359100147051581e-01
-7.342629342819557703e-01
8.376048638295148230e-01
-1.830801546552696113e-01
2.550070998206859230e-01
1.153181362352924122e-01
-2.216271604717243715e-01
6.602644999116753510e-01
8.906343111869508000e-01
-4.918241366304769713e-01
-8.176086697573725637e-02
-8.556383435014369709e-01
-8.686009250166910611e-01
-6.681810392908804630e-02
-8.794385804869195855e-01
2.595538193196669230e-01
2.311401876453622606e-03
4.453634398438932607e-02
1.341644083192530257e-01
-4.273295016662628232e-01
4.414796746557723139e-01
-5.748906583961994610e-01
-8.958947900004790021e-01
-5.779498020616380405e-01
1.793695844122444871e-01
-3.891827338003071013e-01
6.284227966259470222e-01
7.322845135316102816e-01
5.575624050610115123e-01
-3.553152679623048371e-01
5.123550428220362551e-01
2.542915155530514060e-01
1.773736421694536158e-01
-6.549971539285015520e-01
-5.590698094342194668e-01
-5.992365826017920227e-02
1.938780507025190669e-01
6.154860221713966961e-01
-6.967249998243225662e-01
3.582872641849594864e-01
8.707181400404917504e-01
-6.613973836392432748e-01
-6.024948005766916914e-01
-8.125626709581281748e-01
-7.074429537874844520e-01
-1.343073547959858782e-01
-9.811153138650401395e-01
-1.944767087015755180e-01
8.725496643660839435e-01
-9.197892638258302611e-01
-9.368560334753754937e-01
3.785395210399322696e-01
-2.395098500291223953e-01
6.534443413160584413e-01
-5.117505012534102615e-01
-8.864189220754326026e-01
9.161731477098415954e-01
-8.708516163985835501e-01
8.641810855120892754e-01
2.568412714657375417e-02
-7.873661887495004841e-01
6.733016228192654218e-01
-4.739290612184212659e-01
3.659216712938853089e-01
5.442985086873899370e-01
8.614856827192238775e-01
-8.682034962466538275e-01
-2.802979500312965389e-01
6.943401811969418524e-01
-4.967693612483827792e-01
7.004190534830323500e-01
8.345732500340652393e-03
-4.999739753868339687e-01
9.702829964067092305e-01
-1.849546229597605063e-01
-1.122758731984596636e-02
-1.180042590939101022e-01
7.978294946810193800e-02
5.075604159644113711e-01
9.245089469544109928e-01
4.287217765027597771e-01
-3.308049870159404104e-01
-7.069992026391231921e-01
3.101872950624005032e-01
-9.962267028302591587e-01
-6.553818388693206654e-01
-7.303872165211742207e-01
6.179816134811051409e-01
-8.102791037148071585e-01
1.086444090231168946e-01
5.449846305000476399e-01
3.031943125266307604e-01
-4.962035005484077832e-01
4.243210892100912623e-01
9.182730641519885051e-01
-6.493114234434851362e-01
2.900605161352394212e-01
5.014495057736683137e-01
-3.803798118365147030e-01
3.048396783586351244e-01
5.017862268098722822e-01
1.736472643614384026e-01
3.597957898301116231e-01
-7.404168518621121464e-01
-8.292759921297618853e-01
8.037190300345196103e-01
-5.316652400914723131e-01
-9.245953365979600047e-01
9.172602408455010625e-01
-6.611830984797186783e-01
-4.252763671557195924e-01
-7.774402815935304023e-01
6.896997098056298903e-01
6.023679096827221358e-01
5.564031623660590231e-01
3.323303792943992363e-01
-5.024278879594519243e-01
4.665084588355565831e-01
3.774647250212874727e-01
-5.141261262134142473e-01
8.271302857821649646e-02
-1.238466626322727304e-01
-9.977135954720210975e-01
-4.619945789663173485e-01
3.166632695353366334e-01
6.265640353442041288e-01
-1.457461614892614499e-01
-5.124203290016657864e-01
-6.299364240194365028e-01
8.776742585261720908e-01
8.086257480459730917e-01
4.171135121086244624e-03
4.837633920876038829e-01
3.668590982325303784e-02
-2.227700548357081090e-02
6.091732079282474732e-01
8.286464687419123898e-01
-7.597361112930989258e-01
-5.283219157632006446e-01
3.117186238425719846e-01
9.809713371289352501e-01
-9.489471967546836417e-01
6.535701535256404071e-01
-2.216143885716728157e-01
-5.242898597625778034e-01
-2.493668824505097525e-01
9.881922632934241335e-01
-4.131205499182002416e-01
6.480924944547328259e-02
-5.945592934056143086e-01
-9.114686957559245961e-01
-6.014661362254825061e-01
9.231193463442273206e-01
-3.938082435427632255e-01
9.571900296631845606e-01
4.641198268465349663e-01
-6.074191851827053235e-01
-6.698876059073841649e-01
5.331104304237763714e-01
8.635900325299439295e-01
-9.869417550371561987e-02
-9.329270279351475903e-01
8.348077184282283181e-01
7.373460441684835942e-01
3.149980401034520039e-01
9.496635785201970048e-01
-3.522009236777898789e-01
-3.503320956762141503e-01
-8.212983379809850604e-01
6.613472647332292453e-01
9.007480380113730423e-01
1.993713020636462829e-01
6.252476755261686669e-01
5.742771883241399866e-01
8.628509242314188477e-01
-5.367436816169204317e-01
8.049293947032269969e-01
-7.496983963892092095e-01
7.250242100188020178e-01
-9.861389029029283826e-01
5.590155276593082867e-01
-6.745001883631789319e-01
-2.799187641040457031e-02
9.078226973928933408e-01
-5.101302148304580619e-01
4.088719171542505304e-01
-3.203843796038825520e-01
1.281381356612112388e-01
-4.668938439627798864e-01
4.066266334699861762e-01
6.949620754462295658e-01
-2.541318227172821853e-01
-8.885121540552658459e-01
-2.909407956828899966e-01
6.465360664604500318e-01
4.073493860163241997e-01
-2.830906370114496529e-01
-5.256515449949359375e-01
-4.684909426001917510e-01
9.247824369805306421e-01
1.415233307441114974e-01
-9.447550071326937804e-02
2.539883015806292388e-01
5.776354522417146420e-01
5.392055003710898298e-01
5.427438835472291334e-01
-4.342685159239250137e-01
7.641281247699116541e-02
7.422513605390479441e-03
6.496998071827924104e-01
8.403174691964887533e-01
