-9.974345955377517114e-01
-2.022485897585017955e-01
-7.545624990040744606e-03
-6.360721777986677594e-01
-7.594803256747808540e-01
-5.509877210099642930e-01
-1.361813557959301590e-01
5.748804116166530420e-01
-2.765370943877603072e-01
6.670881762306004603e-01
9.331144503687804903e-01
4.109689121102975129e-01
-5.810605430734887555e-01
6.548427673832453166e-01
8.625995520243214809e-01
-7.980289652999741357e-01
-1.680395106836709562e-01
5.278483494769905526e-01
5.513552523822826679e-01
3.831265973971216265e-01
-3.857257494765902184e-01
8.674421151139799502e-01
3.809344406620085444e-01
4.248802549846117937e-01
-3.902323176708644148e-02
-4.460274511615602844e-01
-8.712903713617421442e-01
-9.877921986968232204e-01
3.649869623610748626e-01
-5.396511193132824680e-01
2.774974397918725799e-01
6.375377151291639066e-01
6.649845368014533076e-01
-8.464449541469725169e-01
-6.822470323095775058e-01
-1.856779677740263423e-01
7.180320466705858440e-01
8.884196876071823734e-01
3.573392417809375665e-01
1.534720936980260575e-02
-2.599641596441357727e-01
5.076001541763730529e-01
-2.573750087746295989e-02
2.598955488908420985e-01
8.653840304487916413e-01
4.990400524605920207e-01
4.711689582709008839e-01
-6.801115608929404477e-01
-4.616926124171487622e-01
-9.610754282980134011e-01
-8.026619844628675171e-01
-3.721300565545444528e-01
-2.776209895099204239e-01
-3.756376992448968721e-01
-5.338069341038906845e-01
-5.705163763962253221e-01
6.129717043917242147e-01
2.806535771454314876e-01
-7.076451086397492762e-01
-5.244241664877884457e-01
8.590469125449264887e-01
2.449345039826256176e-02
2.307363335041445751e-03
8.088943851691265952e-01
9.003817795988022787e-01
-4.346867973508949934e-01
-9.667894528453213621e-01
-3.255782204301571614e-01
6.046744720041203891e-01
1.392374802975870907e-02
9.375489885681538293e-01
-1.699727581606205185e-01
-6.767986444609226382e-01
-3.842429907952620294e-01
-1.387891808764696311e-01
2.839908645566366907e-01
-8.856375269515579518e-01
2.808093560046036608e-01
-8.928242029520094825e-01
-1.913438096581994152e-01
-9.689706244005553692e-01
-5.756642197720229781e-01
-5.215781998828159516e-01
-3.593926848404567220e-01
3.856999647099470518e-01
3.242668647877990917e-01
-7.863202655447731892e-02
-4.750241453944892278e-01
-3.995048288067200026e-01
-7.260995469352304887e-01
-3.724926575996370115e-01
8.033881760978272002e-01
-2.100411561578177100e-01
-1.573991100152338785e-01
-8.353779934176579491e-01
8.120767185970276802e-01
3.539447015282717324e-01
6.680883473433933961e-01
1.164513018366450936e-01
-4.410039795879125979e-01
7.430643741642040112e-03
1.666942367389832036e-01
1.390093638746612292e-01
-2.936287800072039378e-01
9.908678763791665123e-01
-3.445216064254359445e-01
6.669262334926457925e-01
-2.711278123585847410e-02
-2.898316797306963455e-01
-2.592580040348753112e-01
-9.041077392447185446e-01
9.738082005630421811e-02
5.776594012313143178e-01
-3.076681596882497871e-01
-6.579631586670391385e-01
-7.693351835249220283e-01
8.290559852167314059e-01
-7.871250642428668787e-01
-9.203624495524853621e-02
8.124241958963396293e-01
5.677577066673689110e-02
-1.518466272700331743e-01
-9.567621078469539242e-01
9.860271475948696462e-01
-2.722614594665866417e-01
-3.955568039033687811e-01
-4.473144535228996688e-01
8.946900298650388716e-01
3.524016512549286162e-01
-4.983120438874248936e-01
3.275598034136348868e-01
-4.813906174389543935e-01
-7.165265405209242378e-01
-1.017416765059557804e-01
-9.552813720826853761e-01
3.091121808106036539e-01
2.661714647474182627e-01
2.386917202686646977e-01
8.397625592488446866e-01
2.586640630993684020e-01
2.518045285740129202e-01
-3.622894639355389579e-02
8.135927347406195498e-01
-2.899740080912371898e-01
7.069123442447409200e-01
-6.365075700103230982e-01
-2.701431572792274416e-01
6.851426050902380549e-01
9.070426526564265846e-01
5.379828409394562527e-01
9.655203702648069708e-01
1.799248710125673778e-01
3.054547325649974443e-01
-7.542009785482512996e-01
3.460148324090499550e-01
8.589552450129995798e-01
7.810322659952850799e-02
4.302787700444505870e-01
-5.949196621440393518e-01
-8.836448157811536142e-01
-3.224685531179138920e-01
-4.331193614556871907e-01
-6.295399857447456782e-01
3.096352359496050699e-01
7.371524050318807308e-01
5.428640972690363942e-01
3.720613274811859217e-01
1.217563874899458831e-01
9.217457336534138346e-01
-5.409426104973045213e-01
-9.981805170016824214e-01
-1.916019885067909989e-01
-2.445421679787265212e-01
-8.104913499607913074e-02
1.963155116099595254e-01
2.136242138075181707e-01
7.691044704184375469e-01
6.732179450889905770e-01
-2.302247161588946156e-01
-9.887967995820987621e-01
4.047138011674242808e-01
7.534910915661510167e-01
4.964964271771519222e-01
7.579013478985829888e-01
-4.801099825343901895e-01
-7.775511796933525233e-01
1.420213651025064028e-01
8.697797516778413840e-01
7.138156420338050978e-01
-1.919150439506478456e-02
-2.044675995708091776e-01
-3.903632257458140575e-01
-8.990618722763443760e-01
-4.534877260660465925e-01
8.609211559662721669e-01
-9.377997159573763231e-01
-9.363200024268809596e-01
7.269856566685115595e-01
5.539013621864439241e-01
-9.879890180962860313e-01
-4.029592358875559999e-01
3.315029793652302104e-01
4.860336655412891282e-01
-1.089940642937325954e-01
9.555967231970543541e-01
-6.643462270871902664e-01
-7.364967462165776801e-01
3.201764112795872919e-01
-4.742493105452079138e-01
-2.091591539674040323e-01
-8.662710806031010957e-01
-2.988102966272554450e-01
4.135341715972014054e-01
6.430919230738754155e-01
3.381900216834159423e-01
6.297495453394719167e-01
7.441270554567860351e-01
8.453700771861352159e-01
-2.636461387787265576e-01
2.935646424976690039e-01
-4.344864071141001372e-01
6.325004712062329837e-01
9.124970549464295200e-01
4.208648048887662085e-01
-8.314232818856601703e-01
2.449704966964640906e-01
-6.554746125474510965e-01
4.634166773177064158e-01
8.526454420361286868e-01
1.695667251144354903e-01
-3.578827888302806848e-01
-8.648934426836483169e-01
8.199513601548145125e-01
5.761766938667134408e-01
-9.918469362925665944e-01
-2.230111638863319090e-01
5.691329387261050421e-01
-1.727372998515535052e-01
1.031474242981500478e-01
9.806277778054126593e-01
4.748384070612665653e-02
-7.588109323677876272e-01
8.281200201883598400e-01
-5.804782214853465572e-01
5.890965404981032272e-01
-3.029583092711631842e-01
-5.078769716713371629e-01
9.585194228471065614e-01
2.779976160879760183e-01
-6.959680997042174688e-01
-2.253698254970493142e-01
-5.089151420467399323e-01
-5.890120949446453480e-01
4.625038918950610256e-01
9.080022137287735440e-01
6.585021222040905453e-01
5.705490405609261462e-01
-1.226250805198121352e-01
3.542771276741236708e-01
6.401436523691039771e-01
-1.159178718777920114e-01
-2.777312525634674234e-01
-2.136917438185526041e-01
-2.004332238274424416e-01
5.968734647603566312e-01
