7.958142259335023727e-01
-6.839025357842531960e-01
7.776475194555609871e-01
9.016069936962505249e-01
3.496407700542214503e-01
-3.096785775799579810e-01
-2.559870784939484167e-01
-4.679941895630856941e-02
5.827525991375330783e-01
-9.095434745722830172e-02
-7.623197329493549557e-01
3.864358875354496625e-01
6.612876797569036125e-01
8.748716089956383168e-01
-6.423122201209321425e-01
2.626791866801649888e-01
-6.083646370319768515e-01
3.145981366557832892e-01
-1.110188011967068178e-01
-8.770822330273917444e-01
4.695298965206580188e-01
2.362395323601926833e-01
-4.688921389530269490e-01
-7.424049207719665144e-01
7.667195347732347344e-02
4.014382628152368682e-01
-5.362044496554563278e-01
2.249351403926433957e-01
6.317777711432146504e-01
7.142699663757874351e-01
-5.567596238338134995e-01
4.548477064586169405e-01
-9.315445995937257084e-01
2.692896848262504861e-01
3.571155253589248790e-01
9.927985758360535762e-01
-9.207633080143322601e-01
3.081324467917498922e-01
-9.705437280242048548e-01
5.747031900423111850e-01
-7.849419799188266378e-01
9.285883499233740235e-01
7.095084463042951040e-01
-2.683063856217908771e-01
7.719237694872418398e-01
-8.873384358795617377e-01
3.495860467380880188e-01
3.220023306193957602e-01
1.702380432721160020e-01
5.944534997539057120e-01
-4.383017212914350758e-01
1.915389049904416829e-01
2.688552277211293529e-01
-8.247423956342025964e-01
-5.595760062966883552e-01
-1.817314928284052833e-02
1.891264007855553153e-02
-7.630889445544868366e-01
-8.354683283908765912e-01
2.771894641350185484e-01
-1.227659876116471427e-01
-5.630853062942262621e-01
-2.214747625865534086e-01
4.676680128180403795e-01
-6.557488416729817526e-01
-3.892599422101390427e-01
-2.734841439574378086e-01
-7.827042867692211026e-01
8.586280549386460237e-01
-5.695627251625485776e-01
1.545995465395901824e-01
-7.741513882427806248e-01
-7.640250533841790315e-01
-7.869198298579223039e-01
-3.017146436030673229e-01
-6.406708565664942512e-03
-9.912217683293678139e-01
-3.778863438542667819e-01
-9.239231301329993151e-01
7.346335738737788112e-01
-7.795487550661108767e-01
3.919047220160651879e-01
5.277651910784657563e-01
-1.083514730814885141e-01
-9.309440089129854545e-01
-7.640857197819617141e-02
-3.656578988313075040e-01
-9.539514802970552321e-01
-2.066172290670120759e-01
-6.466135184549215431e-02
6.948914127921643757e-01
-5.625966647711557744e-01
-7.028821514034162554e-01
-1.957782075061471616e-01
-2.923064760559987985e-01
2.722150524947593020e-01
-6.709334547126384329e-01
6.671746448379358707e-01
-3.826227651251956630e-03
3.520023736490336397e-01
8.681707459210683542e-01
8.034560027101684820e-01
1.222227030583944440e-03
3.927687363561447320e-01
5.691848269290513684e-01
5.935518144330649282e-01
2.625919505569207502e-02
-4.724948626226956883e-01
-4.704226783450007332e-01
-9.039798505542897544e-01
-4.439251452796888486e-03
-9.647832904330890802e-01
9.762477565642255772e-01
6.040490981392416803e-01
-5.324446247127785359e-01
-5.617788733561408510e-01
-7.237063811721549111e-01
-3.842843015404144857e-01
-7.822578776655171318e-01
-8.098734601279860001e-01
7.450317144548164183e-01
9.203451133683386853e-01
6.006300263243113946e-02
-6.941815125928900709e-01
-8.099665113840284203e-01
2.987103466771363625e-01
4.295424361776207789e-01
-2.591478794100052774e-01
-3.539808254678111776e-01
-8.507237728999224036e-01
-3.712783768047276389e-01
-9.310602093223196984e-01
2.799700185499509608e-02
-5.272655447085965452e-01
5.879247322148066779e-01
-3.006007187018271409e-01
6.515674783583329521e-01
4.021683857656130900e-01
-2.096345130906529519e-02
6.939816236759102086e-01
3.407775138283324345e-01
3.296314460754623532e-02
-6.732671050028455895e-01
-2.921806052748849858e-01
-6.859954502815890365e-02
-6.954106096520584757e-01
-3.507763889693145121e-01
-8.161248589957781352e-01
1.503625083399600104e-01
8.096395634803956742e-01
-5.909353221784408028e-02
6.909235148847947539e-01
-8.917105950567383310e-02
4.886867085258101984e-01
8.925650810143692659e-01
-8.099428606715741719e-01
2.506218298949045575e-01
-3.330843150217188686e-01
8.459909412487200964e-01
1.470060746507702021e-01
-5.592791743478466859e-01
-1.967664126034347483e-01
-3.401942698249893482e-01
-4.216107752593176716e-01
-6.497374354801515040e-01
3.400251788609272019e-01
5.830041296757260127e-01
-2.445493553101061313e-01
6.402162045491743836e-01
-4.322390663081872031e-01
6.456422457461772346e-01
-6.277606426908437509e-01
6.165736533323689095e-01
-7.402246969964807466e-01
-7.292965327029405920e-01
-6.537734762899214402e-01
1.159098393139934569e-01
-9.222824224260726123e-01
-3.134571393596050637e-01
4.146704927726285739e-02
-6.186246433935937983e-01
2.266210110215833851e-01
-7.714662380599570657e-01
-3.889466915373607225e-01
-4.674345205060841391e-01
-4.333670999599268381e-01
8.888542950775883966e-01
-2.503270182052215187e-01
-4.909865321210333811e-01
-6.276847141266488350e-01
-1.828204886724200673e-01
-9.683111735562159872e-01
3.969188705235975334e-01
3.763537431516743581e-01
7.121124859634742066e-02
1.068245634527240639e-01
-9.481335257058738364e-01
-9.210317536500884916e-01
-4.184873838282434644e-01
-6.051135875439817013e-03
-2.367741037466777332e-01
2.817895271433170645e-01
9.232436873342737549e-01
3.614042498593257324e-01
-4.728270256045028486e-01
9.728391668310212292e-01
7.245632475267502759e-01
1.690739364378188725e-01
7.343953336905455487e-01
8.477071950795447286e-01
-9.194886743432273413e-01
-4.250997037812911383e-01
-3.080434109532370623e-01
1.747926287272523194e-01
2.195631200331042976e-01
-1.932463946791518339e-02
-2.360988779594586084e-01
6.286970034229000248e-02
-7.270633190479613983e-01
-9.608147286386090613e-01
-6.924426514778954100e-01
-8.940457184746812835e-01
8.305896206732794607e-01
-3.705791048840911817e-01
9.006252710476103651e-01
1.112534439087209392e-04
-4.651485965991275506e-02
9.387168242133376861e-01
5.832131077101565531e-02
-4.340574432688535378e-01
-5.605942619198864829e-01
7.436590183735469761e-01
5.899675266160968601e-01
8.922144661735178506e-01
-5.109172946219926459e-01
-9.362821203063143027e-01
-3.031550688824138362e-01
9.613534418050797559e-01
5.951167099814667072e-01
2.763229796776045522e-01
6.431341964895405106e-01
-9.342578411929585158e-01
-5.176397832775507801e-01
4.675267135134826280e-01
4.338963801289845712e-01
-1.193107164872775350e-01
-3.365263267693983096e-01
2.150741783446377120e-01
-6.990006886846724665e-01
-6.895286089802552532e-01
5.469782490571060141e-01
3.806022429198001600e-01
8.471669859935793134e-02
8.121395537987399216e-01
1.997777406463192573e-01
-7.597862474642498309e-01
-4.097520371227858504e-02
-3.223386798792442498e-01
-8.754638312784963627e-01
-9.915745406379106175e-01
-1.718902302207951927e-01
9.686723811402551121e-01
4.960218435226559919e-02
9.129136651823799298e-01
7.443059631272215260e-01
