-5.501279084311477829e-02
6.848828002274718989e-03
4.254069548579488824e-01
-1.276656328604182378e-01
1.734779211187682246e-01
-2.253299059337462648e-02
-4.303948330993220273e-01
-1.751308310717439309e-01
1.896719466095766748e-01
-4.525756542318085107e-02
-3.611459712962513668e-01
-3.502626061297407778e-02
1.018623121056109471e-01
2.983120614208746857e-01
-2.843964056888663716e-01
1.104462710594199606e-02
1.498508416009588506e-01
-7.784836208485557130e-01
7.011062739635043339e-02
1.385398682004779503e-01
-1.243823124463615815e-01
1.060179527464909233e-01
9.007608865541943954e-02
9.617371391111498302e-02
7.852223063045310480e-02
-1.834102773516020357e-01
6.443851730180168505e-03
2.253328598563177076e-02
-7.124576710202795704e-01
2.926252999784786368e-01
-3.735403784390155524e-01
-2.649480612442043359e-01
1.346498480702846834e-01
7.182564665542641447e-02
1.424835202036001669e-01
-3.316155865684511372e-02
-1.501629019817759397e-03
-4.394004661594080874e-01
9.374543460022607966e-02
-9.438806399143782888e-02
6.852197713912684673e-02
7.178608051412413427e-02
-6.854611877081711047e-01
-7.129243048927846882e-02
-6.791294134901302293e-01
-1.189681279040028655e-01
-1.074487472002531585e-01
-2.223106474602415950e-01
2.759754122023392875e-01
-3.894394723438034389e-01
3.423377484632079693e-01
2.911904132539738788e-01
2.518118012018433771e-01
-3.903251729267236403e-01
-2.920419731355575893e-02
-2.732549364265804415e-01
2.063748072023220415e-01
-3.210428890839728822e-01
-6.494562843891384454e-03
-4.083282759194467593e-01
7.344780525850855835e-01
4.178977428315081566e-01
-1.464031117291742512e-01
6.640221339709272141e-02
-3.072003109073612181e-01
5.734446714744204782e-02
6.123960720779133560e-01
2.446845940242328710e-02
2.131698585686450376e-01
-1.239608113323587835e-01
-3.703833281596456972e-01
1.102230754246630445e-01
-9.787851767433441985e-02
-8.263414267336222085e-02
-1.622290888173510970e-01
-4.321233463741527281e-01
-2.912728643458704636e-01
1.322822566068646566e-01
-4.817907867865672822e-02
-1.765055376383239949e-01
-1.609414460919338929e-01
1.727686626611279752e-01
-2.652859938661270012e-01
-1.917611284584062603e-01
-1.697146523284611686e-01
-2.553897024996818477e-01
2.927106240456750497e-01
-1.969046533966703205e-01
2.975817258585177205e-01
8.695445465528955920e-02
9.978378521618694319e-02
2.906558083071582033e-01
3.590576703394384728e-01
-1.946129984183368467e-01
-1.089571913991775609e-03
-1.176653537808991512e-01
5.822665944084196021e-02
1.071484261384949566e-01
2.696750564143757592e-02
-2.334862782705235396e-01
9.897540034723481539e-02
2.561661924700788240e-01
9.818671741312179346e-02
1.303090847337683988e-01
1.863438632308795362e-01
-4.266997160526733168e-01
1.315622052989493251e-01
1.045561458317400411e-01
1.564642432335552197e-02
-2.468244454111164776e-01
-9.233083108546194517e-02
-1.649422224602367093e-01
2.218570041482684219e-01
-1.362174688347072837e-01
1.714764798934155787e-01
5.658866813155070119e-01
-4.829474910373408002e-03
3.523541413538191502e-01
1.763116220878955809e-01
-1.278373005406142349e-01
-2.635254434014522307e-01
-3.850227291454082212e-02
-2.966975285173123478e-02
-2.394738546562340947e-02
2.382491362361373599e-01
-8.024928297541789046e-01
-6.730071267760057152e-02
-1.489884459171993691e-01
-3.510017772440127137e-01
7.787896236577095122e-02
-3.173111219313929365e-01
1.392278914128214362e-02
-2.411986812413782072e-02
-2.333661746144726629e-02
-2.572550507719272850e-01
-5.649716249998855133e-01
-4.699945410906636312e-02
-7.846803145524491319e-01
-1.089746264339586657e-01
5.154213225537153387e-02
6.428327537980682571e-02
-1.976937723577577855e-02
1.481392374576636084e-01
-9.767716243028352896e-02
-5.037242956333338739e-01
2.776819326726008216e-02
1.965993246248405324e-01
-1.311893288746575625e-01
-1.795396891948671247e-01
-2.058426558491558978e-01
-6.115053722139587866e-02
2.165680307886976574e-01
7.112947364870867428e-01
8.783946838524671341e-02
1.018691555778659247e-02
1.258735962513028439e-01
2.905199574197398493e-01
2.510829786545062392e-01
1.681436289235730130e-01
8.772968796139840597e-02
5.831228884686894265e-01
5.106940261716418350e-01
-8.787424878932391659e-01
-1.701954134474846780e-01
-7.643800588877446012e-02
-3.861449576924431970e-02
-2.043966054952168210e-01
5.902606075423741383e-02
-1.738038637052360946e-01
-1.788747886873524595e-01
1.854495992580860730e-01
-8.568349557542017172e-03
-1.573938566212352008e-01
2.229824010515587401e-02
-1.319109897896535433e-01
1.006954274620761869e-01
-7.298458317401561313e-02
6.418126438802150557e-02
-2.101603399596179977e-01
-4.757353162640329952e-02
-4.467641151061160776e-01
-1.338920772250374314e-01
1.172931151400345706e-01
8.697256754678898971e-02
-2.605183237373401850e-01
1.219810657701353163e-01
7.706110783316412471e-02
5.636455487983423884e-01
-2.416852884315701389e-01
-1.216879836021094417e-02
-2.823451085824546514e-01
1.524097720807872924e-01
-1.662745145287739534e-01
-2.716762901758139059e-01
8.274355027269347795e-02
-2.112657188308095513e-01
-4.897628910961137061e-01
-1.395796279620758196e-01
2.856209249343246714e-01
2.355553813873608182e-01
-3.643847828690343627e-01
-2.160187407242368240e-01
1.788267935743204085e-01
-3.210337176009517846e-01
-3.277261452798128083e-01
2.731361620183614947e-01
3.916080697669696020e-01
6.333478579569995492e-02
-4.072124185517996819e-01
7.538954956132846164e-01
-2.301497358632736412e-01
-4.820512106330520075e-01
1.040427323573279716e-01
2.501812230947974003e-01
-7.502106792108204081e-02
-5.943140599903282140e-02
3.218672848207998483e-02
9.309380135402092749e-02
4.600997769044696817e-01
1.968815154500802578e-01
-1.997521775224060381e-01
-1.678570297661186872e-01
2.767252796934123182e-01
3.347432981952547237e-01
-2.121383141156833185e-01
4.229363919754565715e-01
-2.406019322753850387e-01
-2.261682859410838187e-01
-5.079136911026635448e-02
9.770452154105904730e-02
-2.930079202561732821e-01
3.266919397125421509e-02
-1.427812179711330232e-01
-4.250817066638061525e-02
-2.737500205890203153e-01
3.083996778029046149e-01
1.515212933894768133e-01
-1.544898292086593627e-01
-7.963785045827727060e-01
1.428778376429662988e-01
-2.192359522526501903e-01
1.459380166522376010e-01
1.090418374539071228e-01
9.079344404983363814e-02
-2.738233704254907641e-01
-2.987034606947717164e-01
-9.418398595039088883e-02
-1.766788212391157131e-01
-1.319918382957895320e-01
-2.610746185107056805e-01
-3.547380486998001348e-01
1.558079961988660667e-01
7.959172055728033768e-02
1.369251212848174304e-01
-3.490985207753780628e-01
3.280345599793178524e-01
9.923103553004028465e-02
2.127948373122913739e-01
-1.711193399389404970e-02
-2.488819180773891027e-01
7.649060673883510963e-01
-6.781897910543704944e-02
-2.851520762301663070e-01
2.348863101911825846e-02
-3.128939443646441831e-01
