-6.445745867780728888e-01
1.426093195983280937e-01
-8.572928961461199204e-01
7.446781281721774892e-01
-3.884575339239534214e-02
8.709545491749881574e-02
-7.874073552106237717e-01
-8.229436515495919258e-02
-9.686044163803586571e-02
4.752845718843638489e-01
5.687710650599709927e-01
-2.384998250305425949e-01
-3.521163528483042260e-01
-6.960880704884707670e-01
-8.175807220711128753e-01
-3.986756691518429374e-01
6.624384787637764838e-01
1.247408461818966252e-01
6.204928207742168578e-01
8.577381922564031314e-01
-8.312099630904368208e-01
-5.782464912782897537e-01
-7.240164325118298994e-01
8.248177742811255708e-01
2.359879662091633468e-01
4.425815072776788650e-01
-3.383385359528137126e-01
7.400727765838061023e-01
3.406225776500017566e-01
4.342199130546069430e-01
-2.564950463915494083e-01
-3.149726215411634556e-01
-3.724180799807317310e-01
1.357229649162489116e-01
-8.792066928104940171e-01
8.198564948700177712e-01
6.542793568790460368e-01
-2.803862759913241520e-01
9.414198629359062931e-01
7.460321580756830440e-03
1.700045738827530295e-01
2.979104250722819369e-01
-1.727634745203204258e-01
-4.915206063361209354e-01
-1.374472078931963659e-01
-6.290807469476040747e-01
2.880196945121939883e-02
2.909273837652447403e-01
-6.937623485778844357e-01
5.330001400403661105e-01
2.505143056975953630e-01
-7.527720605896075501e-01
-6.074394449261451001e-01
8.110893025301553205e-01
3.730272268518670664e-01
-3.849027376132665434e-01
6.786040963356996247e-01
1.678885645119450321e-01
-7.992592168546603926e-01
1.309752025573862264e-02
-6.759007456190202490e-01
-1.129832353747720897e-01
2.142488600371975083e-01
-3.341591100500836964e-01
7.877222441450631996e-01
-7.051277216269408177e-01
4.468635201762519715e-01
-2.400700974535864562e-01
5.372886606721045677e-01
8.746280563114043893e-01
2.350688549930458060e-01
5.593689847076293020e-01
6.963057639427732148e-01
-6.068975384081926050e-01
4.290967030629635470e-01
9.935140721985611378e-01
2.969961925171636929e-01
-5.103507306722331327e-01
-2.364970687833239243e-02
1.990020973498264345e-01
3.361316972725939545e-01
2.777279515588259029e-01
9.598887922121408511e-01
-4.700406916417820824e-02
7.784401418759889779e-01
-4.721480568502877673e-01
-5.370176490039157979e-01
-1.289013488328391299e-01
-2.535586738519347016e-01
1.278038903165390205e-01
-3.074771169347929045e-01
2.924336683212769294e-01
5.385676883345346111e-01
6.194838305542688106e-01
4.261073384994216173e-01
6.555141369818531238e-01
-1.859750468719210126e-01
-6.942043580496313517e-03
-6.931014400058137515e-01
6.198082175900783142e-01
6.472013689034115114e-01
-1.306137937770135773e-02
5.317657252189533779e-01
2.752741166745795859e-02
-3.531078801537941292e-01
-8.553119527495410823e-01
-7.442439075624921463e-01
-7.010050808241313769e-01
7.872963134606799640e-01
6.910143848556410395e-01
-9.063005269172081935e-01
7.418377595580143424e-01
-4.376668859631973607e-01
-2.566795746058661010e-01
-6.652444110123492127e-01
3.793137327964591354e-01
2.911095710851625551e-01
8.981634494975581084e-01
-5.233497138255572834e-01
-7.962786160726417206e-01
-3.141095098044240363e-01
6.674951099002022215e-01
-3.881416699246291735e-01
-5.662608648875342432e-01
-7.889059480935689539e-01
-7.171554161519330672e-02
5.763892862668432704e-01
-5.163605713863004265e-01
4.472766159918299955e-01
-1.653977412941374237e-01
-6.195829336174116797e-01
-1.164441512408865148e-01
-4.028974925354919523e-02
-5.398299277967235632e-01
4.165285331119391032e-01
2.506812294856803347e-01
8.454120481316660385e-01
8.233822327514561668e-01
1.016634632362494184e-01
-4.445968353471250190e-01
-6.864515526340810858e-01
-7.639581521344300796e-01
-4.957828978162174272e-01
-2.589688837428613111e-01
-4.682540818017274509e-01
-8.116586961675064105e-01
5.562591381168173754e-01
8.591871426629607567e-02
4.564558024642696998e-01
1.451717505634564920e-01
6.037494257329489855e-01
-4.088026169741477700e-01
3.146693237226296791e-01
2.844879349977208483e-01
-1.827936274848488418e-01
-4.725789579898670434e-01
-8.176812449276649186e-01
1.351496159756871429e-01
3.714315054551507456e-01
1.720664019949822432e-01
-4.565948765467945925e-01
2.392812714946718211e-01
4.159392259108125045e-01
1.682430983909981304e-01
-3.610696643797894900e-01
-1.555822912604454267e-01
-5.963137281298985792e-01
8.847219648755770827e-01
-6.109789329798698265e-01
-7.785036044092129570e-01
-2.761918275162040248e-01
3.484193111939597465e-01
8.220703459485069475e-02
1.155728248837610966e-01
2.742977402317228197e-01
2.255140293419733155e-01
7.202163814113344831e-01
5.181120269240682141e-01
4.733579179707099183e-01
-2.860309769480025022e-01
-8.154241917769178283e-01
7.693228231295861676e-03
5.735706049490234548e-01
-3.862753547372634322e-01
-5.275073173619611033e-01
-8.532395483351766508e-02
-5.596034816922371702e-01
-6.250207884566376659e-01
1.598833862177043708e-01
7.627278609043477431e-01
7.470770488254959707e-01
-3.934114369150580881e-01
5.449941438929488680e-01
7.381217126111155880e-01
-5.812878603330666749e-01
-2.851512073008309889e-01
-5.208408539731387288e-01
-1.453160859917207171e-01
7.636195947138110229e-01
-4.432441129070087693e-01
-4.827802576530737522e-01
-5.336768087951990758e-01
3.407474411846122542e-01
-7.398125574655374237e-01
-5.636610163980402266e-01
8.350731543684525304e-01
4.254182944910209763e-01
9.195520467085367411e-01
3.713883230738753705e-01
-1.459498575624078309e-01
3.803361901266480993e-01
9.901305910652816178e-03
-4.660237517839436183e-01
6.024947832769544931e-01
4.800809402997124886e-01
-8.395304845914804484e-03
-1.513682039674633661e-01
8.492331543400238880e-01
-3.050162959540166363e-01
-6.959530481186548823e-01
4.503256347017356997e-01
-5.520576630978193400e-01
8.655202091089531091e-01
-3.127646626226849302e-01
-1.501354767138392554e-01
-2.825438428347819969e-02
4.898099505168158618e-01
-5.428696007080923147e-01
-7.474554662627055368e-01
-7.827249436973328089e-01
8.294420285320797115e-01
-1.962994295165547409e-01
-4.802218642463458309e-01
6.930943897456749436e-01
4.741875713321858643e-01
-6.673433058453914768e-01
-3.424546964808289906e-01
3.702436109648807872e-01
6.874586044592301270e-01
-2.598988166838174241e-01
-3.440940977332914152e-01
-3.422624730588165898e-05
-1.020108577450029586e-02
-7.322440648115179362e-01
-1.004676981456285728e-01
5.629632070492065488e-01
1.000778400931629925e-01
3.889934835275530300e-01
2.697747997415078647e-01
1.671306035325565154e-01
-6.591230530011834565e-01
-6.596594610294843619e-01
1.741241744669909663e-01
1.163942758688315537e-01
3.177883623327892870e-01
2.361574992867086775e-02
-2.962108516375319689e-01
-1.754664269064158955e-01
8.221571993723895133e-01
-8.557536441002915328e-01
-7.903720335367663274e-01
-8.886956646055159670e-01
5.879195430480923523e-01
3.257216971593098753e-01
-7.936793599144016387e-01
