1.456922519474135314e-01
1.706112616036324914e-01
-4.724588197704404635e-02
1.542280440792918594e-01
3.745775153832253679e-01
1.552211728612092889e-01
-4.194062808993283542e-01
2.463408100282298008e-01
-1.744384016481644595e-01
5.346275546137118084e-01
-5.150591470216802498e-03
-1.916613059409055519e-01
-8.470342355233079212e-02
-1.807005835969652807e-01
2.473632614140745534e-01
-3.272955406260418254e-01
1.683417836394856815e-01
3.336973064607899886e-01
7.804700742602488361e-02
2.274993064383507846e-01
2.529276634016261460e-02
4.696891768687468383e-01
1.847901839766193099e-01
1.156479956614745869e-01
-4.712850851731324037e-02
-3.456313508241923849e-01
5.161452166013978937e-01
1.315759977305375715e-02
-1.070660035374727259e-01
-5.099422809668315015e-02
9.924970837864942330e-02
-2.712335008311005935e-01
7.158524499777539629e-02
-7.570007196760637769e-02
8.539332511932638814e-03
3.130067658741230163e-01
-1.169366391399591643e-01
-1.360265798474384891e-01
4.389820884220501512e-02
4.907527109307390223e-01
-3.709774737501850966e-02
1.890104314799033458e-01
-6.919849735141928027e-02
-6.063978502275906290e-01
-3.199042196017078954e-01
2.105031120346688989e-01
3.369572245792712417e-02
6.241312372868189351e-02
-2.715499900850442128e-01
-3.052663230910178660e-01
9.425852956695207618e-02
2.569101058000268778e-01
-1.849133762764365585e-01
1.182733360476982860e-02
1.652492079577668194e-01
4.467112734311609046e-01
3.438365839296809168e-01
2.013946461939574717e-01
-1.009958143679874805e-02
2.168600923025835736e-01
-3.513516107319007986e-01
3.865799523366104662e-01
-1.843080291600956294e-02
2.466984010920295761e-02
2.820452657585831302e-01
2.280586345506784851e-01
2.970409195348284181e-01
5.456917003993831672e-02
-3.294057215854547249e-01
3.512454093164783520e-01
1.994478536910240796e-01
1.381242309009516611e-01
-3.061195813461433657e-01
-1.347183320738705448e-01
2.138875286850601409e-01
2.460849942725234496e-01
-3.698148986201550414e-01
-1.602193915881574560e-01
-4.969099531381674512e-02
2.253672591860853003e-01
5.039844254612878549e-01
3.211951318328746252e-01
1.024314017628956408e-01
2.278891715776049931e-01
-2.852885072481444254e-02
9.610403739810202683e-03
3.376738310262591275e-02
3.851701280281613071e-01
-3.516731865439749749e-02
-1.362045935360175208e-01
-2.532394535221106358e-01
1.306862284861415868e-01
3.034566796173953085e-01
-2.724984876774586562e-01
7.552868737530582521e-02
9.174730646576667592e-02
5.516741357462991158e-02
2.181672186510076328e-01
-2.003680633673600164e-01
2.711752673944771708e-01
4.248325888480620760e-01
1.757690126482758519e-01
6.551018789090862562e-03
2.811023359770912222e-01
-5.945132896600543310e-02
3.486093879391235495e-01
3.037526830322220261e-01
5.863553869209762182e-01
2.737574281288072120e-01
-3.668671459313571082e-01
6.891542482061754904e-02
3.179212667413451321e-01
4.261414068766776753e-01
5.151049854224952484e-02
-5.191433173878767793e-02
1.580454260527300314e-01
5.330573256948238914e-01
2.110940649673665598e-02
-7.644359310210671610e-02
-1.153916151689162450e-01
-2.368269627486761231e-01
1.926996364218496738e-01
-1.391505735344969463e-01
1.680284652962449939e-03
-1.246825906994552258e-01
-3.704676879720785743e-01
1.831947626384344274e-01
2.467907594471264732e-01
-1.568613363566983832e-01
-1.774885895075752062e-01
1.813293645808234933e-01
9.227391394317688289e-02
5.115528271963803997e-02
5.027561015090116214e-01
-1.748977156427387325e-01
7.118956294055484024e-02
1.668147212579440819e-01
-1.742779509926519615e-02
-2.654583943872528273e-01
-6.249218168383760541e-02
4.086099343787492899e-02
2.168581384346489616e-01
-3.328625568827990322e-01
-4.469529644966029336e-01
-3.531238338241498576e-01
7.223806193032657197e-02
-1.142376288734407580e-01
-3.007674763405302487e-01
-6.036937115485495331e-02
-2.814740956088348511e-01
2.862173049303810002e-01
-3.673580518596994415e-02
3.155290403943308286e-01
-5.741895884599649280e-01
-9.382827285133130482e-03
6.502700105971953581e-02
-2.589194336840936472e-01
-8.097584336881005762e-02
3.509767614553134796e-01
-2.591364414988093223e-01
3.295847427805117524e-01
9.276104720575303886e-02
2.231879193736416300e-01
-3.969142595560681830e-01
2.327148959366513448e-01
3.271781551143008171e-01
-2.247779105834597779e-02
2.379307701328405300e-01
4.944670739601790821e-01
9.113754458167389050e-02
8.258649792505995402e-02
1.295198815496269029e-01
4.016107519165368900e-01
1.655555631498610847e-01
1.792802503713543938e-01
2.575408447731956096e-01
3.448689344780628829e-01
-4.476676859606817382e-01
2.654413036972483875e-01
-1.919924209253100200e-01
-1.195465422990847279e-02
1.732433430656346932e-02
-1.829834714529579576e-01
-2.060145370453150826e-01
-1.654335185708066813e-01
4.344261690185234892e-01
1.240624008093149482e-02
-2.315574473040390713e-01
2.364778039095275508e-01
6.761505157011055145e-02
3.342209922771184338e-01
-9.268298379034643764e-02
-2.573309134744546367e-01
-1.569597019039840197e-02
-1.743725235827071063e-01
-2.923526734305199187e-02
1.178006034125457790e-01
-1.424393200351645739e-01
5.343286643335370956e-01
-1.069625973590964535e-02
3.797760133308922259e-01
-3.880116997446871330e-01
-1.034923252960189555e-01
-2.340896831064671613e-01
-3.136530825937385025e-02
-1.787185602995606526e-01
1.982698988705302867e-01
-9.440436974183491481e-02
1.199104098995003587e-01
-5.200981843816411543e-02
-1.636092738966624660e-01
-2.035090040653215748e-01
1.595672257688593998e-01
4.014914843795222010e-01
1.144791106917776025e-01
-1.398279931279228783e-01
4.870149032092142005e-01
1.543573414072751393e-01
5.404315928650799128e-01
2.902754073208427266e-01
-1.612234046021245315e-01
3.204600114151832657e-01
-3.079768123432534699e-01
1.050876522354058512e-01
-4.349382309281101255e-01
3.855739968898245218e-01
-3.020286520778432404e-01
-2.624561537417068047e-02
1.284010670506941509e-01
1.012444445555859968e-01
-1.358689188205878390e-02
-1.437539639569017091e-01
3.054332280405855360e-01
6.712348168403778695e-03
-5.135257308207957089e-02
-1.435061247073651791e-01
-1.075463995560674568e-01
-1.337009088883421848e-01
2.309684589785446773e-01
-1.111549138861204766e-01
-1.049569053429818405e-01
-6.012629977448812335e-01
1.466353184995656742e-02
5.749725763268338785e-02
-6.091529310812714149e-02
-1.882816786048352453e-01
-2.711971140485086584e-01
-1.209463825490040556e-01
3.611977125908912012e-02
-2.344267946504537403e-01
-2.350370670245173210e-01
-3.491772222901437517e-01
1.573024096340152056e-01
1.878523086749746551e-01
-3.363248891387161654e-01
-3.355575587295919204e-01
1.376217414875521572e-01
-5.233675850016255016e-01
4.764094596114437641e-01
-4.968787219437027503e-01
-9.471582118596350020e-02
2.038290784363219199e-01
3.801916764227908363e-01
-1.600279558346706377e-01
-3.449559850760134938e-01
