-4.380046963204142774e-01
1.250503080250373600e-01
-2.017007551177224522e-01
1.991917812852812553e-01
1.339646957690027729e-01
-2.012007317371704018e-01
2.214828561225736792e-01
3.562900767718238382e-01
4.278050966539043154e-02
-3.729656438773343297e-02
-1.533559310075245929e-01
-3.337658194629500308e-01
-1.271136285175013536e-01
6.702677663436257260e-02
-7.897927920894493026e-02
2.179148089007101330e-01
1.986794839747386132e-01
-1.020702358441113455e-01
5.599146124271412450e-01
-1.209050194494968311e-01
5.046714882415848091e-01
-1.758135327511155532e-01
6.591645689019504095e-02
-2.462155299413700260e-01
3.623113456439187030e-01
-3.700190193635910507e-02
2.130169203201058292e-01
6.982250377721432866e-02
3.208868056546733127e-01
-5.350536494012660960e-01
2.179535442401269174e-01
-3.479326045077557050e-01
-1.041962271671074691e-01
-1.888461091521286828e-01
-3.840645617176165483e-01
-2.419941658647447591e-01
-4.128552807597971608e-01
-3.367150784215117154e-02
-4.367408660692709832e-01
-3.192702342152956008e-01
1.173608488915955927e-03
1.515519533297755572e-01
5.015347352578658491e-02
1.350647118478213726e-01
-2.903064506124467536e-01
-8.889031474096970031e-02
-3.926341371823316995e-01
-7.912147874482544641e-02
-4.829119122247943485e-01
3.542706059309544409e-01
9.585041859499998651e-02
-2.010310914799769977e-01
-4.424452244167248471e-02
-1.045678863019472438e-02
-5.614619049209774726e-01
5.533991617338251956e-02
-4.522517287415143694e-01
3.280102854669629253e-01
2.429409546210741788e-01
7.260203899952660800e-02
3.813546638715816228e-01
1.386702276890777741e-02
2.468574008044379098e-01
3.029336085432299819e-01
1.771397887777845237e-01
5.895883065344348362e-02
-7.260311948765696410e-02
-2.310136545631089056e-01
6.754440185016652443e-02
-3.844405452600246353e-01
-4.012380144520777403e-01
-5.602233766346054189e-03
-1.089675239822640584e-02
5.136298925848309382e-01
3.863176340792354169e-01
-3.562791084568212585e-01
-1.328835630980763072e-01
-5.370314829600031370e-02
1.977939841487988404e-01
4.115613223821867894e-02
2.341403145762951943e-01
-4.603127976970506907e-01
1.623827878576640793e-01
2.719026320976484778e-01
7.118964884181278041e-02
7.938852536957280437e-02
-5.174475882946606431e-01
-3.102662883995055410e-02
6.360456551828372884e-01
6.132730084554456340e-01
2.172998917366256166e-01
7.428991418631897270e-02
-2.330744579737804578e-01
-2.167108342296331092e-03
-3.572648674345552666e-01
5.149604950278063864e-02
3.107718576211754291e-02
3.988965678256771175e-01
-4.877330841193612265e-01
1.274264029612395821e-01
1.286505586678134971e-01
1.631818281168778140e-01
-5.020739698424613318e-01
1.942142313125437836e-01
-7.555485353158719608e-02
3.682869401105343665e-01
-2.808538924148042404e-01
-2.941952479607684023e-01
3.404131267003918104e-01
-5.933434298681743435e-01
-2.833463635702982431e-01
-4.061227480408551860e-01
1.494187600646536551e-01
3.186401210491000557e-01
5.832863086148385445e-01
-6.925236417484886831e-02
-2.815685296748277056e-01
-7.392357850957897991e-02
2.144824418745246430e-01
-2.920246697765766508e-01
-1.767498348097418792e-01
-5.231902848094708292e-01
1.317978033591730713e-01
-1.424550039211886499e-01
2.404734751210888533e-01
-1.801398551831477901e-01
1.105171156782524533e-01
-6.793740467853905951e-01
3.587492578360603757e-01
-2.419594780423898195e-01
-2.788048937123490667e-01
1.778022099839657866e-01
4.718423497583739690e-01
4.335094094091823669e-01
1.922730555349589920e-01
-8.585767994310661289e-02
2.092145451149231561e-01
-8.429616228803249456e-02
2.222504707540158830e-01
-2.886161712030802518e-01
9.477897400341384060e-03
2.357978474245035483e-01
1.887458454809892716e-01
-8.856610400013287254e-03
4.481537965937637535e-02
4.903692695221459896e-01
-3.583797324836156539e-01
3.749109278909451004e-01
2.106947071802138249e-01
6.863345844069473900e-02
4.432260500844426021e-02
-1.301732404832270928e-01
-5.967075631381676404e-01
3.328766854427324118e-01
2.032126988844384918e-02
-2.233219387543665668e-01
-4.385909866021275860e-03
8.412684560465294448e-02
2.699418706667141565e-01
1.035231055440667958e-01
4.772700912781702165e-03
-5.533889436018899488e-01
4.771009625378445085e-01
-8.425816858900786466e-02
6.643001640369300409e-01
-2.898587925044302516e-01
2.674776912913031657e-01
5.099994816190909219e-01
-9.759943013305055759e-02
-3.856038879608423842e-01
-3.708235449366207304e-01
4.531194707304289637e-01
-1.196834122160301273e-01
9.003261967366521512e-02
2.615358502395809248e-01
-2.382662988580424579e-01
2.842267038409534985e-02
3.789372693552549021e-01
-3.772297160461369203e-01
1.547280720000097642e-01
-1.427046500931470896e-01
-9.242344564385956973e-02
2.859579925697900427e-01
-7.235632137947550779e-02
3.363797366051323179e-01
-1.492943031254280184e-01
-1.272853162107968616e-01
2.770938515714771455e-01
1.092094825743344932e-01
-1.465037617560410732e-02
-1.246377834979034427e-02
3.165565197798267394e-01
-3.657599110080179683e-01
7.914501011902079775e-01
6.422170402174973702e-01
2.898347524844915868e-01
-1.048123802317708630e-01
-3.596848910922650355e-01
-5.209979085277939292e-01
6.896815182101950770e-02
-3.086838597353138147e-01
-1.819209319678748993e-01
-6.563210495148685819e-02
1.269102607711585229e-01
1.151633704744867148e-01
3.059304239579828111e-01
1.320734346835882311e-01
-3.098471133438723824e-01
-9.198280917673601342e-02
-2.975713952470444568e-01
-3.268138819980661580e-01
-1.670800191514580368e-01
-4.356140716291164172e-01
2.250081428337623035e-01
2.915012304126980980e-01
2.135841625224639273e-01
-4.217175811344469061e-01
-4.022320401651136024e-02
5.909463971782928926e-01
-1.602109418530618945e-01
-7.119896413694770665e-01
-1.235900399540195149e-01
-3.208904203894738516e-01
1.461939972627909756e-01
4.696668619876255835e-01
-3.517434561475801802e-02
3.283103002788095859e-02
-4.576416877038969044e-03
3.504494277163484051e-01
-4.960740606635740679e-01
-5.191432709123537936e-01
3.083246514921917925e-01
4.509382625407285516e-01
2.043698785646460014e-01
-2.160185969117219273e-01
-3.358365000840886072e-01
6.113847755067514100e-02
5.446930401222225271e-01
-4.689249209395234819e-01
3.602824565115811395e-01
-2.681084883288423759e-01
-2.155864959802443748e-01
-3.464911967325486897e-01
1.726089810505965216e-01
4.300187850483916385e-03
-1.106802641132810239e-01
1.980355507451919683e-01
-3.170590360755481951e-02
1.169287590138932686e-01
1.214229328807143182e-01
-2.096971793495411851e-01
7.124810152293792331e-02
2.572115321122856457e-01
5.435486391479686930e-01
2.072213324346888763e-02
2.853104401921097155e-02
5.558055990999544171e-02
-5.086626882481937173e-01
1.179769352134143467e-01
3.023501309376097623e-01
6.083135542277773311e-01
-9.586452294607333835e-02
4.788803336258397048e-01
2.277730235415087456e-01
-2.331767240836714605e-01
