-2.729857035940250753e-01
3.856849282312487248e-01
2.530562664872302303e-01
-3.434972832227052297e-01
6.299925385495450669e-01
4.418507252167095944e-01
-5.570978672837703094e-01
4.761682824933633623e-02
-1.753121652783943829e-01
-3.186686541621922553e-01
3.403908008166162680e-01
-4.720212737623625809e-01
-6.672839940301902306e-01
-2.709240584583378908e-01
3.251345215124921140e-01
9.588801778919958663e-02
3.120768811562777412e-01
-1.038493094227815189e-01
1.732349315741028295e-01
3.001059676347733046e-02
-2.561943904107530923e-01
3.885665031224074710e-04
1.615479941603138181e-01
-1.047099971659885276e-01
-6.351338258293727224e-01
3.717471291164013980e-01
6.466454512035416102e-02
-3.937980420854582109e-01
-1.713556338032015680e-01
2.868038173272225433e-01
4.562170677307913480e-01
1.326610249733178593e-01
2.083887003104199775e-01
-3.934097933971202332e-01
-3.238634353929649157e-01
6.107218864896637456e-01
3.774001285993908716e-01
5.087600233582467713e-01
3.010177138011593811e-01
4.089991777955196972e-01
-3.810004830533045839e-01
1.029577386574308528e-01
1.268670308376699807e-01
1.270680201596162406e-01
-2.281752891296646435e-01
2.031424784362218655e-02
-3.214799072435982064e-01
9.383968951467008823e-02
-2.472445573492007831e-01
-1.627595301034639730e-01
5.024466239341623952e-02
3.593722018929548095e-02
-1.018894365497559906e-01
1.804874295050214184e-01
-4.488930141668505680e-01
3.321481185223178478e-01
-1.159814648357725964e-01
2.400453792506208051e-01
-2.719942529970330591e-01
1.009193832806892649e-01
5.370814339130718373e-01
3.287949066892655869e-01
-3.879077004259385841e-01
2.346335363622494702e-02
-3.469354377650785137e-02
-6.391153221579876087e-02
-4.664699446836809149e-02
2.711102470889992233e-01
9.940365442599941037e-02
-1.824147467026906444e-01
-3.264144536210119019e-01
-6.107189600471891744e-01
2.573636042856244366e-01
-2.182256382375516446e-01
-1.505632810854938275e-01
2.745843244794615723e-01
1.424454762662282770e-01
-2.036072227098137677e-01
4.826534046511511411e-01
2.488566152867977554e-01
-3.210685345429740156e-01
-9.704849953827605902e-02
6.501854411979062220e-01
-7.847188493007372506e-03
6.595175267254471674e-02
3.118525989103204665e-01
-1.394159345730489052e-01
-1.568412773945839223e-01
1.883929408593603139e-01
-6.766818792461194720e-02
-1.382690603443851862e-01
-5.187612062200781526e-01
-4.184577737766204120e-01
-2.616482965655447801e-01
-6.604112796274417274e-01
-6.326819877545629932e-03
-7.156444010975187009e-01
1.193685089479385418e-02
-2.330744678742107945e-01
2.557592033758587791e-01
1.569676326540186406e-01
1.724172028793396483e-01
-2.632600642501574661e-01
-1.057000300204839760e-01
-3.316324759101883513e-01
2.541539555134765260e-01
7.977516821663988011e-02
5.741547955841266315e-01
4.103499825480834695e-01
7.458747017425920722e-01
-2.551285206373761216e-01
-3.267390009670663453e-02
-2.355398664580549140e-01
8.643387658120034456e-02
-3.609646523462283624e-02
4.603141838212163606e-01
-5.682294068968236633e-01
-3.675801125683229587e-01
1.294390714464997982e-01
-6.923213927565834147e-02
5.232141808472339228e-01
1.461954705192441417e-01
5.561341027135707771e-02
-6.029251214150697091e-01
-2.043414148796874885e-01
1.270006545452570246e-01
4.115477838676043776e-01
-5.129463900882733629e-01
1.277306210667863984e-01
1.809025846725152431e-01
3.546562126997107045e-01
5.815331804584260300e-02
2.908535283107591823e-02
-4.416656421936733801e-01
2.957947274370378854e-02
-2.356654516501393570e-01
3.703023068157643705e-01
-1.668117441638756193e-01
2.067816930786843532e-01
3.950903384256266859e-01
2.451078981254071337e-02
-2.646610038660033304e-01
1.066566822467577280e-01
-5.607720244495824069e-01
1.732957354941402350e-01
-3.328511009576343715e-01
-4.064449507133642281e-01
-4.684662739141797205e-01
-1.445569991217852401e-01
-6.943131950929046781e-01
2.996969722300708572e-01
-7.048922157456944948e-01
-3.313259045807810388e-01
1.541086371542565170e-01
-1.487085056777379399e-01
3.957670796914080080e-01
-5.559867174714785421e-01
-4.744357890140900487e-03
-1.659553084678453416e-01
-6.681410294993791466e-01
1.531444292394641138e-01
5.780821534011353346e-01
5.815942839322671976e-01
1.674330605498433322e-01
-4.819750500468877874e-01
8.748843578508806902e-04
-1.062503394698865733e-01
2.075975676587617225e-02
-5.508068799329463028e-01
6.320538784908957819e-02
3.274237755084991042e-01
5.431807422582157763e-01
-4.270356219102020012e-02
2.129105812935143671e-01
-1.631968363473578487e-01
-1.924830909030052772e-01
2.104578643292425721e-01
1.374852093599874536e-01
-3.061307195806695081e-01
8.978048595846052637e-02
1.030699563996085588e-01
1.347244679847533488e-01
-2.788199801909551634e-01
-3.267227345452741183e-01
-3.591373542092426985e-01
-5.082935892420933355e-01
4.628731143029403139e-01
-4.403883043069160563e-01
-2.857519165190453014e-01
-1.014061619189187968e-01
-6.837183804753321770e-01
-4.857530182890512638e-01
1.406879979823321691e-01
3.849331852171254953e-01
4.835449842206615001e-01
-6.344418668314317777e-01
2.551866462486798715e-01
-3.777808801000285266e-01
4.381690972001819895e-01
5.879835264835483466e-01
1.484818464282304518e-01
1.190273210025113437e-01
6.845597732321908602e-01
9.157217692119405950e-01
-3.117856959568011121e-01
-4.875346859207910916e-02
-3.545959199098450698e-01
3.581813776908165242e-02
4.506354401449606806e-02
-3.815528282738280819e-01
-2.628724922610983089e-02
1.857292340483600035e-01
9.352077152328039378e-03
7.937740999996796276e-01
-5.161921982650558016e-01
4.250797083351663952e-01
-1.535176626573014902e-02
-3.343865284260322812e-01
-6.739974385695610137e-02
-2.777749169324069678e-01
-2.182041060718573622e-01
-7.215759906974691384e-01
-1.927034344237913421e-01
4.125911883312285977e-01
-5.869332777445637195e-01
-2.044079924628308120e-01
2.469369003004592278e-01
3.458934880018044167e-01
-2.133767303905849677e-01
-2.287508430781470259e-01
-1.914521713476971705e-03
-2.481898656303353490e-01
8.929579020159136848e-02
-6.178451618022778868e-01
-1.365890557736737509e-01
-2.492281603130930834e-01
6.384745916674779975e-01
-6.235578094429794493e-01
-5.193602764442890596e-01
-4.636255817757314324e-01
-2.252436917642582082e-01
5.475443200311094216e-01
-1.791311177210298533e-01
-2.187795738399109513e-01
1.718450197087294518e-01
-4.010645635940514597e-01
-4.779917651941760215e-01
6.926382411539051542e-01
-4.979090449657674194e-02
1.786403589463552155e-01
-3.455583993823959643e-01
-3.202680607058190354e-01
-4.322222227680268536e-01
-1.145745187632606632e-01
-2.421784668310508482e-01
3.268417021000258882e-01
-2.172290250117656085e-01
2.481413556851915780e-01
1.758860999290034477e-01
-2.710800846888353210e-01
1.643064061772701173e-02
-3.030478928703623787e-01
3.589990682791867060e-01
-1.480436460881874305e-01
-1.375865240428129632e-01
