-5.381464927614924010e-01
-3.404207698977391727e-01
-4.880745026996008429e-01
-2.139411156703156514e-01
-1.618517933286438559e-01
6.253687224841064651e-01
-8.996885770031805285e-02
-2.037747397609731004e-01
2.067887967582164865e-01
-1.818968683440172207e-01
2.569999334064466678e-01
-4.519127743318346324e-02
-1.475290421077760095e-01
-3.684152161640699141e-01
-1.269002882616692973e-01
-2.699605749392551268e-01
1.642650866588310499e-01
5.036942204805654466e-01
-2.226405861842825629e-01
-6.630438311271436014e-01
-3.768669203517597821e-01
1.348958298213144003e-01
-4.637420446877287827e-01
-1.134085229804266959e-01
1.976807631581987412e-01
2.709185896924277692e-01
-3.951043440881846780e-01
5.854141188786470273e-01
5.755726993689103121e-01
-2.088188265257052145e-01
4.465207291992781546e-01
1.647599459663930399e-01
-1.988534937766322508e-01
-4.858172430757046190e-02
-4.720162380276355374e-01
3.837554167351664991e-01
-1.325941510592692010e-03
-5.660379905827555014e-01
6.818120707525638924e-01
2.157526120298774996e-02
7.913521197117061312e-02
2.593288988559207531e-01
-9.641297647303728735e-02
5.935757106137808936e-01
7.269411589449129574e-01
-4.406774501486565576e-01
-7.702680520331503522e-02
-3.570093724235019472e-01
4.813914737984401615e-01
-5.316120517019262692e-01
-1.636035834277512757e-01
4.308225132577360728e-01
1.449182941333464480e-01
-1.489396487232161892e-01
-3.897382664438554523e-01
4.910802759914619786e-01
-2.715283277360522884e-01
-5.230087983539933871e-01
3.041023817673695340e-01
5.175354482452902971e-01
3.262808728911616996e-01
7.881162978699994826e-01
-5.104421831535010598e-03
-1.105558342779111997e-01
-1.094944421383295952e-01
-3.534465042564398085e-01
-2.581833641971985616e-01
-3.087587797959489011e-01
-3.488331524288396102e-01
-8.263585732764272551e-02
3.249267901626361477e-01
5.466631893482130078e-01
-3.099343614451831597e-01
2.420941128302868117e-01
-5.524194977852751043e-01
6.020088204089010797e-02
-1.041790170212576194e-01
1.536469268211558895e-02
1.948758386799224682e-02
-4.065138996517942555e-02
-5.219361911211960886e-02
-2.884062546429000951e-01
5.365524074850599456e-01
6.262136904302408880e-01
5.549052809833425748e-01
1.229229140704563850e-01
5.188973830046345048e-02
-2.304543693794587900e-01
-6.086045813168146079e-01
1.673091886642113224e-01
-3.720449134060074825e-02
4.214860564203395943e-01
1.481371935291925790e-01
-6.377760676337207446e-02
-1.152910155067438103e-01
-7.106058241754478755e-02
-1.954118948957790369e-01
9.101591987759419244e-02
-2.093312163430728623e-01
1.219844083662103840e-01
-5.866454012833990928e-02
8.323464196314921820e-03
-4.617635712630356881e-01
7.134619348326127763e-01
-1.115743810943226194e-01
-4.287207098008419259e-01
1.408966289498823909e-02
-4.511531668358151337e-01
8.336119924182938679e-02
-1.400857169534247548e-01
5.171958543623074167e-01
3.215923693793738825e-02
-2.521612866832960709e-01
4.887986278778018168e-01
7.220516249554009836e-02
2.355517847949697291e-02
-3.395245606131990224e-01
-8.717199813173680256e-02
7.635490181086597161e-01
-4.254532573621795377e-01
7.095667763296301667e-01
1.055129736441294819e-01
-3.599205879242617367e-01
-1.187528289074142179e-01
-4.524467159061369981e-01
-2.233871133094850747e-01
-1.621225620405535722e-02
5.992186475955144642e-01
-2.584666555622930351e-02
6.117421901712578880e-02
-2.626888878200362987e-01
2.371348355655759077e-01
-2.086567510097764311e-01
-1.404003978609016934e-02
-4.952133981423730708e-02
1.616881932396328769e-01
4.221318037085450281e-01
-7.411564071737741788e-01
1.347356087105580080e-01
4.781920274482145405e-01
2.158921906895537868e-01
-3.520106739202501916e-02
-7.967789958088516977e-01
-3.851385151413356245e-01
8.814699717376978105e-02
-3.315823612220756833e-01
-4.512952807083274731e-01
5.269917617868358217e-01
-5.536691893947592868e-02
3.926063238729128324e-01
-6.079699376249034781e-01
-3.304311554464457734e-02
-4.962020713716246423e-01
-2.160276637916357934e-01
3.119276599311752718e-01
5.589268423706150735e-01
-7.229471320206916352e-02
1.668869410583220803e-01
-4.789017011164629078e-01
-5.147469783701777990e-01
1.541083862081660261e-01
2.784073737097988444e-01
-7.608762175669520067e-01
1.910197658752235961e-01
2.871725406616933152e-02
-2.940459704652903516e-01
-6.025337844871787585e-01
3.802869010319201992e-01
-7.905511664896596180e-01
2.064244681850972013e-02
-4.017370828653736292e-01
2.751383908546061741e-01
3.962628627374136653e-02
-2.987030409029790001e-01
-3.478807107036637758e-01
1.544809906005835398e-01
-3.847755646902571436e-01
-6.422807369583676262e-01
3.480549295330329640e-01
-9.617882498494967347e-02
1.022103113974177219e-01
2.712458114421788524e-01
-5.083086364371816046e-01
-6.289002928056224295e-01
-3.796616610793858149e-01
-2.448165144883145822e-02
3.338979477627956882e-01
-6.779087951910334198e-01
-2.022882566515137592e-01
-1.816390425555616528e-01
-5.043619838200145145e-01
2.733391480056769351e-01
-2.796714411486663221e-01
-4.968098776887909240e-01
-2.159368933785892342e-01
-1.218080271951278160e-01
1.692002674619645930e-01
-2.108586056231829819e-01
6.857949489926855602e-01
-3.539839444308302552e-01
-1.207671270963301124e-01
-9.291998304974516398e-02
-4.026367789926743601e-01
-5.529761483243561537e-01
3.037656212536353761e-01
-4.312764702608447576e-01
-1.062515478971701871e-01
-4.345213930653314405e-01
3.462282794280052700e-01
6.191592810784563028e-01
-4.456011146846570181e-01
-4.165298609298671573e-01
3.764408362716772372e-01
1.229221558296629824e-01
-6.300996235437812398e-01
-3.256035641600935060e-01
1.608495680003354522e-01
-5.385449098660375356e-01
1.141362535463583960e-01
3.830443422207102100e-01
-2.948404799431288970e-01
1.606121003273215664e-01
8.359031293517513173e-02
3.434871538904247235e-01
7.144847652913951519e-01
1.533067674969842420e-01
-3.894134923261290959e-01
1.906734105574044436e-01
6.394156452786530220e-01
6.103676218043747603e-01
1.428659297648222637e-01
-1.321101004837736403e-01
-4.464418740934341656e-01
1.263525380794574410e-02
-2.846603297260472676e-01
1.570051970433739008e-01
-2.632330034644670969e-01
1.211071112526317384e-01
2.535655362889089881e-01
-2.896738753237375064e-01
-2.440649233805688989e-01
5.262806768573528027e-01
-7.204596525815021302e-01
4.055563117313212285e-01
4.942662343152861570e-01
3.234475483302148291e-01
5.702555843475688446e-01
-3.990246805129672725e-02
4.562960825585550828e-01
-5.487884498642656705e-01
-6.630621520192268026e-01
-6.648995585072752235e-01
-2.909341538306978725e-01
-2.877716018543471366e-01
2.592741226717051317e-01
-4.758508357022837587e-01
-4.909669015905703260e-01
7.474451631163809839e-01
-2.943002582860891614e-03
-4.372794018450657516e-01
6.726218191585684458e-01
-3.500595789121325185e-01
-1.698390728423966323e-01
6.899014554105815655e-01
2.437026855110289159e-01
