1.568005556350941798e-01
1.952684688704531824e-01
-1.107463594604231882e-01
3.730066802890874555e-01
1.027720934765709582e-01
-3.031230752578200072e-01
5.121912754002941326e-02
-3.975625435289334431e-01
8.481576850690764058e-02
-1.004988486542732207e-01
-4.856907143776998947e-01
4.654445094686736062e-01
-4.854171084836613193e-01
-2.402367264851701378e-02
-2.277724606844535038e-01
-1.592535625354893625e-01
2.788401815913169046e-01
5.174303240922789593e-01
1.419967469077637601e-01
-2.760989695471888217e-01
-1.698518278478067522e-01
1.568907631756743526e-01
-9.481052897379690925e-02
-4.175799321598763769e-02
1.642814993568350590e-01
3.676982823862486871e-01
3.518777181301974144e-03
-2.758611882878494459e-01
-2.997769030541757584e-01
-2.463790002804773227e-01
-1.135968475149595480e-01
-7.527552323292163727e-02
1.040283346516874263e-01
7.972867934962460379e-02
7.358443406068135295e-02
-3.523292145115078378e-01
2.403929633231668417e-01
-2.937399060689799279e-02
6.809984687119516322e-02
-4.581524050366510004e-01
6.960733553884587699e-02
1.714867606005315015e-01
1.950674596919137194e-01
-3.045730859174282656e-01
-1.518713915971551254e-01
-6.927687952997985121e-02
-3.699829922033029961e-01
-3.228592102479044268e-02
3.694007788782869284e-01
1.628547009104877874e-01
1.005530398601848507e-01
-9.492618942799346815e-02
3.233235149445876644e-01
-3.984692257871741417e-02
-3.882202726252907410e-01
-1.255056509256071429e-01
1.209367352564632569e-01
-2.017419191984218263e-02
5.586555661973338083e-01
-8.566714591062383199e-01
2.796671703173678192e-02
-3.620309992789856879e-01
-2.585566960399927616e-01
-2.271224275743379817e-01
3.542936855594909229e-01
1.015301740696873123e-01
8.955817702857604701e-02
-2.798199513283836648e-01
-3.205973096523075938e-01
7.888896108805348861e-02
4.940468950965351547e-01
-1.683674898149861432e-01
-2.241690780966966168e-01
-1.443884643608936424e-01
-8.712029585936531539e-03
-1.013005006291879950e-01
4.186044377990532084e-01
3.058392678915722307e-03
-2.716968379303004721e-01
-1.075076784740841562e-02
-5.800791358652968022e-02
-4.559430790753436491e-01
-1.967489823952699168e-01
1.045257814667416851e-01
-2.975950116671662871e-01
2.341919683617377235e-02
-6.945849137101750559e-02
-1.378161671040664671e-02
-2.584473205743713642e-01
-1.411872558812083955e-01
2.333146850208628331e-02
-5.333922732288542967e-01
-1.443780601034939381e-01
2.226990390092098426e-02
-9.475899055041098196e-02
2.578467867664953062e-01
-4.102333446385764693e-01
1.033085661788160914e-01
-2.166130783945708904e-01
1.209451181661208574e-01
5.090272674823487220e-02
-3.244067522564982875e-01
3.379808867311231979e-02
-8.506341238669065663e-02
-1.128381845464420385e-01
-4.520743174299193257e-01
-5.531149786157312231e-01
4.049908755844329744e-01
4.183879577056395793e-02
1.951068085114662787e-02
1.173548628871999566e-01
5.365430312686251257e-01
-3.090982564369604835e-01
-1.798202551128068871e-01
-4.982046532620569845e-01
3.439413008984553155e-01
-3.591966177644650982e-02
-3.205266241574102892e-01
-4.958679363180630850e-01
1.315829049624294700e-01
2.686518485186658589e-01
1.468839706637337927e-01
3.518891968520130309e-01
-1.625894541887465683e-01
4.244453975533085677e-01
3.567416417385271821e-01
1.588589705717294021e-01
-3.069165640577193876e-01
5.064560343768689243e-01
6.599308032474404673e-02
5.291427530759564846e-01
2.026813634592871116e-01
1.886362231365860953e-01
-4.075877133969674215e-01
1.187284311782948187e-01
-2.118537221486449795e-01
-2.742582711818126739e-01
-3.242477310724736772e-02
5.039733378276404219e-01
1.465358246879634174e-01
-3.004058561403026850e-01
1.567664398818622018e-01
-1.136854863278195515e-01
-9.844127860679335873e-02
-5.676655413074607193e-01
2.479186955917762336e-01
-3.225090625920370990e-01
5.876171910349203831e-01
-2.262249013181447943e-01
2.078397324762674414e-01
-1.803888777346164540e-01
2.303404950367222426e-01
7.354904293557817940e-02
-9.722955815862249773e-02
4.490691280001792296e-01
-1.884814420310238214e-01
-9.374104747040243324e-02
-1.266037970611383345e-02
2.118953612787038143e-01
-4.893901879769766983e-01
-1.429927015397753354e-01
-3.101869439464057798e-01
-6.753481910869096883e-02
-4.623201528302913754e-01
3.145453329526750608e-01
-1.229005544117475479e-01
1.160098048858553277e-01
1.518839370556857027e-02
-1.316452153153445936e-01
1.554323376879148677e-01
-1.379435945392377683e-01
2.928633500993165217e-01
-1.518919251603176868e-01
2.580665277647165023e-01
-2.908852275093826156e-02
3.131613636731017669e-02
-1.288315743754211429e-01
-4.287064755212445233e-01
-6.740561904433167717e-02
-1.066418879589686175e-01
1.959281602199822170e-02
-2.806024366893624111e-01
1.787218078352429962e-01
3.569887014081324361e-02
3.467876261620510547e-01
2.273390689126928432e-01
2.050288483059292677e-02
1.655145545488158065e-01
-2.277467682169312113e-01
-1.734196867707057943e-02
-1.946598292166220323e-01
3.967351974399577208e-02
-8.360208992377676784e-02
-6.278406051991422543e-02
-4.221259247475609988e-01
-5.692288253776461859e-02
-3.086086082855730717e-01
-1.397566213058538120e-01
-1.375071527253321213e-01
1.280620454525073781e-01
4.190093733846959045e-01
2.058544896944868030e-01
4.901652813176299306e-02
-3.013692959561951046e-01
1.556214765361467744e-01
1.226062151820800361e-02
3.444917768306989814e-01
-2.286721264196901193e-01
7.956423072788793016e-02
5.932327074921434074e-02
-5.607398434811394772e-01
7.446597480313627004e-02
8.211228992370295243e-02
-1.679021855372055949e-01
9.804236557703427390e-02
-7.394321810011847407e-02
5.333918393261283253e-02
5.498289484983800990e-02
8.227310723543102000e-02
-2.527451575247544047e-02
-3.083321772722776855e-01
-2.263579091164536761e-01
2.960797551530811589e-01
7.442273442304830899e-03
-1.938681693384888827e-02
-2.161815858945075608e-01
5.347618961487135003e-01
-2.156755117468229233e-01
1.049944663757627350e-01
-5.792677418594704974e-01
-2.020926336339403662e-01
8.894277283800511302e-02
9.084602711946154763e-02
1.861436743098227320e-01
-6.154618262133934592e-02
1.561248706171114720e-01
-3.865509625599796717e-01
-8.498334449858871431e-02
1.512723914784459001e-01
2.381050404230857509e-01
3.129140069533437041e-03
-4.639790550175455497e-01
-2.291944308254914575e-02
1.672892833688210956e-01
-1.542174332854961416e-01
4.789630293003516170e-02
-4.006223784649200481e-01
-1.939367262215596355e-01
3.546760689250932908e-02
-4.723148802352201137e-01
-1.353639061200348215e-01
-2.642182133549200174e-01
-3.926842569870947486e-01
-2.977355911617068918e-01
-1.028948846720135202e-01
-2.505782652674675148e-01
-7.378720208554065407e-02
6.019686423237931017e-01
3.154868512088074284e-01
4.640138594918119530e-01
-3.038904909789723607e-01
2.642422929840844148e-01
-3.287210106402338461e-02
1.279610942154662812e-01
4.686227426360364268e-01
