3.814170073045108217e-02
-2.573088709282494446e-01
5.164459224147982530e-01
1.685310149854408468e-01
-3.358337585712839468e-01
-2.174603080160880664e-02
-1.224059682159333029e-01
-1.298763060577632356e-01
-2.532667134957247018e-02
2.087353564314927690e-01
-8.601020651530594252e-02
-1.291288283612550547e-01
-1.290454503125025576e-01
-2.326824437866225614e-01
2.114888942986927478e-01
-2.588479494714802098e-01
3.963100164522320723e-02
7.893299829827921110e-02
-2.016086554413074050e-01
7.301285403340071478e-02
1.765691844365183116e-01
2.990388857631323116e-01
1.050889943058056220e-01
2.453026646768465546e-01
-2.576735671142740824e-01
6.125796533792937648e-02
2.243749911728423474e-01
7.980884447419031580e-02
1.604448165732391685e-01
8.939140381924402801e-02
1.795997896023401874e-01
4.009834908963546551e-01
-7.234683798222908691e-02
5.314115058856584695e-02
-2.262668193361374314e-01
-3.991373689775343792e-01
1.716244683157194806e-01
8.161261371047326407e-02
-4.196415719115494936e-01
-1.821600407738493133e-01
2.199265551882181036e-01
2.831492431938619769e-01
2.668574419706803980e-01
-1.430373156633546750e-01
5.716198494698031540e-01
-1.551656621066462849e-01
4.055457399766848603e-02
-5.070400363933383336e-02
1.634006067242288474e-01
1.955606011124881860e-01
-7.629587486728030277e-02
7.662946075367292609e-03
-2.306817510011865413e-01
2.341018736270446265e-01
-1.159674771141354088e-01
1.749265822834917411e-02
-5.418405258375928735e-02
-2.348926264867778058e-01
5.824369441311885026e-02
-1.376069560792774205e-01
-3.342876865516508644e-01
3.139443898833090829e-01
-2.460244346357192968e-01
-2.375827995727312070e-01
-8.408250094965952215e-02
-1.849488391812054849e-02
2.047656688394017543e-01
4.839968792242925200e-01
-1.094539196763515965e-01
-3.317614695925943380e-01
-2.584900373995421274e-01
-1.596468669125438999e-01
2.308119805255987034e-02
1.619962541340385087e-01
-2.814983883065247383e-01
3.495606206205621458e-01
1.196214954028682054e-01
5.541973411229133006e-01
1.185945063816677136e-01
4.400094019710370369e-02
1.833862864167131179e-01
4.030612382509592140e-02
-3.072996821317480753e-01
-1.610255557931488113e-01
-2.636669248754731909e-02
-3.292895539075209044e-01
-8.991843034872920581e-02
-1.916996270157289017e-01
-3.003575997213576987e-02
1.470742605268645919e-01
-1.021931018709260480e-01
1.856530831797547632e-01
-2.008083799296147831e-01
-1.400206888811788009e-01
-1.952975502717042844e-01
-1.049792165041848330e-01
9.258986360542978411e-02
-4.680124687578294806e-01
-8.135133704178140746e-02
2.347906487535015296e-01
2.709453530246700437e-01
2.081321895006221778e-01
1.232978040955844401e-01
-2.145312775314814069e-01
-3.589234160673229757e-01
-2.462935335349639154e-02
1.886478379822100482e-01
-9.559765351365379082e-03
4.075851271136992082e-01
-1.486152639945989007e-01
-6.020001103014365612e-02
3.808344584539739008e-01
3.305496288752959866e-02
-3.003697361375105152e-02
3.589300947295506056e-02
-7.012309474349479044e-02
-1.345554358296507935e-01
-2.442277726044742303e-01
-1.252248939352474666e-01
8.921241181777227192e-02
4.815926356604362246e-02
2.037144292199605800e-01
3.761112476018174666e-02
2.319722407421075938e-01
-3.717563660306424933e-01
2.365545573231476462e-01
-4.685932669611169721e-01
2.629493834039176026e-02
-1.080778939841974262e-01
-8.145784874516742713e-02
1.040707841708551906e-01
-3.193352556761528405e-01
2.763393557018886115e-01
2.675968520403616824e-02
2.101767587037169926e-01
4.142536333642828916e-01
-1.893192466127996965e-01
5.804617849006497160e-02
-1.964325889369476774e-01
-1.490625795616428162e-01
3.337717258417982613e-01
-9.325249804503010775e-02
1.942050307172843437e-02
3.835396646772399887e-01
-2.342687102490084161e-01
1.029143983310369936e-01
7.236987964194924183e-02
9.637835609707398610e-02
2.172759000868567658e-01
-2.578829530359502131e-01
1.758714395531374985e-01
4.166684080178175709e-01
1.565048112908096201e-02
5.220790214533482798e-02
1.828851214592772667e-01
1.740765871676699383e-01
5.055100459422446901e-01
2.800201238854929109e-01
-1.378839553252723671e-01
2.238337009336505423e-01
1.001844497418626634e-01
-2.300333326332411055e-01
1.270873149895679344e-01
-1.056460127872598520e-01
2.634820103888163012e-01
-1.843546719436214842e-01
1.622655429698916518e-01
2.548088145662612547e-01
3.472438381409800323e-01
1.471649670460086767e-01
1.558641172868539121e-02
-2.253067533323771521e-03
-2.128224038543097552e-01
-8.326812794492327585e-02
5.175910220557349006e-03
2.659310761965976710e-01
-2.175900391428550740e-01
5.622781894067194197e-02
-2.676048303289619845e-01
-1.381186652724018527e-01
1.942121673165556062e-02
-4.422614638841886325e-01
-5.284122692765768070e-01
7.408964702826360826e-02
5.503304008158393934e-02
-9.302582958151922599e-03
-1.815288748278209852e-01
-2.404928642492425162e-01
9.832418834692885357e-02
1.206194684271233858e-01
3.519822047341912841e-01
-2.758688180315171934e-01
-2.751775921504877043e-01
4.326718734032189428e-03
4.900513893623975603e-01
3.707045898463072753e-01
-4.673508441678825287e-01
-1.829073800318447851e-01
-2.070933814782014992e-01
-1.362172999772246207e-01
6.665007195730895950e-02
-4.834186101632852450e-01
1.392033527389479608e-01
-1.737398927103006585e-01
-6.356527986737162128e-02
-3.749057463983879873e-02
1.464719251956540236e-01
2.097496690868974056e-01
3.009648643340830099e-02
-1.474080749648991329e-01
-4.340810581619354291e-01
-2.098314442545047287e-01
1.976289297450420368e-01
4.364884866792146934e-01
2.986152133772138617e-01
-2.437948676806208637e-01
-1.823033392913171458e-01
1.982136175901219322e-01
1.118987528886888350e-01
2.144813174499685671e-01
-1.057500207817275162e-01
1.522059390597799988e-01
-4.762459565458976307e-01
-8.293237149399723673e-02
4.318165668519061140e-02
-6.597694765207415268e-02
-4.119067782972169467e-01
1.719189779716409350e-01
1.110753094362301324e-01
7.084465317082833113e-02
-2.857322459216474764e-01
7.748900756846838211e-03
3.234595092901484392e-01
1.858283403026553537e-01
9.691897247288042139e-02
-4.323806087538262233e-02
-1.846836482807059365e-01
-4.055051448444329382e-02
1.947273149732972608e-01
1.480617333325837948e-01
-3.357607727128107400e-01
1.193197047861664639e-01
-1.023621037022143798e-01
1.589637733284990917e-01
9.691013050195890211e-02
-3.246557688099216410e-02
-6.665339542003216600e-02
8.454405087601460367e-02
4.065246534124032363e-01
4.382948241542358181e-01
2.643408840720007369e-02
-4.375561136008573326e-01
-1.657480445724409390e-01
4.365811546675344990e-01
7.320070768068676070e-03
1.097951398040753757e-01
2.250877372961612166e-01
-1.566544395510677257e-01
-2.011068597280724068e-01
-5.927733372540114343e-03
-1.441744441159350798e-01
6.243903938010908483e-01
-2.562988677357108669e-01
3.293379180600831957e-02
9.652048968942707197e-02
