1.120668995376399163e-01
1.539870736886667368e-01
4.681778307293344432e-01
2.397405023224412068e-01
-1.389026608195975954e-01
-1.176864839613457059e-01
1.659484673934618626e-01
-3.130217835173310093e-04
-2.008699554200182313e-01
3.267588116173124613e-01
-2.152302670880811286e-01
-1.054473444006348015e-01
4.507713882410090411e-01
-2.422372617381436319e-02
1.271554008491328491e-01
6.144912437542032757e-03
-3.393642014435697130e-01
-4.750034815035890645e-01
-1.100697691034804582e-01
-1.788694805873397853e-01
-4.866374658027444733e-01
-5.949400300301697225e-02
3.949762622671350032e-01
-3.388022855392951449e-01
-1.951474023803467794e-02
1.576559933010475700e-01
6.015355602271344609e-02
-1.865559860958571070e-02
2.978373427321878708e-03
-1.064508395133154095e-01
-3.144978028599503261e-01
2.004140267162428379e-01
-1.007192521877929986e-01
-1.122177050657454656e-01
-2.475328328596695382e-01
1.368774268604058264e-01
4.718955877185614378e-01
-2.094226260662412215e-02
9.757554781601507354e-02
4.609835939866824828e-01
-1.465771442193687657e-02
-1.979050885635046109e-01
3.418461805738508552e-01
-1.981001753618440719e-01
-5.846278046471664602e-01
1.396671787184716462e-01
-2.331001039618750270e-01
-2.004708446984155013e-01
-1.044164994436105887e-02
-6.074571673684328599e-02
-3.937901557275686609e-02
-2.022341720349388750e-01
5.263779915028845430e-02
8.620266125314712813e-02
-1.745960667423184232e-01
4.492833361460098485e-01
-1.422434992709528112e-01
-9.034505016417296308e-02
5.271304199808624080e-01
-7.564825602213137712e-02
-5.444144034326037218e-02
3.465011587867317111e-01
-4.144236609687247663e-02
-1.909257775496370213e-02
-3.487062551169572422e-01
2.488922059435122180e-01
-1.146419356524305960e-01
-9.171019526797785648e-02
-3.305721323437576520e-01
-1.280587104690988631e-01
-3.082670334864745509e-01
-8.298488371905041183e-02
-1.577272324391114644e-01
1.925274034578753901e-01
-5.548207930048910663e-01
7.373658419156269017e-02
8.256663101208955302e-02
-3.571050102643434920e-01
-2.977641451601586997e-02
-2.354070002652061677e-02
8.924075830246394614e-02
-3.072203992114533322e-01
-9.263102127053426948e-02
-1.850909900912433570e-01
4.955613771538189827e-01
-3.479280766099114297e-01
2.738138963480765131e-01
4.606993245540708104e-01
-4.482628709983930981e-02
-4.997895733722103051e-01
2.931833299164030571e-01
5.958341855174495438e-02
5.137995155473245451e-02
1.887731733959483460e-01
-1.196789810421999556e-01
-2.126307273113216822e-01
2.838942300213236347e-01
-2.447044893097365392e-01
-1.485825077574869368e-01
7.400929628822247586e-02
-2.666065748619033116e-01
-6.124980704427021028e-01
2.260302117679668099e-01
1.882450592642782028e-01
1.862486422724249358e-02
4.586922670149985448e-01
2.036097918775771620e-01
-2.343874786860152271e-01
-2.369446017717070085e-01
-5.740817942283189534e-01
7.297557948100035219e-01
2.129705900222743364e-02
4.497465619815810278e-02
-1.306208610165939497e-02
-4.552851995517900874e-03
1.381697422589171498e-01
1.147244229589247655e-02
-2.403981870141569388e-02
-3.532370034441778550e-01
3.285370054601284839e-01
1.633446974261573703e-01
-1.796306894380053920e-01
-2.166915938387583007e-01
-9.147529787662905809e-02
-3.165917979172257479e-01
5.254031742693698187e-02
-4.939208723100591003e-02
4.741385379249465348e-01
3.579331169807740687e-01
-3.338688111321749252e-01
-1.407184860854447661e-01
-9.979618294083945906e-02
-3.152353525896277320e-02
-8.847782102186992070e-02
-2.690348134742310271e-01
4.338567905247869838e-02
-2.753835626574751561e-01
1.787744071119277689e-01
5.462384051457331441e-02
2.147510657534377199e-01
1.849580947100942785e-01
2.210499364040657277e-01
-2.132566702557289195e-01
1.063363368392640229e-01
1.297656920047400853e-01
-8.225548373511042122e-02
-2.850030710751462193e-01
1.870856872798616621e-02
9.906954721587621360e-02
6.316089048045353538e-02
-4.901025526662945442e-01
3.078221428331448517e-01
-3.391666980446541579e-01
1.507948708416267658e-01
-8.315398931510892266e-02
-1.177576899395088861e-01
-2.666264316693048864e-01
-1.824298094267963466e-02
-3.353558812003290535e-03
-8.099389688505710672e-02
2.226215244697275497e-01
1.968873246843504399e-01
6.745686017860499928e-02
2.440772298134316343e-01
-2.516061162599489420e-02
2.045823489964742614e-01
-2.980267251835911832e-02
-4.697205735710462404e-01
-2.326993185911682693e-02
-5.963787995179678503e-02
2.283686408065788154e-02
4.191538922991036586e-02
1.526099122635870275e-01
-2.388908243063030401e-01
1.120808673030345981e-01
-6.236226035373985954e-02
-5.824815046622418002e-01
1.603960256883416036e-01
-2.164116334225350824e-01
8.294945428578305580e-02
3.884804897472616259e-01
-2.025814872467456007e-01
-1.202686660337259350e-01
2.794001903620069727e-01
3.745299730152358841e-01
1.076537791008536499e-01
3.137227344451591349e-01
-2.281353478820159070e-02
-1.510574055897948020e-01
6.577892989986436345e-02
6.600118200422651349e-02
-1.881672733837066458e-01
-4.344596865297079696e-02
2.513818158016426496e-01
-3.159658749937267058e-02
1.047914867719107468e-01
-7.192263827015503708e-01
-1.725505627829365396e-01
-1.633527717184523609e-01
4.809391083176236398e-02
1.628916288025696879e-01
-3.407797661902763897e-01
-9.006387626572173732e-02
-9.098136589071013913e-03
2.041263998500219556e-01
9.711998151230558096e-02
-5.923645757762822928e-02
-4.226867902829797158e-02
1.530127809486947210e-01
2.845216800307489580e-01
-5.133811110005652711e-01
-6.683119659753808395e-02
3.674203784054644872e-01
1.059522453693810262e-01
-1.906625339416575804e-01
-2.638321961818533845e-01
-6.342661061146563639e-02
1.894311428229281807e-02
2.521105140520530918e-01
3.611513648081436934e-01
3.966800034690303178e-01
4.944737540983061563e-02
4.642488158219043037e-01
1.055908291117272912e-01
-5.253320615587667164e-02
7.984051449391635358e-02
2.398459520354978003e-01
1.603437854872273860e-01
1.083489782765239273e-01
7.426860385352672400e-02
-5.434430438234674754e-02
-3.162594404135782300e-01
-1.924580762810452206e-01
-3.567696117400492861e-01
4.080677674490115758e-01
1.708285350862594476e-01
-3.250398299710288708e-01
-4.159882892110720043e-01
-4.377136066943562720e-02
-2.864726059127071234e-01
-4.405707712164414480e-01
3.301988287473333061e-01
-1.779371094999492031e-02
1.844801602373994376e-01
-1.491464865192524414e-01
-4.468274211950439834e-01
2.430250244922703418e-02
-2.204952934904933493e-01
-1.294854452515990517e-01
-2.225367769820547625e-01
-5.503582752488374308e-02
3.664620675855050080e-02
-3.818285163663667214e-01
2.307988804191966337e-01
-1.050479045753905938e-01
1.179007101084234843e-01
-2.166419971155162383e-01
2.232371837508062007e-01
6.694688220108865884e-02
-5.850260338240274860e-02
1.835511943299973914e-01
1.051096765750270112e-01
1.003422291878642014e-01
-1.402493783355659995e-01
2.033072201119862921e-01
