-6.027978882674478456e-02
3.876663740664103019e-01
-1.253202408008965429e-01
-1.682101072352088986e-02
5.719842691471962309e-02
-6.252542637257556546e-01
-7.464441893569773168e-02
1.510914826745464179e-01
4.313587664743212535e-02
-1.591763762877464183e-01
-2.720966922238055030e-01
-2.443252307907331777e-01
4.848824734342295217e-01
-3.035601097094620671e-01
2.604797338803958029e-01
-4.333748196752721382e-01
-1.903337124656938606e-01
1.508943114512483613e-02
-9.178107128715081852e-05
3.943803148714041251e-01
9.253204937387989049e-02
-1.348599510192333706e-01
5.485046687851829333e-02
2.303960772122373157e-01
-4.640595270359781921e-02
-1.621343861625692551e-01
2.289520831909266918e-02
-3.026660951305866210e-01
6.215054424503797109e-02
-1.153032222047164490e-01
-1.088819641643364033e-01
-3.396078352336025508e-01
-2.215991641265888379e-01
5.319338996929405539e-02
2.861863578133930219e-01
-3.240546184672462582e-01
2.598833319317638280e-01
-2.831037109331588364e-01
-4.365542541272105295e-03
4.574349901106442018e-01
-1.229477729838464595e-01
-7.996132852095576282e-02
7.644932417429217697e-02
-2.244789843256889406e-01
-4.315938816016680057e-01
5.789434669457222959e-01
-2.821938945907976476e-03
-2.200873849694052753e-01
7.014261214026876190e-02
2.151259213924565095e-01
5.524150598575110899e-02
1.129315823230377935e-01
-1.057475625989734158e-01
1.610378841911074832e-01
-3.284156993255812895e-01
-1.391431669656119641e-01
1.938934946894697031e-01
-1.680560210375680597e-01
1.600021203974826278e-01
-2.199921957642971271e-01
5.411598584285257085e-02
-3.179528128726007152e-02
-1.078889131723553274e-01
9.709427226381536769e-02
2.370338799201405222e-01
4.768430392095250325e-01
-2.536853220629148656e-02
-2.061690412682950502e-01
3.361716383147949627e-01
1.792278747235974412e-01
5.874214742141659062e-01
-1.048252290455748137e-01
1.003473513826061252e-02
-1.859390856046222451e-01
2.915222468214589274e-02
-1.369128773361548146e-01
2.348576998143110661e-01
4.149000676124937614e-01
-1.236479922927648939e-01
2.322460252101288536e-01
-1.769448043352507272e-01
1.697282934060329040e-01
-1.962518878695699298e-01
-8.594361860945760878e-03
-5.143486877097380727e-01
5.123397708725113339e-03
-4.043341039090754818e-01
3.747951362788074642e-02
4.118629692917686880e-01
-5.256083486394230730e-01
-1.656101246950592021e-01
-1.634404331046129810e-01
1.456301619461030095e-01
-4.574836156482805505e-01
4.257485843888159649e-01
-6.188585842482609289e-02
-2.367546663542950958e-01
5.537070152010811763e-02
-1.635651368826258056e-01
1.883150284729864232e-01
2.356915858308025191e-01
3.058923259758882796e-01
6.884657627639630129e-02
2.448223696382770542e-01
4.465822405802512968e-02
3.109493543307449426e-01
-2.292846990152668241e-01
1.399267890217374966e-01
-2.164679022470325509e-01
2.213929555820947082e-01
2.936659033942224384e-01
-1.346352191763303119e-02
7.761039324194939949e-03
3.365536322624638199e-01
7.168662810748156755e-02
1.416616265152643994e-01
-1.700706656401563821e-01
-3.195130455565891453e-02
-4.776034209804158048e-01
1.315758662996262540e-01
4.639122971043910942e-03
3.886247709808164918e-01
-2.547427463936690062e-01
-1.052966558759145521e-01
-5.251514318739810561e-01
-1.950231155782098935e-01
1.565573624541699918e-02
-3.035082987466589666e-01
9.806623904515001516e-03
2.139216617103732176e-01
3.274203370713696382e-01
1.196360144650252394e-01
1.959690860219691633e-01
-2.352382500489234030e-01
-8.952475147226750252e-02
9.217728018699568315e-02
-6.643111882825993852e-01
2.244798041780388664e-01
-4.795413522729350536e-02
4.664013743937313328e-02
-4.089065881234567323e-03
4.334737263677512220e-01
-8.053239241618065369e-02
4.430576947608231286e-01
-2.807228327123565959e-01
-9.432003404949404479e-02
-2.623083353225621681e-02
-2.679721931680905112e-01
-2.625176741371264555e-01
-4.303373654581199026e-01
2.526534812891366166e-01
-2.881878154689592186e-01
3.419443332026084192e-01
-2.681072080033217730e-01
-2.378238652897112504e-01
1.745465621315706040e-01
-7.748772269052611739e-02
-1.315185104283102813e-01
1.193978535623945458e-01
-1.501994601531906892e-01
2.314891242842470609e-01
1.740417547062212966e-01
-6.491347857333946980e-02
8.688437208878732609e-02
1.916569532708341794e-01
-2.019201356743929032e-01
2.102430986640800303e-01
-1.632614393704985845e-01
6.714499689812894467e-02
5.396010525193170593e-02
2.842803660714356973e-01
-1.830674418440544349e-01
-5.095145516926729012e-01
4.603851164764662385e-01
-9.046734138977982620e-02
2.324312668546723581e-01
2.504709761882156216e-01
-1.014842507824726403e-01
-1.427160179341993573e-01
-7.614898994938997662e-03
2.647201114463477722e-01
2.483111698400564116e-01
2.900863931689200426e-01
-3.690171302989077584e-01
-5.787839599126144881e-04
-2.020564379724048010e-01
2.111018255594804272e-01
-3.816802492765607457e-01
1.174875613529537260e-01
1.634431910576515379e-01
3.258199705784375344e-01
3.551227929373558800e-01
-3.710935453497188341e-01
-7.639558774576538092e-02
-1.038447555729380273e-01
-4.700288328267089588e-02
5.041863758720142030e-01
-2.314384607211019129e-01
4.020286979133854133e-01
1.023724192283090861e-01
-2.009450034459505374e-01
-1.301255002236484104e-01
-2.652808235363262046e-01
5.544282383629213495e-02
-7.939644159690256719e-02
-3.269738583198102400e-01
-2.304708771587373195e-01
-2.795337163450101747e-01
-2.406689690904364465e-01
-3.177235438355126562e-01
-4.958645465478039860e-01
1.924730619419784405e-01
7.921412838121730249e-02
3.724006228962571940e-01
-2.111813361490834096e-01
7.654031884421878817e-02
3.276762823213557607e-01
9.629150233686875615e-02
-1.786177118837373873e-02
-6.556190073807016683e-02
-3.853089761377533583e-03
-2.859336583331037636e-03
-4.812172102978267141e-01
3.779152243584052995e-01
-5.774665896875266075e-02
-2.883071129052816595e-01
-2.972097148353322060e-01
1.271893088047788001e-01
-1.044048397531851385e-01
3.319821104796395472e-01
2.977050318815933627e-01
1.138084342812329883e-02
-3.166078964552810349e-01
-1.680939707221672519e-01
3.763497048219736629e-01
-1.030769380044854744e-01
-2.598948266119293082e-01
4.397258444474710926e-01
3.352821528714474697e-01
1.377887254653062665e-01
2.675758438034481212e-01
-3.844641104330288536e-03
2.468460062457029369e-01
-2.189778129423569086e-01
2.843911179978347858e-01
-2.451459935750052721e-01
2.089155849656181008e-02
2.140307382761105770e-01
3.499152080720686064e-01
-8.066316471816678546e-02
1.464737119042868185e-01
-1.529342260138324971e-01
7.593931068497258852e-02
-1.948370312619824296e-01
2.939609241279133034e-01
-2.000676902069924434e-01
6.028639314534001148e-02
2.877021899864425913e-01
5.007274151603766793e-02
2.045569397680507828e-01
-2.808200944114391251e-01
-5.358266096880757168e-01
1.200489771043895537e-01
-3.394581884498479307e-01
1.628167786816035745e-01
