-1.220972558926265439e-01
-1.834535316881900080e-01
-1.362853608352722068e-01
-4.756539692328244362e-01
6.810178371849338053e-01
-2.350193975326883011e-01
-3.201228336266984664e-01
3.010671644657247903e-02
1.365967347953289668e-02
2.896692046251139185e-01
-1.886997585804556232e-01
-3.903688825587137146e-02
2.641422264672799169e-01
4.501532588106433863e-01
-3.927187689157907169e-01
-2.823858802424418224e-01
7.574607471775518519e-01
-6.326467601510721295e-02
-4.516968332877399073e-01
-7.087548402090685373e-01
-6.793552090261228971e-01
1.718475548984172985e-01
7.617534083330388395e-01
-6.677268849174868848e-01
-4.921962025618191738e-01
-3.870042568532098270e-01
9.241776775708208103e-01
-1.143495667724501175e-01
-2.642654273083882011e-01
-5.217094706991499686e-01
6.304657392292174478e-01
-3.416850140569026584e-01
3.894944957958083043e-01
2.457751588744231386e-01
-3.899096978864305951e-01
-3.004358495610611746e-01
-1.315189890225390013e-01
-3.063176080750418251e-01
1.722708143375543122e-01
-2.126245962696285963e-01
8.873979174345603127e-02
6.559049703895273309e-01
-6.113314639478140133e-02
-1.683961261510251717e-01
-1.298467847808087994e-01
8.850131012004328612e-01
1.657566369607565981e-01
-2.727910709285893409e-01
4.864189225869151034e-01
-7.252934443836323020e-02
-5.888863241615708288e-01
1.008164494875557482e-01
5.063993311924928076e-01
8.230093603832951965e-01
-1.583056436128791322e-01
6.614646284658600717e-01
1.638313630633222440e-01
1.830805011080681721e-01
-1.829518019040170529e-01
1.370883901705731711e-01
1.078627819831624590e-01
6.751967892928518733e-01
7.596591674500577929e-01
3.307625895483703449e-01
-1.586143027499842262e-01
-4.414802067584894241e-01
-1.699833008948713475e-01
-6.757307741036400195e-02
-3.256354938299652613e-01
2.284034096692481031e-01
-6.237696416968785407e-02
-2.502704302096372402e-01
6.366642221855222106e-01
1.584558186611628727e-01
3.056801018511806634e-01
2.109987612568166027e-01
2.188999488978865537e-01
2.368765750463647235e-01
9.259112183772078009e-02
-3.533843586148471827e-01
5.249664221055714286e-01
6.109403376665024643e-01
-3.463400422473539297e-02
-2.694074894519590258e-01
6.396287298009006861e-03
-1.206539189300268600e-01
-5.208374690037781418e-01
8.820074304499232465e-01
6.033440352091937742e-01
1.116735227640568429e-01
-1.106763455667454377e-01
-2.493128849613618359e-01
4.997166264812256120e-01
-2.947745057839178395e-01
-4.036710373037674104e-01
1.119745659821398398e-01
6.546106078505898873e-01
1.739585857484116094e-02
-2.379133482706630165e-01
-3.859210366205342302e-01
2.601853565708530658e-01
4.900850604990921733e-01
1.192419289198286547e-01
1.571878413589640200e-01
4.426007194591401461e-01
1.282978767199273173e-01
2.884450295027143341e-01
-2.893708654763182953e-02
-3.216068688446027668e-01
-1.537056253723514399e-01
-8.086470135394419056e-02
-6.589831816867350867e-01
-2.119733260884779646e-01
-2.982680845207920095e-01
4.817986536322775848e-01
-4.175061921791947128e-01
4.641210655826404352e-01
-3.019433613116889736e-01
-3.312193127864166975e-01
-7.156967997288041783e-01
-2.001329098439769139e-01
-1.817914673452353247e-01
-8.668778824437906039e-02
-7.245201533174562281e-01
-8.255797576927337289e-02
1.745376361023475154e-01
-4.494303174140507062e-01
1.677748306558520808e-01
-1.381376208457291144e-01
8.115064420029381997e-01
5.302145304852190488e-02
-5.872949611667548364e-01
-1.543659390391178832e-01
-3.932035671303412139e-01
7.024331665567828953e-02
4.998832191380400136e-01
1.313891933356724495e-01
-2.162892069720534494e-03
-1.732198400745998956e-02
-1.667898340116668043e-01
7.494047724984883585e-01
-3.714833120951948064e-01
3.715318223657293473e-01
2.856381094261335463e-01
5.645343824857238513e-01
1.023377632196815767e-01
-3.675418314564858902e-01
-1.320030440470204569e-01
-3.243586079540194955e-01
-3.401077062458069955e-01
1.636034047803206493e-01
-6.385408976992472674e-01
8.187567868564760154e-01
4.127238553274992228e-01
1.390910865108887506e-01
-7.638778662860146174e-02
-1.082129436941273726e-01
1.799202810360027716e-01
2.240976332862280040e-01
-6.020079473268075132e-01
3.454385005157942778e-01
2.602478524693887518e-01
1.101080161535782365e-01
-9.037707185729915160e-02
4.678136789579856458e-02
1.528205425212744162e-01
4.485240815186991581e-01
1.020709791505450825e-01
-3.399820269178100984e-01
-2.712304086666486036e-01
-1.549526088029274939e-01
3.661617913805318425e-01
-2.688901404935076789e-01
-2.593212271303345640e-01
2.583736428805460950e-01
5.729855643505166185e-02
3.897014636039325408e-01
-1.195297521008963360e-01
1.313989620188488194e-01
-6.347054145699034811e-01
3.373977980036698687e-01
-2.638938486796510441e-01
3.259136846653313269e-01
1.019477989616117686e-01
1.616777694511877250e-01
7.848973949940719619e-01
4.961101962567714407e-01
-9.230151630397720464e-02
-6.823166609203316080e-01
-7.641262132017390130e-02
2.671276139870409905e-01
-5.647065488474434236e-02
5.590189325123418040e-01
-2.781116200938885674e-01
-1.066169572592421400e-01
7.559089505747622617e-01
-7.077414949923699350e-02
-5.536285376256833146e-02
2.203094957577581559e-01
-3.681944132174654882e-01
1.815305114887821869e-01
-4.336374583549255091e-01
-8.137705479287516974e-01
3.888644949917982041e-01
1.720019640843737374e-01
-5.361121991322681524e-01
-7.346314324979777988e-01
-7.775514723819287877e-01
-7.291173803312143153e-01
-6.419300703295938160e-02
1.214665405812040966e-01
-3.354119662556482862e-01
5.297938562859034750e-01
3.280847671983114777e-01
7.405128041398745253e-02
-6.764985718273509585e-01
3.925543369707031882e-01
1.065947508199185378e-01
7.824058118639432013e-02
-1.326388851951454395e-01
3.559258301577381545e-01
7.434677608441597751e-02
5.578968386794006529e-01
2.240534943625875908e-01
-7.271007693052103926e-01
-6.476289782130248973e-01
2.499923087388509213e-01
8.498115494071922793e-02
3.939475407985438826e-01
8.577679393256075757e-01
-3.963130235053697881e-01
6.981716826228391293e-01
1.607439806135408933e-01
6.433469331590768725e-01
-8.578896110484557358e-02
-4.740458268726487345e-01
1.092362864793953170e-01
5.489077270957433141e-01
1.985682604948486585e-01
-4.329072829233611142e-01
-6.965965002683035534e-01
-5.086157894013458858e-01
4.660076769025005561e-01
-4.492007585473439812e-01
-2.537612484343608754e-01
1.586687186240930414e-01
-5.617580248577244140e-01
-1.868010432457951620e-01
-8.765013823908448520e-01
-1.714691738639119167e-01
7.002301182925807499e-02
1.183440689677319746e-01
-2.723356204734694863e-01
8.147815566665527198e-01
1.468504940150721083e-01
-2.870458616825184439e-01
1.937913624023199777e-01
5.752250907512979072e-02
1.598212718631232265e-01
4.844053870600032452e-01
6.149849616795702856e-01
2.601080565199846983e-01
-4.333377493607263320e-01
-4.690703415379764429e-01
-5.007458581823773791e-01
