1.044211459110639534e-01
-2.916708623949915702e-01
5.889661554372209451e-02
-5.476739608799634923e-02
1.316635994754461192e-01
-1.488467171590176497e-01
-3.983017017721216524e-01
2.512925195311923598e-01
-1.201555128382428561e-01
4.920293878754387618e-01
-1.762322242155251462e-01
5.432334622920086814e-02
3.383991141068982689e-01
3.120902864377646333e-03
2.236275365536377069e-01
-5.039458828880574170e-01
-1.595510936512960914e-02
5.120621398682243530e-01
-4.499475632032783334e-01
-3.641702631064107631e-01
1.039985775247344590e-01
4.320131603936342435e-01
-1.851692484269186478e-01
4.949242159839563060e-01
4.163402452128652786e-01
-5.104464280754738431e-02
-2.854432726805967713e-01
-3.115800447244352345e-01
-1.906335157479299713e-01
-5.139301944835033414e-02
-1.428751403748619586e-01
9.227035601919782171e-02
-3.406318418799853670e-02
-2.206942891726742240e-01
3.269417600117992539e-01
5.990024876044521829e-01
-3.425301562055293458e-01
1.124409039465994187e-01
-2.521759909240327557e-01
-2.557481292560078584e-02
3.096353105033707864e-01
4.037711688177133551e-01
-6.196767505273922255e-02
-3.000680898026472643e-01
-1.753322364492322927e-01
7.248609517292126277e-03
-3.992901555803368696e-01
4.382814316437836366e-01
1.409832336072928682e-01
-3.219500565622369637e-01
1.938634306494735338e-01
-3.603996993345714994e-02
3.145249007855478451e-01
1.896945143667799066e-02
-4.734427571071710972e-01
1.740358364151358694e-01
2.124232851945614120e-01
2.930953441278492111e-01
-5.548128874194483418e-01
-1.840369861383475969e-01
-3.288761980996212086e-01
-1.272439724767351898e-01
3.310617475954940603e-01
-1.933429068998436251e-01
-1.438343649343868380e-01
3.914324373510933430e-01
1.510771384297676101e-01
-3.651841242464323040e-02
-4.327581171063507037e-01
-1.368613679345157541e-01
1.563309716426022344e-01
2.316970328281535707e-01
2.007588588507678296e-01
-2.916085201538223259e-01
5.357884663206737841e-01
-2.133085330991633596e-02
-2.385846078941633031e-01
2.875013697438701388e-01
9.519592803261318903e-02
2.607543893193245421e-01
3.070226283780704002e-02
-1.259398445496124619e-01
2.199158175954338823e-01
3.331471775796054913e-01
1.334900944010738305e-02
-2.945388650942105668e-01
8.517101895953051172e-02
5.137595631949605224e-01
-2.024830164093861518e-01
-4.476684731432163389e-01
4.842613674827113135e-01
-2.772896662513771315e-01
4.102300810491529282e-01
2.000911264413702817e-01
-3.883600240832119077e-01
3.382753558006612038e-01
6.172739434266468761e-01
3.564154117941590889e-03
3.501149037182295087e-01
-2.855674683699232497e-01
2.196536909395362391e-01
-2.433991825913023876e-01
-2.502546711569210158e-01
6.286226690103979831e-01
1.026146988429166851e-01
5.395705097168226189e-02
-2.681104090892404979e-01
-2.387579204305422809e-01
-2.025900548596288042e-01
3.290322245937053469e-01
5.509681726095526644e-01
-9.995403256347422383e-02
2.338290049918104532e-02
-3.524368762533252042e-01
-1.218023517283717272e-01
2.518196979421841730e-01
-2.542851768010479518e-01
-7.023822635603368426e-03
-2.724998199257576692e-01
3.417203867970171616e-01
-3.434378209573306640e-01
-3.402945071399354759e-01
1.055892115980409524e-01
1.406273147603297469e-01
-4.008767418455421172e-01
-1.096365981157789576e-02
-3.691567819409525830e-01
-1.699910398891181784e-01
-2.576063164788732207e-01
2.491799496201972108e-01
1.556414641299851964e-01
-2.288945377465848030e-02
-1.416630076014931960e-01
2.019482288120122704e-01
4.160244554880002110e-02
-2.844111005738989562e-01
1.344757772267837423e-02
1.039720056282872618e-01
2.648150908508237755e-01
2.062595956147289522e-01
-9.534293781564972137e-04
9.430589600289170094e-02
-1.926499897878187206e-01
-2.521634004916009641e-01
3.255855157815721462e-02
2.778878671604101402e-01
-1.028168858110540262e-01
-2.817571864141503180e-01
-2.988614222090176797e-01
3.171684196912065157e-01
-3.670501257503900883e-01
-3.061020974795409799e-01
2.661479747311747968e-01
3.974757935574230183e-01
1.739657328587376761e-02
3.847685272687129121e-01
-2.309477242444281653e-01
2.981684658462756543e-01
1.926122668300954410e-01
3.109285845414760246e-02
5.847033232994035962e-02
-2.268575345627035500e-01
5.169405529829230739e-01
3.180716137633449736e-01
-1.243359589368785711e-01
2.341150451317401959e-01
1.008087823661448640e-02
-3.400804389031256703e-01
1.457158162412436342e-01
-5.827496066027412769e-02
-1.200971629212613800e-01
1.037096484533664570e-01
-1.222752403761034889e-01
-1.678369769220497965e-01
2.263435957211596961e-01
-1.311833578271721645e-01
2.574706013416821343e-02
-7.366416673538736526e-02
1.115697422763048119e-01
5.226618715794018044e-01
-4.109069536168751674e-02
3.335396205759413868e-01
-1.046479008974961766e-01
-1.189781119821774480e-01
2.139364699395138181e-01
-1.107589373214229178e-01
-5.969486768751552930e-02
-2.331209639252763699e-01
-2.754464557321390505e-01
-2.038624810667536980e-01
4.596153241084387497e-01
-4.016386424556898094e-01
-2.882480686524387450e-02
2.540776856622274371e-01
2.707626844675731781e-01
-3.048162465052773884e-01
3.460022249272853151e-02
2.381529151094553820e-01
-4.276406805174184228e-02
9.405439001329662929e-02
-1.328623565538794848e-01
6.617617803909717211e-02
8.444734448432500429e-02
-2.206745381893974456e-01
3.402639300031364833e-01
-3.011985875871548424e-01
-1.656616151442381613e-01
-1.483467651731143477e-01
-1.857342228721712285e-01
8.329200296674728332e-02
-2.542190610858635624e-01
-2.055945596905914552e-01
4.888267067264236987e-01
4.384332363974636215e-01
-2.329344153949632901e-01
1.643071441560223223e-01
-3.045231012947474669e-01
-2.592194611288209938e-01
2.943182629266526407e-01
-1.662844536783404691e-04
-1.879116330772668819e-01
-2.184404050844472589e-02
-9.303674922518434531e-02
2.828964634450089055e-01
3.077379144146233925e-01
-4.233813817036806149e-01
-1.335956028070381940e-01
-1.407613099990577266e-01
-2.134944278866784950e-02
-1.125171962360382860e-01
4.121441846754948513e-01
-4.712256252235350606e-01
-4.868055937865112259e-02
-2.336763807030826368e-01
-4.188287886948819372e-01
-1.432187561076941340e-01
-4.023005499608443003e-01
-8.318134409454097655e-02
3.152027016620056465e-01
-1.380159674846102580e-01
-2.689737983215085837e-01
-2.592559824757231235e-01
3.244182933104841071e-01
2.122368642184560839e-01
-1.590289184593962069e-01
1.851182446817600802e-01
2.746592395912633155e-01
3.525736506927465985e-01
-4.552279934229893077e-01
-8.867344144814162665e-02
-6.170537199960355323e-01
-7.930454504778830516e-02
-3.240072297057401962e-01
-1.706928663100162891e-01
-5.335175559159986702e-02
-1.658869491205370306e-01
-2.618084805019194397e-02
5.649876092624035451e-01
2.313590699924025218e-01
-4.816129048093968634e-02
7.306162283361905541e-02
-1.107104590743481637e-01
-3.201155801196363115e-01
1.101711896830905590e-01
-2.734649891183647541e-01
