1.124072630739034462e-01
6.809467044394402757e-01
-8.766183496843476392e-03
-7.352954009813461589e-01
-7.958538414952317508e-01
-2.427868798001264067e-02
-5.509881443933290629e-02
2.158339536667451819e-01
-4.560028928133247339e-01
3.131301560726474920e-01
8.540829496382265074e-01
4.910308831655962880e-01
-7.948915729117524975e-01
-6.808242489437452694e-01
-4.370926342836559675e-01
-9.308089519173219362e-01
5.264887185292439487e-01
4.357000330466311855e-01
-8.150336706280056354e-02
7.669960090694311061e-02
1.728572675753328181e-01
-3.638736583119929202e-01
-1.109448077560581669e-01
-3.212567377909961164e-02
-2.397923696588124542e-01
-4.286313573200918325e-01
-2.041246686311444236e-01
2.219658122931802979e-01
-5.699108003809528339e-02
1.625911043437432424e-01
-9.137680589396554587e-02
-3.265035356361661867e-01
4.719235905917141261e-01
-4.142121540686232728e-01
-1.291334701809166430e-01
1.138146376047458053e-01
-7.140565421839590865e-01
-7.553416539521071726e-01
-6.540139182477961999e-01
-3.425172871323715618e-01
2.105842527936056252e-01
4.626810475091002739e-01
-3.173010971558759552e-01
-5.352849551308045406e-01
-6.899153057964206859e-01
-5.367774666998436500e-02
7.977591667331653813e-01
-2.243126008594821530e-01
1.572402013051936165e-01
1.426739941141189072e-01
-1.382597784701829896e-02
5.670966104335701807e-01
-2.334441711822901888e-01
6.447653384795857257e-01
-4.407677086380447640e-01
-6.020057974577529558e-01
3.803428210498100981e-01
7.762697626616846813e-01
2.521928158303158862e-01
8.093260333761296277e-01
1.718699647043123446e-01
1.376029964187691912e-01
2.920688627050886943e-01
-1.467190544557219756e-01
1.734424808643163507e-01
-5.795395960724883944e-01
-8.036557846860044041e-01
-4.479924570690248242e-02
1.646255670561011797e-01
1.809254489081248418e-01
6.927246627972629689e-01
-8.266655759353616073e-01
-1.362626964726610379e-01
-3.281856136754943698e-01
4.011640849179854973e-01
-8.328789110371001003e-01
5.556069034986926836e-01
3.848782504652900061e-01
7.356443271300511233e-02
3.404036214839871177e-01
-1.857257803818774394e-02
-3.427025033544686683e-02
6.637223635880635797e-01
8.468067967037595789e-02
7.247712480767474208e-01
2.597771544099621022e-02
7.211788469962518988e-01
4.660576835830477771e-01
3.375667175685224120e-01
-7.064428539824765263e-01
-4.724894054550216049e-01
2.209307936660915017e-01
1.706817736374637573e-01
-5.503195320072671315e-01
-2.714345662354372690e-01
7.203433522178215309e-01
-1.220481219620917213e-01
1.644113036660966864e-01
5.258917856164009308e-01
-7.541724998125620694e-02
-4.425765316887654288e-01
-8.488920856205767196e-02
-3.981682865432458751e-01
-2.872264657222826645e-01
3.909338117011645908e-01
9.199042005122446408e-01
-3.212639141401478216e-01
-6.010074009180901844e-02
-1.242957279351506600e-01
-1.252014181240550805e-01
-9.444694021373881143e-02
-4.415065493812972419e-01
1.578515240752232374e-01
2.426630647559051002e-01
3.470434754949987544e-01
-3.391183072283316946e-01
4.778255250308733465e-02
4.977174006889497626e-01
7.100380309870354401e-01
-8.116531254291914355e-01
1.806482593119443369e-01
9.173089537444321095e-01
-2.192632342830058700e-01
4.571014632382023324e-01
-5.353303536035821653e-01
-6.358754256076382116e-01
8.864825354715552552e-02
3.135928585566098992e-01
-3.239106181719626498e-01
-1.341848205177360032e-01
-1.119314667037011324e-01
3.130808226316530996e-01
7.652767830526907566e-01
6.355267855877133609e-01
-1.628662844378051255e-01
-2.533031391055602377e-01
-3.707601246619954272e-02
7.430065547564074224e-01
-6.070045133735247900e-01
-1.573155971224932115e-01
-5.604644423699334244e-01
-2.352087188336150596e-03
-3.984999911904793524e-02
-5.098745008553297320e-02
-1.370306452400828490e-01
3.977574510950946385e-01
-9.788775418179969101e-01
6.955049419098580099e-01
-4.654672773039570388e-01
-3.813951616957406143e-01
1.265974555558282422e-01
6.224298631065796616e-01
4.094344582154805234e-01
-2.288940713157187057e-01
-3.665144044308820889e-03
7.435463856832242868e-01
-3.390302823108193309e-01
8.226729660061377070e-01
-3.736344648141844971e-01
8.371926883041788670e-02
8.808103836941932885e-01
-1.503003178870371825e-01
-8.031304918313877383e-01
-2.415430133390315537e-01
5.584044577612246041e-01
-3.876954935338966513e-01
1.405020880239729042e-01
7.218160071043610015e-01
2.820404372147766736e-01
5.427848275064177663e-01
4.082148866636626794e-01
7.626905773960471757e-01
-6.283220981680611716e-01
-3.967794597553379043e-01
-1.568962738101023491e-01
-1.218926263844629237e-01
-3.663153188146127115e-01
-7.004926131516179266e-01
3.994176487622566052e-01
8.800420690532567702e-01
-3.804239150230662725e-01
2.434284811063697207e-01
-2.000761604439782460e-02
-1.061429422922597343e-01
2.290389967758386242e-02
-9.086089028252605226e-01
-1.439722238480929395e-01
-7.510112770583727837e-01
-3.792990104263230799e-01
6.811807985151246969e-01
-4.713235155592268577e-01
1.438208965027046315e-01
7.101799168627740411e-01
4.908897823753809453e-01
1.839625475227078533e-01
-5.919330309658059341e-02
5.913462769333671654e-01
-7.214156308863431399e-02
-7.335407339678888805e-01
-2.833825576070828633e-01
5.215066049276418925e-01
-5.336663723280855587e-01
-6.032367314889721666e-01
-3.632427118897426088e-01
-3.125921300216462084e-01
5.463046160112106087e-01
-1.906859858317870304e-01
5.719489819851157897e-01
1.525141760602502783e-01
-1.892985408239420547e-02
5.253370411270075202e-01
-1.791052288723741226e-01
-4.678598359391653722e-02
7.656574448147750456e-01
-7.033092164288983206e-01
-2.132961554113307345e-01
-1.178792453706035831e-01
-6.184401939745429733e-01
-3.174645338574247910e-01
4.929110416353191249e-01
-5.741346422742673594e-01
6.928160368482333409e-01
2.058932916410552150e-01
6.091872097016286410e-03
7.371370418250261514e-02
1.587349812501937241e-01
3.162935104310089507e-01
-1.110962016386700807e-01
-2.743131125005807691e-01
5.044861065216793561e-01
4.269932144456110024e-01
1.820819929293808759e-01
4.878395304163011814e-01
1.614978432945838593e-01
2.114138749428423614e-01
-2.267679426649962804e-01
-2.337135949344707198e-01
6.066547195930923481e-02
6.992946143259634074e-03
-4.089165415808598131e-02
-5.316857104632849440e-02
1.420721584954288130e-01
7.049727702057309586e-02
-3.176030359200816555e-01
-5.857220440123430683e-01
-1.773296738323528743e-01
2.316680337343547391e-01
7.385001484080676304e-02
-4.031031846744489444e-01
-2.802764441888782043e-01
-5.192127229643238584e-01
-3.387236624462692247e-01
2.336355260694972236e-01
1.729189917866167381e-01
-5.117371880935370210e-02
-2.113232845177220320e-01
-3.002486516428596458e-02
-2.836582781916601181e-01
3.364276267356470784e-01
2.080015153748746848e-01
-1.416370159225141256e-01
-4.089415769616033813e-01
5.983608334458446754e-01
8.428917474624839645e-01
-1.618728926102757093e-01
