-3.643170398514615771e-01
2.318782335545242490e-01
-2.094081867493223781e-01
-3.222060560521698980e-01
9.304692135729944469e-02
2.226560534336541886e-01
4.284592609027010890e-01
-2.503071341020635110e-01
3.520746779582748509e-01
8.313539466320991611e-01
3.522135440086023202e-03
-1.087910825153596966e-01
-1.490551999544917350e-01
2.457786080480866275e-01
-9.520252488350354828e-03
-1.781251983240064729e-01
1.763305401511192430e-02
1.200208303501255347e-01
4.362782993955788280e-02
-5.872519599500138077e-02
-1.258237811541628171e-01
6.618558356323176461e-01
-5.983737077542874427e-01
8.036694588882151158e-02
-1.969578745894414451e-01
1.285066340354167336e-01
1.270115017254271894e-01
-3.313353524861175625e-01
1.720110824397751981e-01
1.953572763018068259e-01
-5.754208741937977267e-01
-6.302549073285572401e-02
-1.149915910145566378e-01
3.524413771576590665e-02
1.448237914571774421e-01
5.845193309579250762e-01
2.767581030028858358e-01
3.785759565862468201e-01
4.179749064657466429e-01
-4.327570701077856352e-01
-7.039613768557528850e-01
3.070932730848201508e-01
4.138292638263463274e-01
-5.302131830911609445e-01
6.431769727592963060e-01
-1.821756547366193413e-02
-2.393565761924923985e-01
-3.118090427792656327e-01
-2.582527166327381885e-01
3.933683678432149389e-01
-2.231716898445899044e-01
-1.998364761129090283e-01
1.989955714060201442e-01
-2.406346600951072556e-01
-4.450703306331038611e-01
5.384082626864157284e-01
6.072204454174019717e-02
3.330978149141182731e-01
4.399651226376705138e-02
6.088854823402801708e-01
3.176573611426725674e-01
-9.570731011595641491e-02
-2.074637081641143299e-01
-1.866525075463192351e-01
-3.932951115338365229e-03
7.262544774428321415e-02
4.310454338370308669e-01
-5.677346628207943224e-01
5.034470603122744858e-01
-2.705131875805381059e-01
-3.598186447624417417e-01
-4.915486138796753002e-01
-6.470749719260213695e-01
-2.315620192739335503e-01
-1.685994887535796072e-01
6.333038815909672326e-02
1.971513301578839417e-01
-2.435016327799966462e-01
2.355741818194302117e-01
5.364929022038672501e-01
-1.400732055042904767e-01
-6.716630729317732418e-02
1.519071384820250281e-01
1.985691498179376902e-01
-3.742625313719509794e-01
5.739146129560798726e-02
-6.841285817554543236e-02
-4.751590285456943064e-01
-1.691540397691704278e-01
-6.922794034058312729e-01
7.454624583845129160e-02
2.898363910985145564e-01
1.742450337760348411e-02
-9.500593482234233333e-02
-2.485109505330594382e-01
-2.993133762797686170e-01
5.991546156476008633e-01
2.699330484720361412e-01
-2.601203060044080528e-01
-6.165212282517706921e-01
-2.572412907092360146e-01
3.133360764789948627e-01
-6.209932602254975009e-01
-8.453720306363148029e-02
-5.280031764998345256e-01
4.365121261047500978e-01
-3.756673219755442966e-02
-1.689969146808459055e-01
-2.227787256891348155e-01
-1.039739108325926920e-01
-5.511528748272236378e-01
2.453946297633263496e-01
2.878926482639191375e-01
-3.770881898128343734e-01
-1.115860582763722325e-01
3.612601864776219251e-01
2.936851033755423224e-01
-5.552932289076311506e-02
5.038140161394557559e-01
2.715447071672802970e-01
-3.654842367141209469e-01
-6.630844391861629994e-01
-5.805315188367876633e-01
2.111174295330485451e-01
4.122114723894239052e-01
3.138915095638369901e-01
6.909744267277962981e-01
3.517443385545401258e-01
-3.073537512871252764e-01
-2.255421820639863517e-01
-6.203066651042067614e-02
8.783494471225188407e-03
-3.107189147745730295e-01
-5.703595633924615216e-01
-1.716727943341855300e-01
-2.158893340197492183e-01
-4.843952320692246349e-02
-1.154540152305857936e-01
-1.282876956938169277e-01
-3.237659173748196340e-01
3.854595506657686882e-03
1.687949114155478103e-01
-1.355020662886343707e-01
-3.818217605129353709e-02
-3.812762307521172511e-01
3.572523131807299190e-01
4.691804800462280323e-01
2.531184546526056289e-01
2.863410246523403480e-01
-4.247081960685349378e-01
4.189390938247253837e-01
-4.081678636498503598e-01
5.262703589024750883e-01
1.211283309177994816e-02
2.443095355498263732e-01
2.102726840068710416e-03
-5.996680439044781152e-02
8.557219410513362823e-02
6.776622153402849236e-01
-6.783030275768014983e-02
-2.285378655264415082e-01
-9.264479515008201826e-02
-2.201272918342395135e-02
-4.955333998280347374e-01
2.359425443054843363e-01
9.763273739958884534e-02
-5.550721117974601881e-01
-9.981987322613017355e-02
-6.817442334513492685e-01
4.211397860473603538e-01
-1.242819481699913298e-01
-6.240399299972501646e-02
2.910598280591445985e-01
4.393924897255108153e-01
6.927125654194533910e-02
3.256023234351194673e-01
1.349312789252419542e-01
-1.923640557921903471e-01
2.269802647423771816e-02
-5.671954269323142839e-01
7.697713251955590197e-02
2.761705317312523333e-01
-4.273782664054990854e-01
-2.252717133142880246e-01
2.054908364426732970e-02
4.122256524823034729e-01
-2.186516172234845845e-01
-1.885857629899485022e-01
-3.971964883885986675e-01
-7.487350831619861147e-01
4.271562992390809388e-02
-4.242974738199911666e-01
2.077141426351384323e-01
-3.578315763039147668e-01
7.548779521798959502e-02
4.602143884617779790e-01
3.387120932480262858e-02
-7.213974567109204816e-02
2.420969032303345314e-01
-4.090680579822310037e-01
2.690291480447151717e-01
3.643578168852329435e-01
-1.839844332208850353e-01
-9.587031402332539531e-02
-4.622207356680635426e-01
-9.966321233592453921e-02
3.178668251063167249e-02
1.060662983209124388e-01
2.312759136736772247e-01
1.759046506825881206e-01
-3.846081323979007038e-01
-4.422520890927953419e-01
-1.609729562353349741e-01
4.498389991047126446e-01
-4.570636438300829107e-01
-6.186568137753720720e-01
-4.570224100930602718e-01
-1.729374862131458079e-01
2.634821186674007887e-01
3.058997331631180261e-01
-1.210671708004514430e-01
1.251114496502033213e-01
1.825373272271377800e-01
2.644170475632703354e-01
8.960085021163854968e-02
-1.301219817483977303e-01
4.102304780638850179e-01
2.030470302665574323e-01
1.052551060663327667e-02
-1.004339895750541722e-01
-2.754553632848869005e-01
1.320426045937434512e-01
3.480579577218044784e-01
1.392242264027194476e-01
6.154096203212551242e-01
1.857619253188091679e-01
-5.878858961980100162e-01
3.046819076741029142e-01
4.891222327844679807e-01
-2.253319883636206722e-01
4.245421585797884423e-01
2.297999837641136467e-01
4.451914498800232378e-01
5.035908994324477667e-02
5.256425927517229812e-01
-3.535607549253003690e-01
2.144734373089232371e-01
-2.164085502399478722e-01
4.908210683367342231e-01
-1.869617655045667515e-01
-6.506876097563765726e-02
1.303241438476807068e-01
-6.799866191901751677e-02
-1.033692184788934272e-02
1.110421522397463945e-01
2.475742696312232261e-01
1.717693022950525783e-01
2.497174490743032660e-01
8.623474761495478202e-02
6.775603366182153531e-01
4.146419672154708636e-01
-1.431893703905837423e-01
-4.285175153054929797e-01
-7.709458135112956523e-02
1.926479440499783147e-01
