2.776216316621633873e-02
3.085303807387366759e-01
9.118559340766202448e-02
-2.027271682197789304e-01
2.983904483601646507e-01
-1.715997726699258763e-01
7.341548573209016881e-02
2.080699941222044491e-01
9.675828519032028674e-02
-3.601745033500933779e-01
-3.009125164727885493e-01
6.256329113783774820e-02
-1.595413712174961474e-01
-2.065304109683849254e-01
1.773641765577801399e-01
-3.030050885035778449e-03
-5.774456958648103294e-02
-5.598301813437194241e-01
-3.790183202867939416e-01
-1.599325937825868960e-01
5.386177955276670593e-02
-4.025758730185938772e-01
4.115577353488375500e-01
1.064065815451486069e-01
-2.972670122510016055e-01
-1.726072099547163174e-01
2.726312115890669463e-01
5.305706382341868199e-01
-4.265207374193465406e-01
1.945107649074551137e-01
-3.091340679898833543e-01
1.099940919095258873e-01
-2.400029794189921517e-01
1.654653356933378783e-01
-5.811681039817912647e-02
-8.585138016185880905e-02
2.521160692919615642e-01
1.774654302235675052e-01
-7.215034786921538379e-02
-1.553092462101348936e-01
-1.036028032219590833e-01
1.639129258234585940e-01
-2.091651196391382805e-01
5.582956591530555679e-01
3.236671533287697744e-01
-2.387216478881326875e-01
-5.003052336017618784e-02
2.657511822440949967e-02
4.017044921053463113e-01
-2.311832229244971670e-01
-1.314607917185178776e-01
-2.750313158756587661e-01
1.823977985434921401e-01
-3.745665651749109926e-01
-1.635005232669467512e-01
1.015668855447572627e-01
4.835220234011926299e-02
-1.112195099406029786e-02
3.723286535362409500e-01
1.307370699553569438e-01
1.610187390943501606e-02
-2.711057719207855127e-02
-7.992128438124670997e-02
1.677429359370538331e-01
-4.469198043177147195e-01
-2.294501579399601254e-01
9.007865647615462268e-02
6.107822720279532797e-02
3.701810925123659168e-01
5.466197193399929821e-02
1.091409702564071771e-01
1.355945931510676716e-01
-1.451073608076614563e-01
4.953323565740143097e-01
-1.389045421725000340e-01
-1.442745069225941368e-01
3.734908452861416261e-01
1.481142356129001025e-01
-1.608421187787407169e-01
-1.790183821060986891e-01
3.671133063421926079e-02
8.323880287612051010e-04
1.531409606617167574e-01
-1.902561254926571910e-01
2.617060321985328897e-02
-2.689724876661447883e-02
-3.935092563387075359e-01
2.032876201564141894e-01
-3.024432840768009334e-01
7.238830131744153351e-02
1.220408345257506799e-01
6.291128265978622458e-02
1.755517271252743927e-01
-1.605816765258164525e-01
-5.384129396240577847e-02
1.479538857980532141e-01
-3.555732747378377578e-02
4.579293384360172414e-02
4.430083930012548299e-01
3.450838248949717468e-01
-9.252430314843995696e-02
3.604769569024994791e-01
-3.232110976685196868e-01
-3.795954832649699878e-02
5.886443362846189437e-02
4.915042144332794349e-02
-8.820258574983436128e-02
-3.057133294758878628e-01
3.782672127114740102e-01
-1.583562349587323559e-01
7.921599799263719099e-02
2.161539743863744034e-02
1.543877997320438067e-01
-2.842295840026728970e-01
-2.064670251045792881e-01
8.604027021811649911e-02
1.916444428137011602e-01
3.086945626560166356e-01
7.938341317275260378e-02
-1.319226370325664657e-02
4.766237273745514424e-01
-2.133767335428392586e-01
-2.499885732261708515e-01
3.906265715955097861e-01
-1.327324356106291958e-01
-1.392214340503989956e-01
1.040786320110522883e-01
1.032112061042128603e-01
5.290673419855372872e-01
3.629356290361278603e-01
-2.922432099906591141e-02
9.749175623367649368e-02
5.113454185232377824e-01
-3.903124989182377158e-02
2.380220990018483418e-01
1.413161871668931757e-01
5.750425124005122124e-02
-1.957111368030479137e-01
-2.954973378014534857e-01
1.866588569210036325e-02
2.773853916572188161e-01
6.225535166238178875e-02
5.074088842906498975e-01
-3.598014032821755803e-02
2.867329491711380074e-01
-1.121196079902846490e-02
4.836175555037603990e-01
-4.775453421892063011e-01
1.928961844981074703e-01
2.399866886940931754e-01
5.036023336140884599e-01
-8.195186277850208256e-02
3.309813658060513641e-01
-1.476176221953307346e-03
-1.258918115553673001e-01
-1.922723066606663034e-01
1.102419420086382662e-02
-2.810575896188682865e-01
2.598863495287439401e-02
-3.163198935997326156e-01
1.405251487927293153e-01
-2.052005662655271845e-01
5.530709039043758823e-02
1.561508499981386633e-01
4.168365039959550655e-01
2.143644111251079842e-01
-3.397356214901400273e-01
-1.961141993041314591e-01
-6.450576384341462355e-02
-1.902634815412631575e-01
-1.300187778770892089e-01
-3.935896377338206353e-02
3.499892615054740475e-01
-1.726558481897416675e-01
3.265849121510110975e-01
1.870427891496801165e-01
-5.022833048791657262e-01
-2.476528188082104398e-01
2.219860892082830828e-01
-2.415232039717185586e-02
-2.134397782909011609e-01
2.819151198061517483e-02
-2.933025872405217171e-01
2.885220824398045947e-01
4.974456331162104838e-01
-1.459864481110245693e-01
-4.485389637782970507e-01
6.337269333784256720e-03
2.988285233352969139e-03
2.071089405527781757e-01
1.521510065628967623e-01
3.742926548940164050e-02
8.746572858409754070e-02
1.311206363810206721e-01
-2.554584243682841982e-01
-2.858999171861446864e-02
3.894160200308928454e-02
-3.945729933286926117e-01
-1.725841793702406479e-01
-1.025165688754551829e-01
1.480993025745380720e-01
7.997749140490809094e-02
-1.744879315574762169e-01
1.927342268058904740e-01
1.950663079237138775e-01
1.168040907808260420e-01
1.220241342424773084e-01
-1.696659107446794323e-01
1.385841784684828659e-01
-4.680483886168423924e-01
-1.373777200837859036e-01
-3.919794183899291129e-01
1.327074381642229239e-01
-3.204852209202413427e-03
-3.977648410578898397e-01
-1.532285114104284807e-01
9.898169762716971243e-03
2.008327017886291921e-01
1.723312255870210197e-01
2.073205040125111753e-01
1.965643395427876805e-02
-5.575083680855238422e-01
4.502083327814300207e-01
4.091584527035062591e-01
2.287937430192335808e-01
-3.251976850168180611e-01
7.797116395763843688e-02
2.098948500972590558e-01
-3.252156637131305983e-01
-1.445402927333286347e-01
-2.356956773671100291e-01
-1.826810800693174086e-01
2.164819494762963425e-01
3.697316581551776116e-01
-2.898157185168224736e-01
2.601691275655241276e-01
-8.959733310451258037e-02
-4.720534556150766115e-01
-1.029983336806614136e-01
4.272943898777001870e-01
-8.206970256159280830e-02
3.619437093189407095e-01
3.434059247441746954e-01
2.119716263028895153e-02
3.724417229228155768e-01
2.875483713945617970e-01
1.883691389203537847e-01
-5.383015084800731875e-01
1.402867151072320628e-02
1.239084591444970379e-01
-4.907586508856438545e-01
-8.804179341270050585e-02
3.656809980817369438e-02
2.439992050544696478e-01
-3.820387830440014620e-01
7.623458445434572184e-02
-1.798271144864001525e-01
1.573892733245929598e-04
1.426777618833457995e-01
1.595803768422825730e-01
-2.717838398570481262e-01
-1.824748752137855257e-01
-9.917983321612378056e-02
-2.650238288998355007e-01
-8.079544419602910366e-02
