-1.290798198363279914e-01
2.087302624519553895e-01
1.468290603266404482e-01
3.779660769124442155e-01
-4.102011841314597285e-01
3.421115337868771422e-01
5.670582234899199103e-02
-1.257020904413528317e-01
1.568060477192823043e-02
3.506801722189915038e-01
-1.197898547997456875e-01
-1.189838955546795446e-01
-3.393152532196359039e-01
7.756682771906610319e-02
-6.461319937915169231e-02
3.865612088938659152e-01
-1.714785644217708960e-01
2.493520231141459487e-01
4.932710027950398257e-01
4.461312964898977995e-02
2.096722193045816029e-01
-2.125427922270897163e-01
-2.000944531493210055e-01
-1.288359133201177897e-01
6.363520741073115661e-02
-1.839699361847758063e-01
2.387542765733747518e-01
2.473976987772615599e-01
-4.074589821498125763e-02
-4.087778643810093815e-01
9.345854001165690428e-02
-2.087197586326565435e-01
-2.635677704646320341e-01
-4.689870432314327542e-02
-2.367271897917093415e-01
4.841328945824117103e-01
-1.382365693580538402e-01
2.414694275144696756e-01
-3.446585596511800298e-02
-5.119224212923077777e-02
3.518399497722093927e-02
-1.247600722724784145e-01
-3.625537505812265193e-03
2.346237754341586323e-01
1.202519215880348963e-01
1.664077440611436143e-01
-4.071412823812727289e-01
4.381220578129402243e-02
-1.515780013281528282e-01
1.728286629789678175e-01
3.203313880545501924e-01
-6.328927653868193781e-02
4.395809220599968814e-01
6.849626236505657051e-01
6.102091875306934199e-01
1.642759551766165560e-01
7.114201144972710777e-02
-3.142194531961630122e-01
1.773653415549259482e-01
2.797309498886879076e-01
2.956768187867153674e-01
-1.099193557203741178e-01
5.141934731407171721e-02
-1.124970406096667819e-01
9.097030525446402061e-02
-3.131660046802429154e-01
3.603367194165627563e-01
1.551933508815912244e-01
-2.088976346860041411e-01
6.287442758857338110e-02
3.548548172368687359e-03
3.219282185378624650e-02
6.292445548565923918e-02
-8.573657715309941640e-02
-3.980868082753630244e-01
-5.667040648961635396e-02
2.794869741259145557e-02
2.158621128020541124e-01
-9.516336839028875783e-02
2.675924029759383371e-01
-3.742027370827973876e-01
-7.983709178309611465e-02
-5.883945146150086902e-01
-1.000873673204966396e-01
-2.480926091713475667e-01
9.832738973170287999e-02
1.947196548283419149e-01
-3.249464769119301266e-01
-3.077838946580552237e-01
3.890337667780900399e-01
-2.579573588066588763e-01
1.757635098327543499e-01
1.118953754882126284e-01
-4.974140626326226111e-02
9.700429962459036770e-02
-3.914341923694132364e-01
-4.361016495210491561e-02
-2.460778151298796401e-01
-2.785844630927879484e-01
2.343104251606027699e-01
3.586618288075049676e-01
3.832253879101036320e-01
6.931163928169056798e-02
3.058397200573615970e-01
-3.707683186728694125e-02
-3.809269547399912748e-01
1.697125804096935031e-01
3.707209251469415490e-01
-4.341152482394332601e-01
-2.823539715778935477e-01
1.425110063970164431e-01
1.638885657417034070e-01
-5.934158366510020044e-02
7.401037081244769833e-02
-3.597723717322286463e-01
-6.214622502203025201e-02
-2.119948300489268855e-01
1.698875369492701126e-01
-5.345059754854633027e-01
-4.247992194633253282e-01
1.577987495488416547e-01
-4.590092966420348253e-01
1.381700960342239770e-01
-2.489694992611107827e-02
2.376235336041823687e-01
-4.282040810880631820e-01
-1.560894588062566035e-01
2.325962253548455316e-01
-4.707450958997741464e-01
3.246994049290722328e-01
-4.834390317765420442e-02
-1.025725496217723270e-01
2.875579748713854578e-01
1.657234142129782317e-01
-7.982785597677288791e-03
-2.760202156206159052e-01
-1.059651032731974973e-01
3.191418673985387811e-01
1.008297483163425323e-01
-7.614515917480628449e-02
2.426968814099151328e-01
-8.405551462181193312e-03
-1.729447754895649392e-01
9.251524717606629533e-02
5.074072805742668724e-01
-8.640828209613365951e-02
-2.169891479901772113e-01
-2.946303937199958867e-01
-1.142070316681775555e-01
-2.413243268653338935e-01
-3.484492086186000148e-02
1.618539582411088751e-01
-1.281522441630777442e-01
2.813010329652670949e-02
-1.407533674985622374e-01
-2.615752730275321403e-01
-6.331659725045171716e-02
2.639906272059331371e-01
-1.080989603958718154e-01
-1.886065588781634106e-01
9.654512980377960574e-02
-2.050922864754551045e-01
-1.513676037211747483e-01
-4.512700805973824947e-01
-9.758653825148613792e-02
6.197718422752834799e-02
-1.122346935406379892e-01
3.875060594040092843e-01
-1.680762165232854710e-01
-4.046639271671004234e-01
1.826901970275229548e-01
3.619046453581740153e-01
-2.229490475465513710e-01
-2.617288386378762155e-01
3.651526401932236876e-01
3.199089633998352111e-01
5.148893357849766428e-01
3.350587785063358082e-01
-2.811186203542287432e-01
-3.191674832260141814e-01
3.219936636148736930e-01
3.663460179491392910e-01
-7.516738957781191055e-02
-4.644160362915197848e-02
-1.374649502737978202e-01
-3.576395721560708674e-02
-9.189205550006081247e-02
-5.278060328160788517e-02
-3.182522885279069902e-01
2.883036374058849383e-01
-8.238197328898011484e-02
-3.031926497005147381e-01
-2.850706540025220170e-01
1.531372324481401759e-01
-2.201545607719034570e-01
-1.963090141045939485e-02
2.356359268479126245e-01
-3.912345633726751482e-01
-6.171575199663970057e-01
4.821976541784098735e-01
-1.804618756955825021e-01
-1.195131657019927601e-01
1.533515406192279551e-01
2.688271912227727101e-02
2.018106506184993432e-01
-4.845645168027546967e-01
4.676090976950658673e-02
4.066621125327281594e-01
-1.925149049860313544e-01
-1.255227412948998478e-01
-9.150935399774606793e-02
-3.816941230836645715e-01
3.372547925973031768e-01
2.089498464643636810e-01
-3.426611593478673945e-01
5.623490335927228134e-02
3.055455057444341760e-01
1.896670563121974351e-01
4.103509299706288305e-01
-8.643355745732389517e-02
-3.215299742413265105e-01
3.933321094411855734e-01
1.827348175087923632e-01
-4.146579256520204204e-01
6.046170718337152694e-01
-6.381841110924189042e-01
-6.913994228410338394e-01
-8.176930619469438555e-02
-5.163232483495150404e-02
-8.657393550917188985e-02
-2.163276145665679329e-01
2.352397178109861542e-01
-4.782508026686610458e-02
1.557674721206966373e-01
-4.516555336630300177e-01
-2.105636764090449975e-01
-3.339248903617199060e-01
-4.757524008012377348e-02
2.744979170123453271e-01
1.191949818633400299e-01
-9.866896187439092025e-02
2.064047140014704795e-01
-1.139798501347150522e-01
-3.988852643086542027e-02
-4.495527487454563653e-01
-1.610340413750369626e-01
-7.566339127927623753e-02
-5.602561256016330704e-01
-7.855544754662342755e-02
4.996954678453857102e-01
1.719512976793384496e-01
-4.685232109298471670e-01
-1.692844551194227498e-01
4.905939897580983144e-01
-4.392453960051020401e-01
2.969313653754450388e-02
-8.410867790409583267e-02
-1.140429614211145720e-01
3.092603537226578103e-01
-1.679664377122845331e-01
1.338472569342285534e-01
1.144334093793050455e-01
1.777387962538329313e-02
3.173021242837392730e-01
-4.600965566206801638e-01
