-2.186205416733277840e-01
-3.637048578205702709e-01
9.668255736724695737e-03
3.931798145425587365e-01
7.270951799107483460e-02
-1.203659074555414876e-01
6.164120897186733394e-01
-1.688559377134318251e-01
3.720415032396308663e-01
-5.803600532380864818e-02
-7.729666345008762152e-02
-1.443735311835804280e-01
3.786198979589699976e-01
-2.053980170227359681e-02
2.523002359551263507e-01
6.543625870594573790e-01
2.106119670976334679e-01
5.290622437934044964e-01
9.896762646374179795e-03
8.878031572425837403e-02
-3.182727856332738248e-01
7.251788309104445496e-03
5.822130427865659374e-01
-2.460704041956579546e-02
-3.548003490770791357e-01
4.669087761003332671e-01
3.660302951469731059e-01
-1.529659262002470710e-01
-5.692752817126542908e-01
-1.285501653171000624e-02
-1.413028950836122677e-01
5.296610830697134897e-02
1.480706263949226886e-01
2.617548121858224719e-01
1.956407994938983985e-01
-6.439930944254551592e-02
-5.782926130400479758e-01
-5.098587600418540422e-01
-2.070831044108953911e-01
1.815118764442686383e-01
4.620167798239760426e-01
-1.841809076788656907e-01
-4.334335356430246700e-01
3.093252841462985625e-01
6.120428973845033482e-01
-2.406318270349439015e-02
3.631387813703118583e-01
-5.710006307565990147e-02
-1.654950938386709480e-01
-6.670886252461042387e-01
3.357501321957123142e-01
1.177776381283712759e-02
1.293535580309684296e-01
-3.414512686684993970e-01
-2.016348316230428539e-01
-3.990355666599704199e-02
-1.426470898036417134e-01
3.552612532361009157e-01
-1.233889887955173514e-01
-2.273922357936157268e-01
1.908124664011829896e-01
-6.136856420600540485e-01
-4.667515699049092359e-01
-6.485668986823238669e-01
2.088661713224509442e-01
2.040991654719832571e-01
4.236851251641748917e-03
1.746626148804053535e-03
-6.084813837783369372e-01
-3.806585940069335261e-01
-6.706059781906175132e-01
1.801230643143924004e-01
4.607728152538403954e-02
1.149906997622371363e-01
5.402933178556784677e-02
2.007806349278817848e-01
-1.431726398293814984e-01
-1.870437356379163751e-01
-6.643623515162533355e-02
-2.383910830189778784e-01
3.120223956734677895e-01
-3.737416021770626484e-01
2.773290947906663084e-01
-8.853970435052793686e-02
-1.021790526207651539e-01
-1.721227848434619401e-01
2.074949570531948728e-01
-3.121955471669579651e-01
-1.888851595391000115e-01
-3.864539355996919334e-01
3.567621784828917120e-02
2.969665108614809035e-01
-1.974951008128078001e-01
2.469039474734453510e-01
-4.450400469838355910e-02
-1.388933755911178625e-01
7.523966600614306888e-01
1.258713429634949477e-01
2.646124250803946198e-01
2.468985960975255134e-01
1.254099358191761437e-01
-5.441025374695095396e-01
5.138986500200684038e-01
-4.759532512659245262e-01
-7.004968454275424250e-01
-4.112595431474352359e-01
-5.358426753142337962e-01
4.219136171736344032e-01
2.660998632825734012e-01
-4.320218708405362817e-01
3.760583195792351896e-01
-1.378328268677058710e-01
-2.476972496136332635e-01
3.034194969298842914e-01
-5.869532055151771566e-02
1.796109319800762161e-01
6.004279201812900979e-02
-4.209666346476417242e-01
-2.028940997228693699e-01
-4.964003625644771711e-01
-3.187407100027936924e-01
-5.272323415170614425e-01
-5.906861002523267068e-02
4.005029469399192799e-01
-3.577252121460205991e-03
-4.831498539605851850e-01
-1.436835856542765244e-01
1.731307548837557886e-01
8.228404583358772673e-02
2.290187881975916384e-01
-2.956664972339814179e-01
3.644162894230232319e-01
5.339462567142916338e-01
7.859634736992351378e-01
3.604938463915052793e-02
3.178584595805714619e-01
-5.577935531651079248e-01
5.000180869957445706e-01
6.502760205156479234e-01
2.664703229142312835e-01
3.683146974045467537e-01
-5.193332729518218560e-03
-4.477953729010097916e-02
-2.749206335095430997e-01
7.103579296863391512e-01
4.370411472584996848e-01
2.796833690794526817e-01
5.760864386184557651e-01
-3.485120362990954956e-01
-1.426728430114871937e-01
-4.402643412836748649e-03
4.424206543082500054e-01
3.542028537176035718e-01
-6.406582665157812828e-01
1.803576830559089350e-01
5.228919190009191365e-01
5.717863311437760832e-01
-7.158371279476488658e-02
-6.367390123325367135e-01
-6.826427493619113829e-02
4.989060675435652570e-01
-3.377882076307425763e-02
1.498675345733619380e-01
-2.540336491993853696e-01
6.108629066288220333e-01
-9.057677407879421994e-02
2.125144416472035114e-01
7.385447904563200439e-01
-3.688899306247961363e-02
3.219331143855910238e-01
-1.160600860901622733e-02
-1.400119046038676984e-01
1.748595321877803310e-01
2.742792764736269873e-01
1.016275877203566824e-01
4.188249129252757941e-01
-2.548524906811010515e-01
1.541688721604311807e-01
4.787426660614306773e-01
1.265119491243286154e-01
5.264777919005786400e-02
2.221943349361933939e-01
-5.395320924868257650e-02
-4.393486262687022470e-01
-9.670883594460177868e-02
-1.312345035414274608e-01
-1.001358736738701682e-01
1.743135736824433790e-01
3.747984863434408176e-01
2.957004292747253404e-01
2.241137909333916767e-01
-2.014030810656626813e-01
-1.592951817182657881e-01
1.383309594476636595e-01
7.101080738631642131e-01
-3.629470369684016928e-01
-4.975709791073545385e-01
1.251179640580725172e-01
-5.222418375039594718e-01
-6.058111781232167203e-02
-2.410153718162154624e-01
-5.102207801263960452e-01
3.056447305010133730e-01
-4.573625407012540389e-01
-9.907153820433500790e-03
-5.841018950759592210e-01
7.013847794319638673e-01
-3.011361779419936546e-01
1.406607618984836994e-01
-1.185475802451284588e-01
-8.561283696082722106e-02
-5.442177022225943572e-01
-1.190279370361568834e-01
4.919906834175729604e-01
-1.735078961837603351e-01
-6.242283641669238436e-02
5.455833648051250373e-02
-1.038420215281810610e-01
-1.105294356903604447e-01
6.267392514319227725e-01
3.790960291926028791e-01
-4.029123399621554191e-01
-2.248546002178264391e-01
2.563791506478485527e-01
-3.236280825817675066e-01
1.337857540277101465e-01
-8.730146744530936642e-02
8.063774649376438397e-01
2.807190512862485221e-01
-5.953209878809619937e-01
-6.766457520858959462e-01
-2.763422075276745216e-01
3.390252524331673345e-01
-7.064887001410387057e-01
8.557313981634251387e-02
-2.076651696815179360e-02
4.881574739143201835e-02
-4.219513456143964003e-03
1.617900482724041189e-01
-2.194672543808455223e-01
-3.419939167572003114e-01
-4.591600560213859872e-01
5.923048806719533044e-02
-2.920054112800002932e-01
-1.813260350285899603e-01
-8.524568906829813608e-01
-1.776341599087806755e-01
1.823218166732764045e-01
2.609223750884382409e-01
3.725291719718055172e-01
2.420426668649792723e-01
5.318340201006919177e-01
9.618118949418225094e-02
-8.329951018473930047e-02
3.031859583449028617e-01
-7.944919054797389135e-02
-3.020374648860262301e-01
3.165962752656950041e-01
-1.338954493622118713e-02
2.943369748294165089e-01
-1.174160532724961015e-01
-1.906942996466352569e-01
3.917876002583482453e-01
3.538053048977857218e-02
-3.846141790887334655e-01
