-1.048994592176776125e-01
-2.065780059574822691e-01
6.814194885661697607e-03
5.353123248293554237e-01
5.317034363562931354e-01
-5.414322758131429048e-01
2.558065075018123302e-01
3.559823526263630189e-01
5.243816989473835954e-02
6.374277957493249547e-01
-1.322548256719942306e-01
1.306897353878518631e-01
-4.097714697567381159e-01
1.880519332161298685e-01
-2.936555566197152078e-01
2.521477693836763345e-01
-1.585804476037794009e-01
5.982633516585429412e-01
-2.373250445266274211e-01
-1.187851613521773153e-01
3.801083619152866300e-01
-9.513102929442610045e-02
4.249055051131471750e-01
2.034019804821196042e-01
-9.196580622672050065e-02
-4.474281851207183580e-01
-2.060705448067563506e-01
1.885971198701332785e-01
-5.764045910506981896e-02
1.310756969586660339e-02
3.865633557663871178e-01
1.162369634547298081e-01
6.560444825680536440e-03
2.119593697650566377e-01
-2.335428043005703391e-01
-3.140431508915191711e-02
-1.910232049294233181e-01
1.652010789618740816e-01
-1.786331296000978619e-01
-2.138034710308357178e-01
-3.766073982067175835e-02
2.571177584554596995e-01
-1.132614483608855027e-01
4.583123738913258971e-01
3.074353543410468514e-01
3.913787845305249230e-02
-3.350483207243240003e-01
-9.769226806348712405e-03
-1.539678120283194396e-01
-1.249837738036284167e-03
-5.229049958692432165e-01
9.266807021493392305e-02
2.387695735531723817e-01
3.489865257219396111e-02
2.405303569216106496e-02
-5.800873862694826133e-02
-4.450323290238770713e-01
-1.104063671562941218e-01
-3.297777620036399515e-01
1.096871027053844122e-01
2.016751087066231685e-01
3.515312448958526348e-01
3.131157810159782562e-01
1.780742851693382922e-01
-1.669936541514131789e-01
-1.258848278536482956e-01
1.575952828458216382e-01
4.616031514602342289e-01
4.137817441870854096e-01
7.394158882875438710e-02
1.094240447700654262e-01
-2.277171412684869112e-01
-3.717158275094311071e-01
8.295570467295425299e-02
4.080046805225382434e-01
3.895897783039425910e-01
1.350556126919074534e-02
9.397581253322563610e-02
2.151855666554272628e-02
-1.254376625095525791e-02
-8.166091154293038390e-02
-3.069150442978511029e-01
-6.535458787508378886e-02
8.496963083211042655e-02
9.638452532817315399e-02
-1.620399953282264036e-02
-4.260859736576293189e-02
-3.510328440119845350e-01
-1.560847225923954196e-01
-2.038981866384151909e-01
3.986665497374600742e-01
-2.889588884723309770e-01
-2.451446738999468467e-01
-1.378220578882114467e-01
-2.465726398455732327e-01
3.366613334531337598e-01
-4.139509141691944533e-02
-1.363078223774481512e-01
2.631942214073626149e-02
-2.100678587367564853e-01
1.084436467566110840e-01
2.068191857331460638e-03
1.545472900791226567e-01
-2.794435183375685305e-01
-3.792317049558056041e-01
7.107864097679376936e-03
4.907567028313168656e-02
3.676269560555431304e-02
2.778202823279718459e-01
-1.772073214691425799e-02
-1.825997931960527398e-01
-5.842710740815322268e-01
5.712715434912687962e-02
-1.411273024026508116e-01
1.010607634983808623e-01
-2.297932340419951702e-01
4.007863644430708083e-01
-5.911421625082151632e-01
2.821129216108317350e-01
-2.862088188079270346e-01
8.135662925159325987e-02
5.239201627526936245e-02
-2.001781606294384189e-02
2.132968548930382902e-01
2.541087339289080371e-01
-1.348631943142045431e-01
1.502106750680320402e-01
7.999249476771447265e-02
-6.171498293426205817e-02
4.423182835336983976e-01
1.247934769698879065e-01
1.758159751042154550e-01
4.510663069948551984e-02
6.226511585586205211e-01
-1.633665847976880497e-02
-2.413939942546801665e-01
-4.643008922589101153e-03
1.699110788303196673e-01
3.092545772909843782e-01
-3.691890449867969715e-02
6.163599233661792853e-01
4.715376581673830225e-02
-7.083870950047274628e-02
2.978728535604271421e-01
-2.863083866330051741e-01
3.298651591043810227e-01
1.558578459256942106e-01
8.095630099410931757e-02
1.711534642253914051e-01
-3.443215602407265763e-01
3.620296256048283201e-01
-7.685495894401492278e-02
2.621025364469157237e-01
3.941479742317406665e-02
3.846695872366162616e-01
-5.032821136539641915e-02
-1.673960262777317021e-01
-3.735925443644575461e-01
-1.948092071796427294e-01
-1.235669292919179124e-01
-4.309021899482214368e-01
-3.670419694047202808e-01
-3.760119266074252176e-01
-8.219613701517385074e-02
-1.316227035342805163e-01
1.290003515150632829e-01
-4.828797216728176744e-01
7.503071895248690504e-02
-2.865438239609022220e-01
-1.869058660711618858e-01
-3.350741639410063921e-02
-3.797933840799541105e-01
-4.032013848788043586e-01
-4.247903829599787226e-03
-1.336552654120402028e-01
1.187655710863890351e-01
-4.714963153335748058e-02
-1.239842645494059620e-01
2.545605249736774822e-01
4.742712520832178535e-01
9.763948732473455572e-02
5.710251377210433521e-01
2.461179406153020388e-01
-2.453034494643781538e-01
-1.088291108173859434e-01
3.288029613975215204e-01
-3.288194933557103683e-01
2.295612009145209798e-01
-2.825741936364440932e-01
-8.400477266745504101e-03
4.051364427373966848e-01
-1.000180983631839826e-01
2.611578666254001924e-01
9.336237840003977495e-02
-1.958027068507187662e-01
2.053242309443182034e-01
-1.346744534382852965e-01
3.339707111662046368e-01
-1.897717624776899259e-01
6.485282148070588282e-02
1.286577676349952015e-01
9.764623122036004965e-02
6.168078273395585787e-02
2.081803042419141936e-01
-1.957425960760199035e-01
6.574573265316324688e-02
-1.078639296283521870e-01
3.282913557244337976e-01
-5.485231427997128324e-03
1.013398416925617856e-01
6.472264541394198711e-02
-2.197189569990846275e-02
5.721214515368984177e-01
4.792522371060484732e-01
-6.222765712225606372e-01
-3.832888155835846578e-02
2.658296033813651316e-01
1.879341602666965150e-01
1.990505813382255074e-01
1.720523999700060702e-01
-4.817205023492215910e-01
-5.169863406830605967e-01
-6.017518170949278655e-01
4.062272718039408592e-02
1.431330233532192575e-01
-4.463624968811159832e-02
-3.540191949922498749e-01
-2.194039762024297402e-01
-8.863557487161766169e-02
4.331576389915520187e-01
-1.113499192073098554e-01
-5.243138436291875509e-02
2.707151971797361334e-01
2.230994777653193539e-01
-2.215264746830226117e-01
-4.604885584972079338e-01
-1.501487621026517116e-01
-3.820316395622634920e-01
-1.930196815587373882e-01
6.450156587081393167e-02
-4.478364071761026244e-02
-1.997683317743674247e-01
6.412219606411674599e-02
1.420903921367202560e-01
-3.594501380979083782e-01
1.728461710814089280e-01
-4.762635432036040894e-01
-5.292374691432424338e-01
-3.258987277784523018e-01
-4.945960324860178975e-02
-1.679311191518870761e-01
1.201616521992149439e-01
-3.168404382689943288e-01
9.765672870237354641e-02
3.140695451874793709e-01
-2.237970086333462838e-02
1.013131211617251254e-01
2.075582112590609041e-01
3.658529669738346257e-01
-4.853485601164956309e-01
-1.606125978588764380e-01
-4.795583872846172491e-01
-1.567033154571774167e-01
5.588134544984986185e-01
-2.884473005540946211e-01
