1.749854489845583533e-02
-1.518581498219020443e-01
2.448260575213705159e-01
-3.390255838796765175e-01
2.211672186928315131e-01
1.409662214417685411e-01
-2.312481830802513294e-01
6.197791024641140234e-02
5.868137506894297029e-02
2.999204828358706387e-03
1.838061521493071226e-01
-1.782267255965956920e-01
-2.912847128273911568e-01
-1.229952859259647591e-01
7.399434004567306822e-02
3.523579085761215091e-02
-2.751408577509606435e-03
1.531424463471253439e-01
1.436863245523376520e-01
-1.429048402402595952e-01
1.217196338288555196e-01
1.412472788592820105e-01
2.237933616154074157e-01
1.421295279410546841e-01
3.110094822476801024e-01
-2.853288860552178341e-01
1.996670330872655219e-01
-2.300739111998520714e-01
-1.096459119608647059e-01
-2.488509946439066700e-01
-7.211551527121914940e-02
1.928076237301005330e-02
-5.400791092182898323e-01
4.177112100676062117e-02
-1.892633125950990980e-01
-5.003944685998611835e-03
-2.007743207672942898e-01
-1.883835049591184307e-01
2.493341261947556314e-02
3.589618411913397811e-01
2.423929090117610541e-01
-8.128143829907140405e-02
8.785575362638647912e-02
2.164605371878739470e-01
5.274313227535234461e-01
6.603384386435645625e-02
-1.064621585341511967e-01
-9.824961794630730771e-02
2.332408083320972048e-01
-1.822363161690658817e-01
-2.328722412943201592e-01
-3.070484821115802496e-02
-1.470522300400831650e-01
-1.640359389072482132e-02
-5.067482741651560540e-02
-3.506346577575692458e-01
-4.888678164619046640e-02
-4.429123620506162373e-01
-5.532158429915848274e-02
-1.392750468926380325e-01
-2.562163063742733948e-01
2.447167900109459837e-01
1.275765029716081078e-01
6.315424632265405347e-02
4.646179643804794757e-01
-8.186639130569860201e-02
-2.301930815387809859e-01
-1.245339189215025760e-02
3.166707798478417268e-02
-2.598342453362887522e-02
2.571393509135050381e-02
7.209268980319888387e-02
-1.474914479989430927e-02
-1.922035005067787572e-01
8.104264949627776327e-02
-2.488647252322277389e-02
-3.958771480411233945e-01
-8.060029450441291710e-03
-1.893796024655961807e-01
5.270640357142350463e-02
2.404220272010579862e-01
-1.650979728181329043e-01
-1.618526164868451522e-01
4.254126061115298674e-02
-3.523094063593215641e-02
2.044409777497220859e-01
2.291234580412670335e-02
7.830845136434678999e-02
-3.698027500698504721e-01
8.819901417370024088e-02
-6.671737340399708227e-02
-8.804560043033063388e-02
-1.305201377593649403e-01
1.479104013153846875e-01
-1.609747532540950488e-02
2.450576766239043192e-01
-5.331845254211309282e-01
-3.027663186322633315e-01
5.558277917555518033e-04
2.318553715846208840e-01
5.918803193837725296e-02
-2.417353601048201073e-01
-3.493603301205929768e-01
1.641137249196384928e-01
-3.240871472433164424e-01
-7.174257205441875174e-04
2.618054821682039845e-01
-6.275888127547422923e-02
1.908385343895172281e-01
1.038034351350608786e-01
1.165051196846617343e-01
-1.194507385948846423e-01
-2.688623999555304067e-01
1.157860725399437185e-01
-4.693408604251739225e-02
1.662204013339411146e-01
4.028749101964573254e-01
5.755298163279632534e-02
3.397612921248517326e-01
5.451081136600169352e-02
2.941736733254263214e-02
6.891421177731238412e-02
-1.217439676531373721e-01
4.619726827542001285e-02
-8.854552647455761483e-02
3.751577457480685662e-02
1.068671363136434738e-01
-1.118741041645777146e-01
3.397757810909246556e-01
2.553449298252863375e-01
1.020488424488648627e-01
3.704015377296002165e-01
-2.694326745804681011e-01
2.565974140912045953e-02
-2.477306291910153502e-01
-2.568762400020286885e-01
-1.012344887738904770e-01
-2.509876132777519656e-02
7.065030869551272574e-02
-1.744436552861180489e-01
1.866241837421897531e-01
-4.129060601336226322e-01
3.246588767397877717e-01
1.854030085577794140e-01
9.661627481375548165e-02
5.624778256668505616e-02
1.140701153700271475e-02
-6.729227798020744056e-03
-2.523980258854591208e-01
-2.210970136441371969e-01
1.644949282085062248e-01
1.039119537411504479e-01
2.269032630082059299e-01
-3.315442228776126488e-01
-3.278831997587394742e-01
3.187588708896545997e-01
3.394567208261858315e-01
-2.417310194252449973e-01
-1.971620028646568212e-01
1.955794326451206488e-01
-9.468478476894889861e-02
-9.449030105584144135e-02
8.737002275598530765e-02
-4.638854676862859405e-02
-2.571010677152555934e-01
4.164323100845883086e-01
-8.910506743566611043e-02
-7.831302437039888709e-03
-8.236293769793193165e-02
-6.695493246302987311e-02
-3.698141618348153026e-01
-3.335427800516922447e-01
1.343359199884088806e-01
-2.115177990161130062e-01
2.024149996330280865e-01
-3.222849537289478317e-01
-1.519840443870361935e-01
3.641666259241720383e-01
8.399602712228362855e-02
2.173582561871917340e-02
2.786384727219267665e-01
4.008072088431957614e-03
1.438363393625996522e-01
1.906425091820521944e-01
1.975976804914655882e-02
-1.505088070011283696e-01
1.571196317141143606e-02
-2.963950562367366481e-02
-4.323883078038849859e-01
1.724626709009496606e-01
1.019547277690881215e-01
1.323057758251273974e-01
-5.469733973218572631e-03
1.010789737812375216e-01
-2.827070739923990272e-01
-2.834409518569384057e-01
-9.127010586583188256e-02
-2.578427099508397990e-01
-3.861819927959370125e-01
8.118918321787443881e-02
-2.388027511859092122e-02
6.806050201448342329e-02
-4.103372336011064381e-02
2.787314419772582430e-01
1.903034656421714876e-02
-2.329193313890013939e-01
7.909446817751775161e-02
3.282046259146743916e-02
-3.325168861921954377e-01
1.688110833279189427e-01
-5.051984165233893709e-01
-2.141239552779453659e-01
3.646538683108718759e-02
-1.001011272598739538e-01
1.656675172879552571e-01
1.809660470418699707e-01
1.933337141452710073e-01
1.795583073104600746e-01
1.370344632583151423e-01
3.583672574730489835e-01
-4.473458949889637104e-01
-2.296400999289816558e-01
-1.260154892361423640e-01
4.771681699960987622e-02
-3.402240621901331252e-02
-9.089638699822651102e-02
-3.904636759475166308e-01
-3.035778256793522090e-01
4.076116703783315698e-01
-2.501214169812135957e-01
9.138625636998358448e-02
3.022054573533681232e-01
-2.268884757275412001e-01
1.277609999282978692e-01
-1.003862239871504969e-01
-2.674291596542679450e-01
1.835118751650990643e-01
-3.109001569622348721e-02
2.531649595290053067e-01
-3.340205417674949606e-01
1.902322409096384170e-01
2.451892108051553776e-01
3.244546098709356063e-01
4.735398817709360331e-02
9.728485276352379085e-02
-8.776874948436791390e-03
3.641895084256872028e-01
-1.929060129833420900e-02
-1.058031122254523837e-01
-6.397682083225525451e-02
5.213363558038752732e-03
-2.194071056392120911e-01
8.919156915739616387e-02
-1.462442893506900043e-01
6.231751807114863095e-02
2.481411544423491877e-01
-2.060124878504432655e-01
-4.022625049335066816e-01
1.131843758960399821e-01
-4.907836033681275273e-03
-1.298162084872089839e-01
-8.048314203686682267e-02
2.347025164295468425e-01
-1.128814332280347540e-02
3.489897196898504306e-01
