5.826931930864809317e-03
6.191745310197005470e-02
2.574705557966024960e-01
2.669074299711685638e-01
5.209000381463539664e-02
3.226022142532256054e-01
-4.175281843435522111e-01
4.696281329642624236e-01
6.389495564266303718e-02
4.174165090834485170e-01
6.187458064236441013e-02
5.376265146433103492e-01
-2.781200558152121527e-01
-2.349156216951018838e-01
1.858222453562671239e-01
-2.956888840289696729e-02
-4.818105454012517885e-01
5.662601981703625498e-01
-2.802111749715011646e-01
-4.887538622886489215e-01
5.593850221483844809e-01
2.736569297403119161e-01
2.877015839362083716e-01
-9.104604080031700186e-02
-2.833279266516591233e-01
5.826080511298265679e-02
2.998650968470681355e-02
-1.727300008316315638e-01
3.024995592113680631e-01
2.420514017172529786e-01
-6.908242004474954845e-01
-1.394018023241567761e-01
-1.802715853320884243e-01
-2.620215972761555379e-01
-3.195634881968701935e-01
9.873658519226477526e-02
1.006928537834623077e-01
-3.753263261555430108e-01
-1.731181359534675682e-02
-4.553770460256255648e-01
5.771946134787955263e-01
3.622385560178006947e-02
-9.384462567020174228e-02
-8.369624774717482341e-02
5.054083317666473452e-01
9.466301491808012947e-02
2.031316360270842558e-01
2.725439133289495053e-02
-6.150367655851536330e-01
1.337730102862168258e-01
5.965592391860188859e-02
-6.200271344460255019e-02
-4.727603868712332291e-01
5.716506710855656648e-02
-1.197669366667721003e-01
5.267509538170940531e-02
3.218846278500246960e-01
-1.446677762283916924e-02
-2.044191079426464774e-01
-3.469982952867796677e-01
-6.827854620559387078e-02
2.933971562811150124e-01
-1.192834801705313086e-01
6.577508056833854255e-02
5.701634058232545321e-01
3.996085669562922660e-01
8.419572962182909626e-01
1.041505954280787516e-01
-4.585633498387783891e-01
6.864042427786593015e-02
-2.576162773970674946e-02
2.254570647064523536e-01
-1.910209295476403280e-01
2.523273955721252459e-01
-4.044175397803793093e-01
7.005988455050653485e-01
7.035171326181527407e-02
-2.452459412811473505e-01
-4.457300083856821638e-03
3.687398586966851577e-03
1.234984480990776595e-01
-3.376738669354203970e-02
1.710820454422098957e-01
3.428543466784782501e-01
2.881055489459267288e-02
-1.696379264018526289e-01
7.421580906023571567e-01
5.046669445398730414e-01
9.012623718675037698e-02
-8.995562891132720396e-02
1.590967811982188784e-01
4.054091122873480779e-02
1.651824191651827048e-02
-2.530098575878051426e-01
1.959719612326382698e-01
5.406591683802722259e-02
4.357148292964200809e-01
-2.152818571112703194e-01
2.134194022910811672e-01
-1.951076083605574052e-02
4.681615686275503174e-01
-5.302863928567629059e-02
-1.183717260416656397e-01
-4.287485353643392949e-02
-4.491764908911626275e-01
4.143497518374981148e-01
1.818909885265931059e-01
-2.112717426825642120e-01
1.817133377958646268e-01
4.698098901457932186e-01
-3.693232239786218840e-01
-4.664978452021956157e-01
-2.860179486816829542e-01
-5.292741029190740909e-02
-2.019372707076450002e-01
-2.256197801988107932e-02
8.122831610638714395e-02
5.023331663265673264e-01
-2.146410569545683655e-01
1.253105763742035084e-01
-2.918699738543047983e-01
3.167056414635527339e-01
3.445055617837888828e-01
2.313184092918536550e-01
6.824216946375165349e-02
-2.500224330520284255e-01
5.249931894630920082e-02
-1.573090499960735356e-01
-4.926188541451699821e-01
2.627152822284227751e-01
-3.511731613973922972e-01
-1.489144937175494732e-02
1.640726397271608517e-01
-1.088333115076098867e-01
-1.213993482350178704e-01
-5.937444607739334607e-02
-2.095731698431547441e-01
5.323943034389154449e-02
-5.374829701326537812e-01
-2.308342316970750097e-01
4.547593109559624480e-01
4.602833944333283855e-01
2.408392026509659778e-01
-3.668603128776662392e-02
8.078076872534556419e-02
2.123231886739830321e-01
-1.463441618367370967e-01
-1.990233584593568139e-01
-4.203056460450469989e-01
-3.260263162227446387e-01
5.253411689300103715e-01
-7.875143443361444506e-02
3.373195662697429098e-01
1.620977361041568143e-01
1.708452804816152082e-01
-3.445017976916302516e-01
-1.079337127315213862e-01
4.178447282607478108e-02
3.098419752801077620e-01
3.598409146763825173e-01
3.607889630642251433e-01
-4.503146920605033410e-01
6.420335799271048582e-01
-9.004215112093369444e-02
1.210646683172922067e-01
-1.809599212125417578e-01
3.311958421990462975e-01
-7.341279087461564934e-02
1.159720474004485857e-02
-1.227275538610243244e-01
-1.889575667858025831e-01
5.766037813273136581e-02
3.119496929298782306e-01
-3.002932522813660521e-01
-3.723711944798568235e-02
8.226927742508327590e-02
-2.236756656086443806e-01
-1.478194194454505173e-01
-3.806473871012059917e-01
1.484649019433520734e-01
6.508733287668936329e-01
-1.179339481415997426e-01
1.380803442277062434e-02
-1.986553248368175262e-02
9.397023775503002274e-02
-1.860120265144475371e-01
3.111210425967118054e-01
-9.871654119657786719e-01
1.356533763346977339e-01
2.583976376534901642e-01
3.508127608250209417e-01
-2.405926113392089227e-01
1.503574469166535921e-01
-3.740357073684154043e-01
-5.998493335929807602e-01
-1.185449111297532110e-01
4.327449443216150882e-01
-6.014053973645016454e-02
-3.260926456571487941e-01
3.449731597094666258e-01
-4.131109821880187272e-01
1.709519034072058130e-01
-3.147885789494240250e-01
-4.597649867963906622e-01
-7.587748085732226588e-01
-1.181313697230514936e-01
-1.699627617909371669e-03
-1.737700351834513546e-01
4.170349151325484227e-01
-4.512850572295534213e-01
-1.668851871674896237e-01
-1.678303790332622558e-01
1.941821399144323113e-01
-4.364844070416160071e-02
-5.731928617332578968e-01
-1.829723679322989571e-01
-3.465413648029184168e-01
2.520940121573181925e-01
-2.111168835261681420e-01
-4.402665523132575642e-01
3.801424243655479041e-01
-4.289993539458273886e-01
2.246282649705206302e-01
2.189153798963656694e-01
4.260597703472480680e-01
-5.145629685855733770e-01
3.122718717090092744e-01
-5.062412130617763295e-02
4.135400653815698990e-02
-1.219429795292334764e-02
-9.349290937986576289e-02
-1.092323717550926498e-01
2.324946183003087641e-02
-7.538567290195201387e-02
2.327591319521902513e-01
5.828270996277018501e-01
4.850810151566330858e-02
-5.486979291067224374e-01
1.076124295343849208e-01
4.531965537007461298e-01
2.915410719926859739e-01
4.578356894424926993e-01
-2.407426116019399931e-01
7.345173861507269253e-01
4.504083894435314539e-01
-3.684548540871073197e-01
-4.427725884547051294e-01
3.871571719717483151e-01
3.630503123845152946e-01
-4.669460521013691912e-01
-4.455981911237285598e-01
-4.171513973324297853e-02
1.362951073252833545e-01
-1.242117935069929069e-01
2.838704196850403427e-01
3.983386376910372784e-01
-8.246907961595198455e-02
3.171377442010615555e-01
1.703219499179610685e-01
3.718011343202146102e-02
2.383861412380524625e-01
1.810091992072075662e-01
-3.190318717294128303e-01
-7.020003818881719315e-01
-8.906707729941613916e-04
