-2.058717030450483432e-01
-8.139844361291362351e-02
1.571644464704976818e-01
3.751519979240018898e-01
-2.077990843532420695e-01
-4.211246672709451078e-01
3.233159169443031722e-01
5.742293332291391328e-02
-1.035530175090870753e-02
3.163898291602140755e-02
7.897169573043862079e-02
2.705564283414968463e-01
-1.459948097067225170e-01
4.885280631899663883e-01
-6.212110555459370020e-02
-2.133162206469207400e-01
2.534640698573441542e-01
1.440779150342358927e-01
-6.992450762424659572e-02
-3.421575169339682310e-01
1.904948866674686103e-01
-2.726762741315392757e-01
2.039351860322435317e-01
1.736054346906607329e-02
1.606132780306748220e-01
-4.511941500250228332e-01
-3.437544835003852189e-02
-1.218684619846869543e-01
-1.121006524762455103e-01
-1.183936313472756241e-01
3.139659681471413943e-01
-4.247534209712274245e-01
-2.685985198877691160e-01
1.305258750512933164e-01
-1.806265056932718771e-01
-6.907029987594728512e-03
-2.676119098799713270e-02
-1.700739024005674116e-01
-9.767424739518194843e-02
3.552700392099344961e-02
-1.583896512722453576e-01
-2.497566232460429192e-01
-1.195103075795666131e-01
1.855890832057919271e-01
1.404168718250327907e-01
2.056566098911739582e-01
5.365456788144982170e-01
4.633365008303975269e-02
1.431375401988047025e-01
1.978669566235261579e-01
4.292539168023973284e-01
1.657157574363490871e-02
-6.779483260792544819e-01
-1.335240561845507656e-01
3.861640557004245022e-02
2.739317380634644916e-01
-1.284813395001228875e-01
1.491801994262791781e-02
-2.603202214674877474e-02
-3.165053470011069958e-01
-6.963688256868046100e-02
-4.179495697742274807e-02
3.535737127632777033e-01
-8.797484644403483212e-02
1.179229884948894413e-01
1.518740010240494098e-01
1.368353407518784100e-02
-9.432280419360314361e-02
5.348111652223207745e-03
3.950841333945810385e-01
3.681131341480957664e-01
-2.218769720387957500e-01
-2.094221772478449262e-01
1.274560244083212668e-01
9.793679403796634597e-02
-4.768922438700879951e-01
1.053119125706231118e-01
-9.874378069423803139e-03
1.998750924333111273e-02
1.483959315293864323e-01
-7.176360241160334441e-02
1.365151023363895232e-03
-1.323401272876072177e-01
-3.965029355849016696e-02
-2.494698876121047015e-01
5.091268601676961214e-02
-3.679491601574881310e-01
-1.444714409854245818e-01
3.650281268239543575e-01
-2.945449472297450577e-01
-4.070077058723579888e-02
-3.738564628429059677e-01
1.437149551735102115e-01
4.068143532684273533e-02
-2.155073452317276261e-01
2.802695589966001100e-01
3.980420756382962479e-03
-3.010904396640781133e-01
2.032164310555729658e-01
3.181306493115186595e-02
-4.781101811407672403e-02
-8.025347478664399126e-02
-2.344987531551956383e-01
4.015129312277436746e-01
3.958422667084933178e-01
2.128634183497117305e-01
-2.936353835239587928e-01
-4.870274087411768926e-01
-3.772366003576996807e-01
8.464236682250482480e-02
4.124647203642294035e-02
-2.698830225489754486e-01
2.347296555067764356e-01
-2.310151124042694737e-01
-1.540121112294816075e-01
7.016492035806887184e-02
-3.595373142645780229e-01
-1.560218446111494295e-01
-1.749065348833223066e-01
-5.419798302405300916e-01
-1.967851482487941728e-01
-3.152490797735315459e-02
-8.876274145568763263e-02
7.652394407850870994e-02
1.264116248082498561e-01
3.594041995766822928e-01
7.141465410266945035e-02
-7.582131325628826968e-02
-1.048388200794858061e-01
4.429076038956538675e-01
-7.203849375261428545e-02
1.495608060011038298e-01
1.090112877332214125e-01
-3.075561612196142103e-01
-1.142601482164435633e-01
-2.277903023034729968e-01
1.143399375081048525e-01
-4.368853334474573913e-01
3.221998742292305762e-01
1.025980427613680940e-01
-7.461789296876636390e-02
-4.057083384703016327e-01
1.972700095936849307e-01
9.337501748211307628e-02
-1.824699319549187917e-02
-2.732771215475168214e-01
-4.186794525900360830e-01
-2.615473194234957388e-01
-4.320424416033079584e-01
-3.672153769579603738e-02
-1.542642508601443363e-01
1.836294818621678204e-01
-9.278986663601913876e-02
-1.413258573978495164e-02
1.502635918402035475e-01
2.358610132293911810e-02
-1.848806359214528738e-01
1.034636526190258338e-01
1.844920422673991811e-01
-1.255319355495343459e-01
1.222894819703856106e-01
1.300852741514796698e-02
-3.186424605336145577e-01
3.095940367698764017e-01
2.106944824441833453e-01
2.978014839815560366e-01
2.345799639413838344e-02
2.239210218376637140e-01
1.811562401855710824e-01
-6.500180550793703549e-02
9.226614722091902587e-02
-4.701912027385385384e-02
-6.359452731516793134e-02
-1.808812643784415419e-01
-2.671132028088520904e-01
-3.318300691478038855e-01
2.273296716921333060e-01
-2.024465452866250001e-02
-3.953200962386715367e-01
-4.195529759087353594e-01
-1.860952467482027695e-01
1.746221891255178016e-01
1.435759356765409223e-01
3.073668338653915422e-01
1.942409674846420908e-01
7.047649978207548571e-02
4.995757109160471610e-02
-1.498650376790476302e-01
-1.011782136091724793e-01
1.428749798195261822e-01
-5.249922795502830197e-02
-4.841155942193023365e-02
-2.060592000993102524e-01
7.396438203803454986e-03
7.503302374705002331e-02
-7.846907918991907760e-02
2.265350417449957243e-02
1.219351357382768425e-01
1.671756244201554331e-01
8.670134869206552741e-02
-2.938247671681367690e-01
-2.405394618120090637e-03
-5.979531291080081301e-02
-1.926450182725352178e-01
-8.009321231432503518e-02
1.392173564074390968e-01
-4.080098812055508173e-01
-2.585962826545833426e-01
-4.742216087052518458e-02
4.381727053493912616e-02
-2.097199431583896267e-01
7.349813352706377478e-02
-1.773250856935920106e-01
4.983056946148453625e-01
-1.925387582597880842e-01
-1.704982895416612965e-01
-8.056410075821732186e-02
1.894777023944146654e-01
3.731474281148813160e-02
2.181516371423310729e-01
-2.195874137332406439e-01
1.336764598873526992e-04
2.608768813437870038e-02
-2.237691227384525083e-02
-1.284725238529379476e-01
-1.127011660827569317e-01
4.395378717557048009e-01
1.639969206038779104e-01
7.643355453891464979e-02
-1.803515881794714830e-03
-2.458665690316587660e-01
-5.801155445278138867e-01
3.740177883898173627e-01
2.942545301522894174e-01
4.241819010996910611e-01
-1.951174743997894645e-01
-2.290694666703071702e-01
5.180796321343507371e-02
7.941037028982253498e-02
-1.654341272818317943e-01
-8.503794705324627112e-02
-6.361403200545991121e-02
-9.427264276573282809e-02
4.201741723471041912e-02
-1.074020782688765718e-01
1.148346562171847496e-01
4.241449373725425520e-01
-4.081376873617670320e-02
-2.178135441973878123e-02
-4.761792525144828980e-01
-1.087061815102385032e-01
2.093948078596448159e-01
-3.463473917564259263e-01
8.955549946251860349e-02
-3.014688568040547745e-01
-3.751453582436136726e-03
-8.598831062578440876e-02
-4.669044357840862469e-02
2.032690858539196732e-01
1.544199665296929758e-01
-3.827455809924420471e-01
-2.600622143477163695e-01
1.770809026657602092e-01
-3.233572600714228196e-02
1.706392391362918093e-01
