3.812505509957378469e-02
-2.563297852866573967e-01
5.161771997662805145e-01
1.687757980365681976e-01
-3.363309772976911804e-01
-2.168173384140699433e-02
-1.216641530602830118e-01
-1.306839947543081137e-01
-2.543359488969912721e-02
2.084629026701442511e-01
-8.699237511179494509e-02
-1.290141610263697558e-01
-1.286739793841808199e-01
-2.326182733532410341e-01
2.114774498208726317e-01
-2.593429961906922876e-01
3.985552859298704953e-02
7.959911348175435775e-02
-2.009374580564122215e-01
7.394939865119978806e-02
1.769242907791603869e-01
2.994554553039510680e-01
1.050422757581912642e-01
2.440950121880830215e-01
-2.572439782139936404e-01
6.156750728425904040e-02
2.237374614845492604e-01
7.926331952290951999e-02
1.612467538101902409e-01
8.899211757535635536e-02
1.803094769847455592e-01
4.007728647510935271e-01
-7.300497826032278925e-02
5.395995705473175669e-02
-2.259705310026287606e-01
-3.975255460939466357e-01
1.721616419043397184e-01
8.091685612118770798e-02
-4.160804857182851535e-01
-1.830146422989374910e-01
2.186476290130642541e-01
2.829785209837560322e-01
2.676237705666706934e-01
-1.420943673164172527e-01
5.702188845300484310e-01
-1.544978034607298600e-01
4.165745324537959565e-02
-4.869695258846501451e-02
1.636889315201592310e-01
1.956632374802096674e-01
-7.552515328771522429e-02
7.628492307150531310e-03
-2.311584968479148683e-01
2.341836361408362044e-01
-1.150771144373692878e-01
1.720789886855320083e-02
-5.373859648769399588e-02
-2.333063474087659350e-01
5.872903581038959459e-02
-1.388604191546415345e-01
-3.342984180058667376e-01
3.129144787155724861e-01
-2.447845083423921819e-01
-2.352946053576271124e-01
-8.627748077902377966e-02
-1.834347610665790912e-02
2.045616050557610976e-01
4.843900404578960206e-01
-1.096400272299392908e-01
-3.322768159698487045e-01
-2.586729512789116558e-01
-1.587499359182508174e-01
2.326480799760165599e-02
1.610472784889334930e-01
-2.821730700049304708e-01
3.497631129546002748e-01
1.193236166338350057e-01
5.532217286341050144e-01
1.189957392304666628e-01
4.412004289015915987e-02
1.820152634121081636e-01
4.159674243601750587e-02
-3.066686425060986543e-01
-1.613343276643398605e-01
-2.709820914563441929e-02
-3.300495637196530496e-01
-9.035073597177843696e-02
-1.915406318415368569e-01
-3.071906478645064498e-02
1.459279322164713788e-01
-1.011918121615038024e-01
1.854929755228914567e-01
-2.015088638918048347e-01
-1.407096187693050449e-01
-1.968007580871297124e-01
-1.052971763860412607e-01
9.280543005885902308e-02
-4.679685741779388009e-01
-8.237750032401747191e-02
2.355860352647086431e-01
2.709001087460209956e-01
2.083962178909188889e-01
1.232650089009541261e-01
-2.146134170147874776e-01
-3.575709571832457190e-01
-2.549439553877248452e-02
1.869978380174834864e-01
-9.380174017403628689e-03
4.075264172531278817e-01
-1.490087418693507026e-01
-5.886220466202429780e-02
3.803686065714543263e-01
3.391439782628455357e-02
-3.001437037530797075e-02
3.651727618900849764e-02
-6.948606765040032940e-02
-1.346647754620647897e-01
-2.432961553547252076e-01
-1.239002539583370227e-01
8.777271609994512225e-02
4.855525288892881264e-02
2.026137083781044956e-01
3.854021692516013814e-02
2.304476950235913035e-01
-3.718452493728993113e-01
2.358580327680847577e-01
-4.674809466221409027e-01
2.726883434229316477e-02
-1.075449468269480541e-01
-8.143181777781322017e-02
1.046801448628761622e-01
-3.192784691804166908e-01
2.763504273759175844e-01
2.581611196147506893e-02
2.097979963970168782e-01
4.132266388816283054e-01
-1.885634614714845336e-01
6.003723845705867534e-02
-1.963351499993050142e-01
-1.478563585316607087e-01
3.337707991178863742e-01
-9.428713225176225954e-02
1.948372573448210743e-02
3.826719171494834537e-01
-2.333847761833028611e-01
1.025950823167850745e-01
7.187379805674307121e-02
9.597696487429091539e-02
2.162237333047646870e-01
-2.574148760104578715e-01
1.750444975437204786e-01
4.161949630121088983e-01
1.681547084919393642e-02
5.167015091776204494e-02
1.830013599563997673e-01
1.750725965521058303e-01
5.049125469999431459e-01
2.804692355525223446e-01
-1.376644238090117822e-01
2.232904340543104826e-01
9.902633682829339867e-02
-2.306452525659373198e-01
1.265369828386120887e-01
-1.061527110586283906e-01
2.633434842207014182e-01
-1.842404539551817100e-01
1.601825874601350286e-01
2.552959935616850862e-01
3.456703113989249565e-01
1.480242782563113701e-01
1.670840226723646627e-02
-3.145129324365916051e-03
-2.122076733429937301e-01
-8.340778655259414864e-02
4.891486517113704732e-03
2.653423826937166830e-01
-2.179664980995076884e-01
5.652914725349399844e-02
-2.675453826564467841e-01
-1.368834746166358585e-01
1.925397232721184904e-02
-4.420113108868126695e-01
-5.279489807737143270e-01
7.418644940956081735e-02
5.590594634510413774e-02
-1.027808998951425246e-02
-1.816879939006995071e-01
-2.404285560300792324e-01
9.871069747645309922e-02
1.206913306248897783e-01
3.522684077048010565e-01
-2.762316198134518452e-01
-2.736652663675235853e-01
4.708143371153271015e-03
4.902624026856514661e-01
3.689695668268566098e-01
-4.670578565114491543e-01
-1.837330599205264647e-01
-2.076480805967731713e-01
-1.348286372006093636e-01
6.642521337422399585e-02
-4.836939541570087764e-01
1.378555606416677071e-01
-1.727811490967067765e-01
-6.247585892228400828e-02
-3.638119295635341283e-02
1.463110696354275042e-01
2.100434178604578261e-01
3.008598489448598839e-02
-1.484578512419365559e-01
-4.334329992182076596e-01
-2.095732657163712487e-01
1.968654834629204875e-01
4.369336887097992062e-01
2.995139464200879953e-01
-2.440127999678758652e-01
-1.830925456049044275e-01
1.984544621825340138e-01
1.127277183410060613e-01
2.140259956968571520e-01
-1.059381182439442098e-01
1.509897253897736213e-01
-4.767990520322200609e-01
-8.185924564479021837e-02
4.320003547119283249e-02
-6.720028541798303556e-02
-4.120234892284845296e-01
1.723630633621658359e-01
1.103047236934964065e-01
7.021005577019781563e-02
-2.825026388421097434e-01
8.837914645829007126e-03
3.239618060526428533e-01
1.853975289325519027e-01
9.783839225474227907e-02
-4.419196966523822323e-02
-1.848422694407522160e-01
-4.049765504335881006e-02
1.952231691298847993e-01
1.474115950174607059e-01
-3.362098053940455467e-01
1.197049152144192691e-01
-1.014359764068235303e-01
1.589825974222581761e-01
9.769180705458144209e-02
-3.270398750147684996e-02
-6.587944607184717527e-02
8.387578808923197571e-02
4.067567962165473672e-01
4.372825243504376846e-01
2.592566960105467319e-02
-4.368019534355870315e-01
-1.648142369570068377e-01
4.366658501541322845e-01
6.663135916183627813e-03
1.088898658157149701e-01
2.236080164398503989e-01
-1.566645323100245846e-01
-2.006089707330802052e-01
-6.307895411102311042e-03
-1.436250672567107589e-01
6.242771145362406848e-01
-2.575243540357741168e-01
3.215365775848591512e-02
9.760393931780605992e-02
