5.347246055861450825e-03
-2.724796590818348019e-01
1.230663471283876959e-01
2.715222060078202881e-01
-8.434467260668349065e-02
5.668893937187761967e-02
-3.574891158254206447e-01
1.987986693522233173e-01
6.578824965947399628e-02
1.803071712598261489e-01
3.947319118831837947e-01
-1.725254673846424724e-01
-4.719551691910702784e-01
4.584396441697775881e-02
-5.291579845866414278e-01
-1.964343861686465020e-01
3.481509293575868469e-01
2.949279530250082382e-01
-1.320611051478752795e-01
-5.478214790123612232e-01
-2.348713567037173655e-01
-3.532159397123798561e-01
-2.434787890980269487e-01
2.307088989089500775e-01
2.973194134123325824e-02
3.464264000942626209e-01
3.435591007925202223e-01
3.211968910006248734e-01
5.040214448948581172e-01
-4.573899628557789865e-02
-4.702454537993494554e-02
-4.588977795092402667e-01
3.358401935573101516e-01
3.444843817002835595e-01
-1.993428729802688704e-01
3.522500955455006716e-02
-1.686744457810854803e-01
1.029553376397562836e-02
3.550396229792990299e-02
-6.993157183397347154e-02
2.720400564581318958e-01
-1.930938584887659792e-01
-3.920036185996626510e-01
2.034967752301378163e-01
3.590549908722603378e-01
-2.407080806234324077e-01
2.367212656617662669e-01
-5.912395204680200717e-03
-4.559381196364042932e-01
4.205445923833268651e-01
-2.902004516329941275e-01
1.098187443054982199e-01
5.987457338724918449e-02
2.386014767255304203e-01
2.162174254417351671e-01
2.177865795127796322e-01
6.764816687595058831e-01
-6.166551336521295529e-02
-2.071835860761783166e-01
-2.904182013387837658e-01
1.266136703182451084e-01
2.421219629415319874e-01
4.935611220680443667e-01
2.592753712905409014e-01
-5.050686052123363190e-01
3.562629827529291693e-01
-3.695995679166512726e-01
4.549449019900912439e-01
1.315551798281659468e-01
-2.602973671098087749e-01
3.606951464581988898e-01
2.323297765803876702e-01
2.743886854917136908e-01
-1.716236724220587817e-01
-2.419378579313206656e-01
1.571560963685575130e-01
-2.288779770409311853e-02
-5.213838894672681024e-01
-1.731376089691666065e-01
-3.495318611020273858e-01
-3.362805077194169212e-01
-1.194506991126119411e-01
-2.647529470930960471e-01
5.741032975710420594e-01
-3.784076855428429309e-01
4.187923887700079062e-01
4.970030791698172856e-01
-3.251674462437548208e-01
4.832869468900826693e-01
-5.020257305001158965e-01
1.107908256770173405e-01
1.061132426131827650e-01
6.981717360092230817e-02
9.267913033639449405e-02
-1.770480448660690376e-01
2.536140874666915207e-02
-8.147571805271675016e-02
5.194409232416027367e-01
1.933165240750944203e-01
-2.236182133938658945e-01
-2.244608594427623394e-01
5.644362093375277639e-02
-1.971846033474586313e-01
-1.610038649201088745e-01
-2.936327485923924119e-01
-4.616541419116798606e-01
-2.334367323567013153e-01
9.896205641484835669e-02
4.203890220175487968e-01
1.649415050087784940e-01
-3.336017615494347166e-01
1.686724521361307461e-01
2.887084367986963995e-01
2.579233551209799691e-01
3.612696525493639954e-01
-1.448871822238117224e-01
2.750525228523145183e-01
3.297685851731664564e-02
2.933707278025736165e-01
-2.340267255060127782e-01
-2.283338377699683369e-02
1.731203538695515742e-01
1.150919977745740730e-01
5.114430920640108957e-02
8.295978173388339483e-02
1.330566782899635370e-01
3.003728892125691607e-01
6.148084609726246486e-01
-3.859272356259685344e-02
1.189117758286223903e-01
-2.720290972956328490e-01
-2.129561121500591070e-01
-1.358579374388963756e-01
5.382980737981646335e-01
-7.295024883970245844e-01
-1.719954353206817887e-01
2.448735654249019900e-01
8.066887035656822302e-02
3.023854973817731162e-01
-2.745157209344109561e-01
-1.381720496390804742e-01
1.085018187299796738e-01
-6.249906849877113757e-01
-4.424495137291741265e-01
1.400339227928483476e-02
-4.510470341346539680e-01
-7.585951122612952235e-02
-5.911510565078419432e-01
-2.891803089365885260e-01
-2.582645210844539130e-01
-2.664902175441556942e-01
-1.806553275767962541e-01
-4.882867292757979705e-01
1.432937977666501606e-01
-7.106699503531351825e-01
-6.587095031299936565e-01
-6.017459506459598567e-02
-4.901806182250550981e-01
3.995129065173954608e-01
7.268464245984265770e-02
2.148854449517297316e-01
9.629200765637858928e-02
1.751037903251419503e-01
-1.984391913198687574e-01
-2.513488832662984507e-01
-1.678448700512698843e-01
-4.733825351000619519e-01
5.796274546242222714e-01
1.544786369034001072e-01
-2.438076156206962775e-01
-6.933005339420463820e-01
-6.965734157871338039e-02
-2.457043265660679432e-01
1.131471597485199237e-01
2.997132709029649011e-01
4.638981329840567713e-02
-1.819052703433508000e-01
-1.158353326115777460e-01
4.469723031261860768e-01
-3.989605523012115240e-01
3.286580617784266023e-01
1.103067927169558982e-01
-5.756488923381721801e-01
-1.282139940348759125e-02
-3.188414737051197823e-01
-2.054325472774101158e-01
6.298970718119910606e-01
2.254802211043292481e-01
2.705990353840082019e-02
3.033755072091057770e-01
1.607858629028313668e-01
-1.801869511512954386e-03
-2.981200119074031152e-01
-4.138910685298890363e-02
6.762474552576482056e-02
-1.181452903251542647e-01
9.417074966875453590e-02
1.714328316278954101e-01
-3.351266076537869898e-01
-4.517537450980484426e-01
-2.027947969508942516e-01
-2.726483692075995502e-01
-3.801733298504833547e-01
-1.192449768602506788e-01
1.931861689134808935e-01
2.160419381756887580e-01
-4.747846607969666288e-01
-1.655520028125740672e-01
-2.230929363621870776e-01
3.502890691155329805e-01
1.683088894470703978e-01
-5.738530716328671399e-01
1.367462123846712729e-01
4.629307737870211326e-01
2.853852673674094342e-01
1.630002143079865851e-01
-2.590790521800995228e-01
6.094999109345121402e-02
3.473106276401396464e-01
-9.965939142673701026e-03
-3.748301153576760192e-01
-1.732257524338517152e-01
3.100657864330393088e-02
2.892719270483389837e-01
-2.148548724034930191e-01
2.054777101483538093e-01
-5.135813424217325895e-01
4.102107935061473087e-01
1.633536853400709421e-01
1.544818292447184827e-01
-1.479490952913487534e-01
-2.395618314293993800e-01
-2.495785426735251319e-02
2.897573087687353444e-01
-3.317913167878127068e-01
-3.857028861249325313e-01
1.973627140595397012e-01
-2.272976147279004433e-01
-1.827551726824304668e-01
3.077108700457319990e-01
-4.336048784101509401e-01
-6.999946351526190602e-01
3.548476675332145058e-01
3.906617128648826737e-02
-2.563908443198305021e-01
-3.507980819075130485e-01
-1.565639195308646536e-01
1.559631590957362146e-01
3.754165477521967942e-01
-3.707030038947896622e-01
-6.705264289244541320e-01
2.120417879516440229e-01
-5.982315653296648161e-01
6.934711962142055264e-02
-2.382795281895291328e-01
4.696071514437837324e-01
1.673499654142777265e-02
-1.227614665831119334e-01
3.574922369632627106e-01
-3.461450327541758937e-02
2.032059451130698302e-01
7.617802683218824478e-02
5.695273674699125044e-01
1.878409885026053119e-02
-4.229428317712909946e-01
