2.586074492281963400e-01
1.032967635682401908e-01
1.868408442340523390e-01
2.340451295363372985e-01
1.701670436860570068e-01
-2.434447978319198569e-02
-4.172184169114726005e-02
2.909611104707920948e-01
-3.057259191452388336e-04
4.110099033133951529e-02
1.418226539277500364e-01
-1.610556419281023166e-01
-4.042149246495066461e-02
4.343072632747496664e-02
-9.791932488251964273e-02
3.613701645839761945e-02
-1.528230544387051137e-01
7.516173632807252036e-02
9.779319629010949089e-02
2.400894489682867949e-01
1.224505267610128123e-01
-3.010610098367552667e-02
1.710815709989751132e-01
-2.143924311540063021e-02
1.286181066402333484e-01
-1.266878627399814494e-02
3.970105411238639137e-01
-1.672527336628293615e-01
1.128990818533717466e-01
6.870631016862432938e-02
-1.231836110182021327e-01
3.314081154552031561e-01
2.532340933213702017e-01
5.810852959245690896e-02
-2.264676733669762909e-01
-2.123691500306089941e-01
6.040514463079374452e-02
-1.580013168087877062e-01
6.793738350950201399e-02
-6.045142272221723512e-02
-3.857224619655461040e-02
3.010717771021614864e-01
2.811863702832166911e-01
9.731422111921642082e-02
-1.560840814058223613e-01
-7.263768863562011791e-02
3.593834732805717969e-01
-5.835327185400734917e-02
2.958988503813424487e-01
-6.240645448873213819e-02
1.324791893551311994e-01
-5.107511125195746127e-02
2.812291598219326394e-01
5.105560414181312678e-01
2.048696811859263278e-01
1.488086849975866766e-01
-4.655228927214571932e-02
4.196472345775905666e-01
9.259142277206741656e-02
-1.129978646411719523e-01
1.599006153367277805e-01
-3.959856029531315103e-01
-9.043490047058416748e-02
2.888317040427333948e-01
-1.003444147501990347e-01
3.007467948293280902e-01
3.730839726503374920e-01
7.482336410116366410e-02
1.119221079530274832e-03
2.265500916284933219e-01
2.781939972078028012e-01
1.219306692704852368e-02
-8.301565381393594123e-02
4.530588519466757780e-01
2.220358627135608776e-01
-1.715669915527500700e-01
3.033929717684074046e-01
1.260540325888128699e-01
-2.044119864776427209e-01
7.653498209515641193e-02
2.498993785993294803e-02
-1.458737754080638993e-01
-1.812437079425173736e-01
4.079063661166368315e-02
-4.389030864714976721e-02
-2.092566369200974385e-01
-7.270883245731757372e-02
3.777022589354186444e-01
1.533177282779368267e-01
-5.808341358978280633e-02
-1.043534255337905114e-02
-1.262159223203088432e-01
5.010283218727032417e-02
1.006097047584759985e-01
-2.697356366829175567e-01
2.572317412679147042e-01
3.857166302083718801e-01
-1.880294056243674572e-01
-5.950921134573014526e-02
5.712153606803405115e-02
2.738682670453493895e-01
4.169202157692208921e-01
3.089198290951425951e-01
-5.574647645345737201e-03
-1.076153036263167717e-01
1.419150864409168267e-01
-3.074872964987028778e-01
1.734039522040882186e-01
8.349375359991811907e-02
-1.439532147688538100e-02
1.408593270112412366e-01
9.253258571150627110e-02
7.217116147550853289e-02
-7.777114065333071147e-02
5.622722040755367967e-03
-3.030471344893160834e-01
-8.022874540826821499e-02
1.273781662473637832e-01
4.419239589003429725e-01
1.247568227514627426e-01
1.282304544841173233e-01
1.613953781022470224e-03
-1.400771786014225473e-01
-4.600437594474235392e-02
2.142432091335995936e-01
-2.371758714156471659e-02
1.232362080911827973e-02
-4.730300297823450406e-02
-1.049749150068371994e-01
1.504791282181129342e-01
-1.372108838778571260e-01
-5.904287480513314978e-02
-5.006842433560865224e-04
3.055850878757207512e-02
1.987185928632463350e-01
-4.313296892330931165e-02
-1.058473816721350880e-01
1.772246979237124265e-01
2.118983961838334928e-01
2.676039066104093922e-02
-3.240386067451338503e-01
1.541177871255675069e-01
-7.915939693353804540e-02
-1.740072598917129787e-01
-1.794455836293698536e-02
-1.538269157727399639e-01
-1.004886408581615043e-02
-3.041490414795151587e-01
-1.278722495205793508e-01
-1.633434074111123346e-01
-5.662227693518290250e-02
-1.539249715077530556e-01
-5.708259287484426792e-02
-2.522955067053204159e-01
1.025230294861166069e-01
1.106490207091876399e-01
-3.562585564959209194e-01
2.997204664131416507e-01
2.737767533895940630e-02
6.527871016695890871e-02
-2.254457019708939192e-01
1.935666285841411982e-01
-4.922401481249638611e-02
3.254266034506302363e-01
-3.605378048830238935e-01
-2.220763299109181632e-01
3.564508854352949063e-01
2.892595651934654066e-01
-4.083643419496435500e-03
2.995798175379639217e-01
3.011231236474247175e-01
-1.391445003700658989e-01
-7.631330249296319757e-02
3.571637791227751935e-01
-5.488161319250690617e-01
-1.531134388618957121e-02
2.830502978266008496e-01
2.108985617122932366e-01
1.144718648752078016e-01
-3.700389788313508954e-01
-2.226577045517150188e-01
3.405292416958162205e-01
4.558517622569535632e-02
3.622241929746100597e-02
1.105211529122917535e-01
-2.681555808086860115e-01
-1.241701495934438293e-01
-4.507232988126761430e-01
-2.282250038159194250e-01
-1.696613823198161730e-01
-3.303854146983158935e-01
7.496927394163596658e-02
-1.157291597889669732e-01
2.862070268338229306e-01
2.180137089265712091e-01
1.873121808594407911e-02
-1.611581662934727932e-01
2.725360982456027648e-01
1.118103270886871836e-01
1.370621470339524473e-01
-2.133259211760273333e-01
-1.078126217706956713e-02
-1.337487391806381209e-01
1.472371458741998096e-01
-1.972524649936822361e-01
5.535447564090667516e-02
-1.673498763419299928e-01
-2.062158365009871819e-01
-2.524879715528917101e-01
1.581307279335404936e-01
-3.298710530943332331e-01
-1.740090167604607663e-02
1.695608782199728992e-01
2.747781248363154738e-01
2.288242830756681001e-01
6.838920582152807626e-02
-8.231698510135995739e-02
-1.736587209325158587e-01
-5.960813927698460635e-02
-6.522720105096505017e-02
-3.459451332284521063e-01
-3.800744921275297505e-01
1.662098390392074965e-02
4.449589876933842114e-01
1.320382447542527704e-01
-1.765721534377170110e-01
4.076127964869227793e-02
2.069642430861549642e-01
2.735648056641838410e-01
1.975610704250823635e-01
-3.178673067251039930e-01
5.788816608008501285e-02
-9.660493309069009826e-02
1.481877192009319055e-01
-2.156125377991294778e-01
-9.467994687952077659e-02
-1.305490208573119593e-01
-3.627109197993150236e-02
-2.561315628211441320e-01
1.945277725792205481e-01
-1.551822181608736861e-01
3.280950583350927818e-03
1.329839044849632779e-01
-1.652831266240205599e-01
2.212319434196695911e-01
-2.409531961353246210e-01
-2.673091869258797382e-01
4.087949657890563304e-02
-6.879231522356801798e-02
9.862482855998522258e-02
1.694151090544138705e-01
-2.564484012922861877e-01
-4.376969908522698738e-01
2.277131327478318368e-02
5.058242398849197574e-01
-8.587265765131424367e-02
-1.771695780299021583e-01
9.246279560846673573e-02
2.570250514244887263e-01
1.126925669496220417e-02
-2.529976181729020057e-01
1.221774816069525205e-01
1.107378974620955026e-01
4.232099952712925495e-02
1.774487187093929108e-01
