-2.156471724274845458e-01
-2.123208162566956325e-01
-7.408816002869471340e-02
-3.019014117757579108e-02
-2.738753746505047659e-01
-6.400485439346040306e-02
-1.466886711927539722e-01
-1.439333187144098969e-01
-2.118568873188064750e-02
1.782939880729649262e-01
-8.505231654234265970e-03
-6.102601130308371591e-02
3.854981616852527770e-02
2.608572133284514094e-01
9.883083280988751163e-02
1.382459592389033431e-02
2.408391281186079980e-02
3.539632090158664202e-01
-5.215924487966627776e-02
2.330549068443274474e-01
2.264026316882366552e-01
-2.518726453980947855e-01
-2.949979695553400783e-02
2.282198488263573188e-01
1.460621155430170681e-01
3.753338218324035469e-01
-1.280257030796477236e-01
-9.524453598798596210e-03
1.550066348488753354e-01
-1.797250161883819086e-02
-9.868883431124336747e-02
4.579427317017230048e-01
-2.133508926851685472e-01
1.171989270808842520e-01
5.866405961962037341e-02
1.175178997749377063e-01
9.170089411540131852e-02
5.894950413006194712e-02
1.173490124857554801e-01
-7.663424800073292964e-02
-9.533320988802615470e-02
-3.829422093826724549e-02
2.176887044283959682e-01
-1.814276878853271491e-01
-1.323263822593855055e-02
-1.933350299812604256e-01
-2.440501584951677017e-01
1.876795094238542239e-01
4.872413746841861015e-02
-1.053542857567465740e-01
1.772033667439310012e-01
-1.722079469223498915e-02
-2.825325741501200638e-01
1.885456578610266720e-01
2.896508843141932243e-01
2.243263923835391582e-01
-3.712198274960036848e-01
9.878914725218142234e-02
-9.911004549010853093e-02
3.781355285816928036e-01
-5.410011930943369185e-01
7.733739361996250228e-02
3.299570014315045263e-02
7.879751304358824371e-02
4.144959225189452923e-01
-1.167255822813236116e-01
-3.520626725417237979e-01
9.901168614357809539e-02
-8.738323741822123791e-03
5.788939075136251278e-02
1.672117259335848538e-01
-3.303077565746597721e-01
-6.592675697461160278e-02
-1.742347034744093914e-01
-6.434232155719461776e-02
3.796823719325178592e-01
-1.976579851634228113e-01
-3.637268148397364287e-02
3.003444899687762737e-01
-2.242836944718299697e-01
5.563258888591432472e-02
7.848962534452205708e-03
-1.767564411059921459e-02
3.595316991098386483e-02
-1.671485575755293773e-01
-3.196011427181696951e-01
-8.873249316851372637e-02
-3.543039896765205754e-02
1.250985416406437400e-01
-3.075256016713198148e-01
2.517451805426025313e-01
1.451500200148711228e-01
5.090263064146532956e-02
2.603565762143994489e-01
-1.540706963435371224e-01
2.930304636992096534e-01
3.780025007829632133e-03
-6.175205756309865013e-03
1.506483516341566298e-01
6.812854046305313882e-03
9.692257081356124571e-02
-2.018361967316828764e-01
-9.661055118943182030e-02
-2.842737493530682058e-01
-2.889347867952115623e-01
6.628303083560170561e-02
1.204071317746521486e-01
4.185106199429207696e-01
-1.235575112980411838e-01
1.122768513673595703e-02
-4.102703927939101991e-01
-9.777370377773687837e-02
-2.617403656825352531e-02
-7.789153097623477406e-02
2.293526829869381167e-01
-4.924727769543280065e-01
-2.308740148341658083e-01
-9.909286287943624982e-02
-2.344214436385625988e-01
-3.980548027651326093e-01
1.873183407899242647e-02
-1.868555446583204660e-02
-6.665254788255278728e-02
-6.085983981863510306e-03
-1.538599004093815781e-01
-2.129603352646826098e-01
-3.596665447845468488e-01
3.459387384389316089e-02
1.382273099708068442e-01
-2.011931671050943005e-01
8.281011675617891421e-02
7.704981319216021307e-02
-2.932586167438618885e-01
2.485932455711946654e-01
-2.623268846382649788e-01
1.398989513004892105e-01
-2.749954327683325483e-01
2.255239423763541473e-01
-2.811551673501940796e-01
-4.025714050322634074e-01
-6.146161763607402295e-02
-3.923813139416976181e-03
1.218498514009944689e-01
3.005653666109859845e-01
4.816483678870242535e-02
-2.180155795647911732e-01
1.538540202077174901e-01
-2.560296963978515583e-01
-6.495024220824964500e-02
2.317573560143337263e-01
-1.880490852386119127e-01
-1.021821246612633211e-01
1.154968449071138020e-01
3.163479585467421362e-01
4.139548683382521244e-02
2.266488325962070782e-01
2.338416878162420387e-01
-1.327890795155837189e-01
-3.832996287362000487e-01
2.730227330708059896e-03
-1.675501366751782628e-01
2.629390958202447726e-01
-2.448551719984682351e-01
-7.376252740925794138e-02
2.914126775101887890e-01
2.327186518091557688e-01
3.161759432979481255e-01
2.554881314521104119e-01
2.912603917673192155e-01
7.568733273015705587e-02
-2.942609591501799127e-02
3.949045534222349607e-01
-1.619769754397876182e-01
1.168977095504691588e-01
-1.421270054172192598e-02
-6.418657621872549124e-02
-2.127658196296755844e-01
2.153040232301651757e-01
3.150884412843398819e-01
-9.131146731556070983e-02
-1.671894229603817228e-01
-1.196782122667064130e-01
3.709248675946946183e-01
9.807896658940602752e-02
-2.195943146674194657e-01
-1.305494838335139740e-01
1.679691269248295704e-01
3.272339769443277646e-01
-1.082826826875887410e-01
1.723023049252142003e-01
9.262021166014264284e-02
9.808238021520970795e-02
1.384619929088899970e-01
-2.233396870303002157e-01
9.692365866302928012e-02
9.709384989528237198e-02
-2.495921863566057664e-01
-9.780844243028566365e-03
-1.358707904618891571e-01
1.264607880520502436e-01
1.171645850584444731e-01
4.139953677845963076e-02
3.974090586552641025e-01
8.413644194076613791e-03
3.640772393496889692e-02
1.705699209038638031e-01
-4.589429857955075465e-02
-1.640405359230884819e-01
-5.807025112594850491e-02
-3.484402283663496913e-01
-4.667715942219037850e-01
2.811890785685278171e-01
1.400300527081168589e-01
8.901454992242675834e-02
3.429174417271801389e-01
6.178127808937222687e-02
6.926745976361947665e-04
-2.532071372349860294e-02
1.298973551981713048e-01
4.647324058416275605e-01
-3.414389042143483599e-01
5.774269893965511269e-02
-1.554283549814784726e-02
9.788832542013332916e-02
-6.394040394741112854e-02
-3.339104999065081181e-01
-5.162890398926099911e-01
4.174394305552546480e-02
-2.378630512008121922e-01
2.188832961749320183e-01
-1.027825971892779022e-02
-7.744240660553697309e-02
3.082220835492542887e-01
1.879019062424254205e-01
-4.453723536946603279e-01
4.733592875619457851e-02
3.760360799535541476e-01
-7.346904287128253053e-05
2.234648325787988166e-01
-1.304060538940730041e-01
-3.271334553830652636e-01
-2.945845714420992634e-01
-1.675506056543470956e-01
9.398207063238221692e-02
2.396389354706218722e-01
1.609644694642421991e-01
-2.168215832705115975e-01
1.588109735485639384e-01
5.443187199169448320e-02
-5.746750699774932913e-02
-2.616468135251400762e-01
-1.004626491218934686e-01
2.232662181955091529e-01
8.281832498877653159e-02
-2.667251392918916497e-02
3.846878116973494188e-02
1.470134656990213229e-01
6.428670156069435371e-02
5.175146623832214132e-01
7.535915770454813811e-02
-1.466387906660176210e-01
7.353928360668345043e-02
-1.296259796018164878e-01
1.665980131293428590e-01
6.690487619589366441e-02
