-5.331571118461433945e-02
4.099597307896941656e-01
2.648825910306948916e-01
1.390826865845584126e-01
7.742602288851563319e-02
3.719178556047909173e-02
-2.204228022801162923e-01
-2.956268260749937010e-02
1.188564157198846033e-01
8.382221845053373921e-02
-2.348526114401534859e-02
7.917863428696114703e-02
-2.838444270721056650e-01
2.170643710159439466e-01
-3.029524015329759234e-01
-2.091737647205970663e-01
3.679744095874917797e-01
-3.212368153785132296e-01
-3.838473660616623095e-01
2.203295002692771398e-01
-2.461134151638936785e-01
-4.234985962244169899e-01
-2.867136477986470533e-01
6.744652034532072626e-02
7.698530653914859023e-02
1.096073398428615703e-01
-1.317278477734468711e-01
-3.045325748603577298e-01
1.409721001637141702e-01
-2.339906720881805569e-01
1.067419855543505075e-01
-2.321065085663090444e-01
1.230160106573503220e-01
7.414492797667137092e-01
-1.978732336427738436e-01
4.073406063305452796e-02
-4.418024175369220791e-02
-1.623121462411237226e-01
5.855447879659430033e-01
2.829870923290344065e-01
-1.553591086542789323e-01
-5.368224837915804848e-01
-1.151854954520142443e-01
1.860546745813667913e-01
-1.179618038026561261e-01
6.231940105047607120e-02
-2.584787690109450198e-01
-8.774206658681642512e-01
8.979647769018644227e-03
-5.784662223538712678e-02
-5.721398098704662261e-02
1.662809866551953619e-01
-5.605650138905164948e-01
-2.985019305576661758e-02
2.796611469307695441e-01
-1.441839443969373524e-01
5.972025285801974004e-02
1.281973465259528822e-01
-2.493262039917437389e-01
4.646091567746548634e-01
-5.071925344190454377e-01
-6.960702810096638937e-02
3.243683563841709416e-01
-2.765796599638832287e-01
1.975692529772591355e-01
9.961990597535066994e-02
-3.668200987792766266e-01
1.108598260042100402e-02
-2.207159860721649991e-01
-3.386125371028235742e-01
-2.837334337469964163e-02
5.716795764768300980e-01
-3.862890263083313958e-01
6.426028775172044627e-01
-9.452383446850684545e-02
4.863403148374320084e-01
1.049441774000702821e-01
2.334850436757574532e-01
-1.909284441919091857e-01
-1.333852361259288063e-02
2.862530617080239481e-01
-2.583475930000433962e-02
5.202212657197228252e-01
-3.478104790451442829e-01
-2.432773916881475207e-01
1.702769833732969695e-01
-1.926017907932300877e-01
8.604480289277377514e-02
-7.890960372425598335e-02
2.583069928570963514e-01
-1.567996344668010633e-01
7.195167800784985773e-03
-2.075482704859498220e-02
7.465405039406369792e-01
3.666249508907266086e-01
-6.731398843606785538e-03
-6.746007703527927557e-01
4.787098238071548773e-01
-3.304157614007623839e-02
2.363388348173551395e-02
1.434331206103928724e-01
-1.844780694211836658e-02
1.132716792876251877e-01
2.922045907012831845e-01
4.524782991759164485e-02
5.939205200599670942e-01
4.114227397386910345e-01
2.334361838538463740e-02
-9.030256647390787206e-02
1.245174766933789534e-01
-1.479044634674624992e-01
-5.847044888878134561e-01
3.802923964694570474e-02
-1.685973768301742282e-01
-2.347409661886504795e-01
-7.051743199214896562e-02
-3.680175145677504721e-03
-1.337355882579977645e-02
-2.296824864223839247e-01
2.752963648150095199e-01
-3.168607606097051388e-01
-1.837812256877379147e-01
-7.714271293975413779e-02
1.646331887415520071e-02
4.359546598847529042e-01
-4.286273518657830461e-01
1.926665139054202780e-01
5.574992217778644565e-02
-6.479038948630877481e-01
-4.978859746592737556e-01
7.896914471188514958e-03
-1.639670168543147510e-02
-1.152979047086657993e-01
6.050070489641760085e-01
4.040820683198778074e-01
-2.638631880744665148e-01
3.857553170220567873e-01
3.628347870202011660e-01
-2.869295860578292556e-01
1.474371472819420437e-01
-1.661651766773863115e-01
3.007298695387037313e-01
2.159513688367559747e-01
2.758996170746037813e-02
9.827204855904847491e-02
-4.475996364412888617e-01
4.125211761258589238e-01
2.967143643686968035e-01
1.308017705574464618e-01
1.130534925357726261e-02
-2.442087754662120580e-01
-5.281843996126137086e-02
1.464691231728236787e-01
9.079386080214341126e-02
5.058343331798846876e-01
4.158787285159319946e-01
-4.791751384064145691e-01
-2.331987832772289548e-01
-2.373470186872233545e-01
-7.059856630813905465e-01
2.758252039495420194e-01
-1.890079104991229386e-01
5.155566183307551675e-01
-6.590218050773358205e-02
8.307533219740020902e-02
-7.254334471658684391e-01
-9.676609430023208613e-02
1.569244745470695923e-01
-1.383771138368151132e-01
-3.319521833293201385e-01
-1.135973737262123244e-02
5.443731292392311322e-02
-6.422744822078071958e-02
1.440259483980236288e-01
-6.150148509621426902e-03
-5.136692528683239889e-02
-3.244563455003333097e-01
5.855705235833710276e-01
-6.921024018668001099e-02
-1.051673312956515616e-01
5.384620143406975146e-01
3.627707966980736609e-01
-3.717719216357606021e-02
3.729510952239790955e-02
9.529054777125597897e-02
3.803426538262852374e-02
-1.262665435423111493e-01
1.795761723316942615e-01
-3.969805117402847583e-01
-1.529507442332682654e-01
-2.658851215662816903e-01
-2.887497321340810608e-01
-1.022470335008904552e-01
-4.219429540704382475e-01
-5.158190606681168910e-01
-3.089723366107217650e-01
-1.740070771945669559e-01
-8.519207020144253795e-02
8.273816360118801949e-02
-1.844869898265326380e-01
-1.487433783934958287e-01
-5.677865238626325084e-01
-3.467069884302748095e-01
-7.688365274406364080e-02
-2.228108178217422242e-01
-3.513198232745607941e-01
9.222393625224772906e-02
-9.273108173446637653e-03
-2.276230208182380144e-01
-2.428737997931630921e-01
-5.457604523257912899e-01
3.209044073712641887e-01
2.841088946883671418e-01
2.305547999692926509e-01
1.087587074647051177e-01
-3.467818669120714681e-01
-4.827879116340357823e-01
4.410722046196188240e-01
4.103476634526594391e-01
3.237784899492716084e-01
2.307953565667930362e-01
-1.116513408972125698e-01
-2.310615653875313646e-01
2.897468343264115176e-01
-1.715813838813824710e-02
3.316492272981165224e-01
-2.293349610877642442e-01
-9.145882985975682666e-02
-1.158694369403142355e-01
4.727512697728253888e-01
-5.175412839582589353e-01
1.941479228744377727e-01
1.958692238694784982e-01
5.472118000825609840e-01
3.765880924646000105e-01
4.780241391337912704e-01
1.834778427268112799e-01
2.542537011657400314e-01
4.110059820887039250e-01
-1.114717208817235169e-02
1.532351473318956381e-01
-1.207376755627774523e-02
4.648248661595507647e-01
3.743476502001374384e-01
-1.465452774516535772e-01
-5.229152825341163435e-01
4.059966751870092150e-02
4.191341139738041788e-01
9.659652230164073039e-03
4.861034848000940489e-02
-4.734659425699343921e-02
-1.875633442102566661e-01
1.186943535511263137e-01
5.657598941263312919e-02
-1.613129929070575980e-02
-5.790435282600164824e-01
-1.115434212595021735e-01
3.718158509858731087e-01
-4.978331594032309182e-01
2.128571633244857042e-01
5.250167175507336470e-01
-4.342912284276930768e-01
-4.021803602625393381e-01
-1.321403472660532263e-01
1.998793580382998425e-01
