7.172785043941823369e-02
-3.471981830538084512e-02
8.043368443094227604e-01
1.258593385524635067e-01
-1.473025813007678431e-01
-2.730805722423070847e-01
5.760490530491495231e-02
-5.295438158186698691e-02
-2.973678254092293471e-01
5.236957743350192374e-01
-1.990860944716099645e-02
6.243861903988499190e-02
-1.767901172613893512e-01
-5.357518567503901860e-03
6.442853618315219633e-02
1.124584113089083237e-01
8.010718680141534764e-02
-1.815799161243461177e-02
-3.125140819815278026e-01
-3.101094488585056860e-02
-2.857119565776917725e-01
-4.765289157420334737e-02
1.798890627664171196e-02
8.590769992731124571e-02
1.257919227229716552e-01
3.758137554699868266e-02
-1.064974444142177123e-01
-5.673612733658127405e-02
-4.121311363918296611e-02
3.333927815669441852e-01
1.169706856747519397e-01
4.301557230298153761e-02
-8.760382564275312478e-02
2.794353223469931979e-01
7.286729637222066902e-02
-1.705638317347259458e-01
1.596954497329869729e-02
2.396912860079163932e-01
1.105332563741598939e-01
-2.081772099148436195e-01
1.514190423220947157e-02
-6.211231786017397116e-01
8.157810105110496757e-02
-1.768852882394642695e-02
1.431535537915367695e-01
7.051455845723955118e-01
2.576104299651984508e-01
1.119482020322480897e-01
2.416596800971579917e-01
1.475584153710371438e-01
1.217097710334881788e-01
-2.912305406673216246e-01
9.472055112749867833e-02
-2.234339525971398288e-01
-7.340871147816352416e-02
-7.004126582229210085e-02
-4.333028920088911190e-02
8.148153576517352947e-02
-9.260253962448197762e-02
1.744201384366496355e-02
2.171079834007639264e-01
8.003843441553848415e-02
-7.005124365276368947e-02
-1.328318831433050462e-01
-6.606410700644196887e-02
-1.143164168778540019e-01
4.489890567398889532e-02
-1.804013875492437580e-01
-6.365522393948131255e-03
-2.068984008207025715e-01
-6.902363490837734594e-02
2.235911361960427057e-01
1.340406938664070735e-01
2.617852149786243920e-01
9.276687785317902502e-02
-4.193793366915771204e-02
1.468976818280380049e-02
-2.074527921309922418e-01
1.130794997715962730e-01
5.543464311513024434e-02
-1.481392480563000214e-01
2.169326494589373863e-02
3.804424683834751325e-02
1.523611529951407473e-01
1.095959712837520084e-01
-2.754869411864246387e-01
3.308821808870849451e-02
2.616682188014278210e-01
-2.002874302413459873e-02
-1.478160080853170300e-01
3.069017273446580235e-02
-6.703364205420246635e-02
7.428262645042016388e-02
7.915697153579005774e-02
1.940360702197963527e-01
-1.370665270585050277e-01
-3.103607664175757619e-01
3.385752209909829169e-01
9.906208488713078020e-02
9.639299215683219679e-02
-1.304372773951460729e-02
2.348168196307208744e-01
3.283863799491958391e-01
2.731909444460373093e-01
2.301706082566404646e-02
-2.235951860598219265e-01
2.456588931017876232e-01
-3.705832217194476863e-01
-6.077370440580581734e-02
1.013888182671649485e-01
-2.114874821004383287e-01
7.577328279404389744e-02
-3.817633520146475057e-01
-2.133227349096213366e-01
-8.053458635304322488e-02
2.441434236029851601e-01
6.387343181792148883e-02
5.199306034114805630e-01
-2.163906872711642004e-01
-4.039706520650045152e-02
1.548387173435960273e-01
1.313491015528752692e-01
4.798839390483322642e-02
-3.528010945724447400e-01
3.484529708449281976e-02
9.806242250734611976e-02
9.594396187416440180e-02
-1.152524094773149654e-03
2.992522606139355057e-01
-8.526015697141781091e-02
2.189134541821155522e-01
-7.491118134839418879e-03
-2.791453436946562602e-02
-2.040245935105184857e-02
9.323143604919360145e-03
-5.689568808487146037e-03
4.156298367798945403e-02
3.116947819009643350e-01
7.739371238648391493e-01
-9.648385450339611036e-02
-2.333910494139508629e-03
4.343660673272504713e-01
-8.641841492813476244e-02
5.525864139181533435e-02
-1.698083304839412555e-01
3.402857470455598887e-02
-1.116240681549494906e-01
-9.470322920325306981e-01
-2.568833476362257784e-01
-3.074935856309342075e-01
-2.012062728946453216e-01
2.976140084636540450e-01
-3.550786427046253024e-01
-1.375721008915989918e-01
7.045154712669776664e-01
7.562735768491916921e-04
1.891082689947832796e-01
-2.079314912269397686e-01
2.566022954141975454e-01
2.133631181409543359e-02
5.991807901986008489e-02
-4.401618874855711683e-02
-1.106755305367836950e-01
-1.296797853077958362e-01
-2.592577035356719017e-01
7.948614457426568525e-02
-1.313562239167638535e-01
-5.111565813228529515e-02
-8.284294495008638626e-02
4.010322175653081578e-01
2.229154940298986864e-01
2.698979367930935958e-01
2.175646487164294846e-03
1.886506293304920368e-01
1.488342928698924983e-01
-4.339861777030819961e-02
1.484970823800362272e-01
7.176722349509284671e-02
5.153870681954756533e-02
5.072293475964385207e-02
-1.892174594231739726e-01
-6.294386285983520624e-02
2.335084183035373781e-02
1.060939502241791121e-01
4.372311746958083001e-01
-7.637694325669226458e-01
-6.903308048765265104e-02
1.945810721779054897e-01
-2.406068514188806073e-01
-8.696909559913825749e-01
-1.763078074438126017e-02
-2.744686202365574923e-01
-9.000198436198544871e-02
1.416705810028826007e-01
-1.900975601097726897e-01
2.511097543899651341e-03
-4.102960200837806326e-01
-5.360027043523009696e-03
1.353004126289045206e-01
-1.552060557484730152e-01
-1.646390183882859848e-01
2.092522661804100403e-01
2.303625284097267079e-01
2.619336643834719314e-01
-4.760299840131838184e-02
-1.924011608760145542e-01
3.074337575763700509e-03
2.621801898017757648e-01
-7.479125967210624726e-01
6.517180984116047182e-02
-2.323271639233787378e-01
-4.200418177412731935e-02
-6.738727391877422784e-03
2.652629307542588299e-01
-1.043661532002045228e-01
8.651980294323588505e-02
-1.641939246228296401e-01
3.332385692862959714e-01
-5.756864687717017093e-02
1.319032528604062171e-01
-1.426204434146866040e-01
-2.782130873398653281e-01
1.828810789361030309e-01
-5.763415882652556110e-03
1.712421137472967467e-02
-3.706828206883241994e-01
-6.552591983210483140e-02
-1.998423643682611245e-02
1.701965670670353425e-01
2.306137661115640336e-01
-6.245572650336490561e-01
-1.152708994772696505e-01
1.206376241514451469e-01
-2.012405619603602203e-02
2.477662516465786446e-01
-2.292054852429671052e-01
8.698239334709763071e-01
1.457584945465730808e-01
1.600390463865095092e-01
-4.736022131717600864e-02
7.531199936488006674e-01
-1.949064658383561355e-01
7.915236637024389843e-01
2.749314735537787824e-01
1.090820787857364471e-01
-1.841769929956233454e-01
-1.602007598545562572e-01
-1.133878147644008516e-01
1.209544173945122786e-01
-5.642214991158107928e-02
-2.458512473518265073e-01
1.901004304600929506e-01
1.859187247029535361e-02
8.313834036011751027e-02
1.345476366070141039e-01
-8.383941440923308175e-01
-1.522025522294284117e-01
3.095588660198986819e-01
3.167107210090115421e-01
1.627409468841474471e-01
-4.517698377237073237e-01
-9.602007211099533590e-02
9.610948008490287631e-01
-6.412027572236658757e-02
3.375118583686914642e-01
