1.803203685757145402e-01
2.239725032688559270e-01
2.794523540072973988e-01
1.575426629648103427e-01
4.813844711429648426e-01
-5.021885965153446429e-01
-4.996597639015445264e-02
-5.998975453603097030e-01
1.630337794814580854e-01
-5.383648386389883189e-01
-1.694193528178022934e-01
3.233171004806564830e-02
-3.140664708968989860e-01
3.178363589651267418e-01
-5.272278670589705674e-02
-1.962455538266390936e-02
3.821038882338295695e-01
-6.980764463704514089e-02
-1.360502775864727287e-01
4.786500655797799597e-01
-2.042987940739874331e-01
1.232880840048212467e-01
2.067320833541280711e-01
3.667448876929377821e-01
-4.469996471061331023e-01
2.133814228480289954e-01
-5.716482132735870580e-01
7.142111356491326335e-02
2.936451569729242594e-01
5.167567936709054344e-01
5.320445362711866827e-02
1.680991377720404134e-01
-2.256066764961553450e-01
2.247759972280827245e-01
2.811020254575333777e-01
8.381141439748410193e-02
-4.552724522840813359e-02
-3.974480964017631512e-01
4.583915258927985237e-01
2.635514156201587341e-02
1.715807001861644199e-01
1.165033862633542416e-02
1.263329137952592385e-01
2.427320824685799960e-01
2.639373815352028529e-01
4.859498706118866029e-01
-7.439815809470896879e-02
-4.242817794305029366e-01
4.425295562218609646e-01
-3.245857041462255621e-01
-1.176124646722185585e-01
1.882491614579679534e-02
3.321706102205849720e-01
1.106359024772878962e-03
3.300068714853362506e-01
2.180021200524911718e-01
-2.254067520128662933e-02
-1.368812928376997307e-02
2.800898151938431280e-01
2.060360577167414942e-01
3.579488279679947371e-02
4.909633460532611404e-02
1.887870707930574543e-01
-4.922675853604179252e-01
1.352250173635178299e-01
6.732815071226112835e-02
-2.211234612976610281e-01
2.743180561559240838e-01
-2.030019303208135950e-01
6.394275946629568441e-02
-4.848775378850200823e-02
-1.013592219341068884e-01
1.005253122161284263e-01
-9.650212311365555240e-02
-2.184177492183133895e-01
3.898985196724452096e-01
2.723837930622990955e-01
3.879386263398609258e-01
-1.336747184566509650e-01
-2.223480981473913154e-02
-3.235728065802725428e-01
1.774486836154600677e-01
-8.870985562054917173e-02
2.948554592538426555e-01
7.125387110049027917e-02
-4.577428684103271861e-01
4.365527532780133502e-01
-3.969273250773869277e-02
3.114757973927441137e-01
1.838496044537209773e-01
3.472123377806107108e-02
-1.943481952527242179e-02
1.299664080868731530e-01
7.592725747550138626e-02
2.372177819920862595e-03
3.116659744335053550e-01
2.349479260847704420e-01
9.735340438091275028e-02
-4.946207177640407071e-01
-4.901366774785655134e-02
-4.826882222012557344e-01
1.651121540572731972e-01
-4.376961179230421384e-01
-1.700439710715785369e-01
-7.915746388556063606e-03
-1.944068050017973975e-02
2.748216886561979933e-01
-2.839632694298489524e-01
-2.197493532911526382e-01
-2.283962929809774112e-01
2.325415292770189463e-02
5.249895405731613840e-02
-2.930450761624793232e-01
3.976012753159023916e-01
1.257629776816263367e-01
-4.830410927994150949e-01
1.560091325668408989e-02
-5.818291668334043543e-01
3.393013481649733154e-01
9.882618255070620139e-02
-3.607886231438425240e-01
2.709701803976453677e-03
2.553966126966811245e-01
3.617167813733859066e-02
3.834710151692423408e-02
-7.994816839748691839e-02
2.373323985331723951e-01
-3.882022892337099185e-01
6.934377055379220556e-02
9.152995827745785684e-02
2.846591129460365188e-01
-2.527560593917382858e-01
3.365837398287378490e-01
-2.068570161518688555e-01
-1.492287350007621971e-01
1.614708060744071139e-01
-1.008861858338099965e-01
5.025075437265279915e-02
1.337511283559124076e-01
1.966597389112474392e-01
1.138023720792877835e-01
-7.439503580545337585e-03
-3.121064090975651517e-01
-1.351152921037907795e-01
4.837736173368554216e-01
-1.551105994831076251e-01
-4.790825081943972386e-01
-3.037445544761599794e-02
-2.036868485086603675e-01
1.903702409589239364e-01
5.421715438779352025e-01
1.200007506451896688e-01
-4.934275870625649540e-01
1.519078156836720095e-01
2.986949060288129898e-01
1.884239646440040716e-01
-6.654648198131714321e-02
3.904059281426509598e-01
6.072933939688854310e-02
3.813224725490705902e-01
2.122967213384221175e-01
-7.610773644327374632e-02
1.407762737679298937e-01
-8.528622274761012145e-02
2.617460194673460472e-01
2.212278012051412390e-01
-5.814950616659930044e-02
3.304082730496745723e-01
-5.093487528630788463e-02
8.152465771798544925e-02
1.957989481118337372e-01
1.549874043290052628e-01
2.008921348493703241e-01
-1.915021397231039257e-01
-1.566803898539558260e-01
1.837641817273537037e-01
-1.155042571666647089e-01
-1.834194218647990093e-01
2.923556682553380970e-01
2.584796998172178562e-01
2.791998564741298705e-01
-3.733968081584597698e-01
2.420809522878241415e-01
-4.376408503807311876e-03
3.093391224506330528e-01
-4.567061929104217904e-03
8.787633683853468547e-02
4.017285023380992026e-01
3.317060262298517082e-02
-2.326451949774321903e-01
-1.387254201678571053e-01
-3.179533505046325814e-01
-6.134997431732552159e-03
-9.899605864834165603e-02
-3.305856841629252196e-01
1.120958178151874596e-01
-3.363382989156491476e-01
-2.726839405082978063e-01
-1.790422765200324062e-01
2.858913913887669023e-01
3.094155288837474593e-01
1.882563164427737412e-01
-3.724098013328577261e-01
1.422756579555352063e-01
2.880634635447534286e-01
-3.334224278381582862e-01
9.827119047712443156e-02
-9.625553988825547025e-02
1.792707030069591867e-01
-1.369563104694070388e-01
-5.682523415752901430e-01
3.731675660678968054e-02
2.875080114986747898e-02
-1.830709200789378266e-01
-1.866358451177244082e-01
-4.428062740270363729e-02
-1.039794122905014218e-01
-2.945596330070470933e-02
-1.801845590011043052e-01
1.605161978933833944e-01
2.276195400200162200e-01
-1.733957940678317322e-01
1.440424329494700006e-01
-1.808465417596180624e-01
5.748228186470246553e-02
-5.777446048093073383e-01
1.118868254286301822e-01
3.435455961793025450e-03
2.068824019705036987e-01
-4.885297730494846391e-01
1.628690898980303947e-01
4.315409626075245725e-02
-3.696167550355032860e-01
5.385097751253550280e-01
8.056308054792979401e-02
-2.180326989420264538e-01
-1.187104418148344498e-01
-2.115091940802578951e-01
7.561824482231672973e-02
-8.825710893049618089e-02
-1.892556419032991599e-01
4.100507605918730647e-01
1.243507153779265240e-01
-2.011984836115761621e-01
4.481387165104199211e-01
-9.872330632591651278e-02
-3.218035893260745572e-01
-3.283320622096391750e-01
-1.837385857297173519e-01
2.102079172202225323e-03
2.361853016377336023e-01
-1.778047122285234816e-01
-2.492206895227875446e-02
-1.258381709015976291e-01
-2.246678532767946157e-01
-2.154507512190577401e-01
-1.218123820377358529e-01
2.187097879133815259e-01
2.336347621138173958e-01
1.906588405604712766e-01
1.066224138148787470e-01
-5.469500844112904492e-01
3.381424431625795757e-01
4.729572429531339606e-01
-4.515098290707109802e-02
