1.367565884758348005e-01
2.937925197205528693e-01
2.792202393863069676e-01
2.540106251045603503e-01
-5.949315033774493777e-02
-3.963628879851850695e-02
-1.572776310289631940e-01
5.204098704009121334e-01
1.299269631356617105e-01
-6.732362227758030837e-01
-2.253298125664495721e-01
2.009836833396926037e-01
-4.178783810134258925e-01
-1.397854119269777429e-01
3.224515906787389641e-01
8.862823562074810813e-01
4.811867839343864084e-02
1.917726453214608495e-01
2.128897968399117435e-01
-5.147960608789283743e-01
-1.757956014068418893e-01
4.526154688673558191e-01
-1.853216890467148104e-01
2.915383636009880597e-01
2.756755070037189212e-04
8.358859988571023525e-01
1.018120140089875114e-01
1.141967829346762220e-01
-9.074017705230807973e-01
-4.450991904121207599e-01
-8.853947351507768238e-02
-3.375765911307683220e-01
-9.944141478328459571e-02
6.006349708314762115e-01
1.675971175047551998e-01
1.809598999596777613e-01
-1.845249160096879837e-01
-2.307841470143224272e-01
5.788553741298048394e-02
2.746538594444484227e-01
2.863088845112027880e-01
5.708391101500507325e-01
-6.959957410531540309e-03
1.175202978827500494e-01
1.395466919808068251e-01
1.442307093311587067e-02
4.005025369505329363e-02
-1.378401226273067437e-01
5.469900110983002411e-02
-8.712797512513061893e-01
-9.735141794594859288e-02
4.362427997549739311e-01
-9.501897334524280758e-01
-1.606960773077893423e-01
-1.086976425180925243e-01
1.869434933391949105e-01
-1.238689798543949616e-01
-4.786556248697699384e-02
-2.395051584012031498e-01
5.167392521172909509e-02
-2.008134845040299710e-01
-3.944651251383157753e-02
2.389339152180486869e-01
-5.391377434147874848e-01
-2.519891301284407081e-01
-9.415211598531278980e-01
1.908618176252099841e-01
-3.420020285932699744e-02
8.851467175316574121e-02
-1.878476107990098287e-01
-2.114445530688293662e-01
9.389602993592410796e-02
-2.640817074816644017e-02
-2.176502651548789524e-02
5.434185987015058283e-02
4.755735019424216503e-01
-3.709277883199306181e-01
7.045377556351428705e-05
-1.828109133668549546e-01
-2.151016921569770535e-03
4.768467962177207475e-01
4.546434794008815672e-01
2.754269635918958903e-01
2.041272795627841474e-01
-7.715767704522022430e-02
-6.370091382651068557e-01
-1.059448932383424413e-01
1.124138246707763189e-01
4.620244347917521477e-01
-4.104508723184528696e-02
-4.734937481927274927e-01
-1.986000173862306761e-01
1.779949203971647326e-02
9.199118580497119002e-02
-2.337093337935734240e-03
-9.712531305989433039e-02
-2.359715700695073082e-01
9.814379355007274430e-02
-3.928544935903662688e-02
-2.246035074195396330e-01
-2.369516083392485956e-03
-1.688351261158794192e-01
-1.944355169858006521e-02
2.198382555424343299e-01
-1.786372039760059788e-02
-2.696293119916707073e-02
1.670481248090595061e-01
-4.043105277185592428e-01
-2.187695558306841925e-01
1.478874165917056782e-01
-1.469164140444426114e-01
2.101762446905029447e-01
5.517854571942519826e-01
-8.178086586447755324e-02
-4.448836440801009484e-01
1.668559101528444832e-01
-9.948027243595964908e-01
3.058523871585602794e-03
2.573886648068798855e-01
3.108035015107249999e-01
-6.277377365535581344e-01
-2.144175779578388341e-01
-9.768179741630761415e-02
1.120502778658242493e-01
7.007636562636540556e-02
5.880977685909271474e-02
3.665196964368848676e-01
-1.927432936394987695e-01
-4.644867925842786072e-01
-7.603669407178512696e-01
-8.738234687939581968e-02
2.923426411994413110e-01
1.106526523574310195e-01
-1.414256706379146411e-01
-1.260642004663696525e-01
2.471184722227642155e-02
8.593007385947784571e-02
-1.304166149961827337e-01
6.448586129453069693e-02
-6.779476109591897615e-02
1.632713079294357550e-01
2.234464478412345190e-01
-1.029759549399752831e-02
-2.952059611437674730e-03
3.232167788555734278e-01
-1.676915026824610938e-02
-3.895645248234483327e-01
6.502763058086288850e-02
-5.392561452877386863e-01
2.590473189311429114e-01
1.616386542017152206e-01
-2.629528980164183016e-01
1.012187697779639434e-01
2.007614665217321848e-01
1.640292374476625958e-01
-1.242818276816362866e-01
1.555800601276414730e-01
1.213649261339901086e-01
3.616595304218499507e-01
-5.309114876044861153e-02
-1.096115433334391431e-01
3.674339080473907893e-01
4.554507323082089901e-03
3.371845762967865673e-02
5.381056377711877781e-02
7.046408598424709346e-01
-1.011152088490381989e-01
-4.450925349707894885e-01
2.856108246316748644e-01
1.963807303204674268e-02
9.775996694245265850e-01
2.232872074022425046e-01
1.918664636236762089e-01
3.456577133982076666e-01
-4.047385781148769499e-03
-5.734479321064527013e-02
3.312675306003173281e-01
-2.445797356185521743e-01
-1.414247624439134432e-01
-6.396422918883846176e-01
-5.776575370799097442e-01
-4.309188834956463321e-01
2.669247548660457631e-02
-4.703855587259528348e-02
-1.333281651356622022e-01
2.978231927347230190e-01
-1.196543086759928182e-01
2.460922454345211008e-01
-1.313110703294283477e-01
-2.870610329515581594e-01
4.873576921482525304e-01
-4.535021787835079587e-01
2.134451263015539266e-02
-1.749045570368803204e-01
-8.288221432976456970e-01
2.059589121241992560e-01
4.506790774001364630e-01
-2.081420128858955110e-01
-7.628932826061457506e-02
-8.605173054857253589e-01
-1.524568038867014641e-01
-2.045059935970575393e-01
3.261003194138967221e-01
1.038277596297777355e-01
-2.029499530075883906e-01
-1.499286982103796295e-01
-6.514838900752759066e-03
-5.858506822664632380e-02
1.082277160734051308e-01
-5.476150520414259371e-02
-4.047943923396366550e-01
1.168922176664369261e-01
-1.278884073520241693e-01
5.235481266991316440e-01
2.062462170095407665e-01
8.913750989496832533e-02
-3.343283985464299418e-03
8.979200732200745549e-02
-5.619282273696456220e-02
1.261089712231215354e-01
-1.607160479561530741e-01
6.204139300225495202e-01
9.089343197158465670e-02
-8.671723742072240393e-02
7.540430217626092890e-02
5.380884852877361457e-03
-5.828244414786951655e-01
4.229825720650174370e-01
3.812681699316372574e-01
-3.077272274943312347e-01
1.401467560345936308e-02
9.609937190655251649e-02
2.340767852852983222e-04
-5.962792893779465808e-02
-4.166204864503559868e-01
-3.585249564885788220e-02
-4.134682585253082188e-01
1.113842320485080306e-01
1.190911276632451721e-01
1.668294815995241265e-01
3.194671118529291420e-01
-2.918530243944922331e-01
5.112716991727970228e-01
5.113970748142215861e-02
-1.246688660189957665e-01
-2.313996470924081783e-01
6.537016314704868769e-01
9.340261859178008996e-02
-5.889192360500743462e-01
3.348316985117794631e-01
-3.333631435518950026e-01
6.805566879322717810e-03
-2.947263760188670867e-01
-1.258753496513109194e-01
5.189963286625638439e-01
-1.295919147005739069e-01
-3.176419647450846595e-01
5.744677643068341055e-02
7.868297109360740393e-02
3.414901261309327696e-01
8.942120932694919144e-01
-2.020407717052985497e-01
2.968335256665919908e-01
9.772557279197224833e-01
6.294403082497168622e-01
