-1.445098984947040810e-01
-3.518376034185156098e-01
-1.868672946204540108e-01
-4.346804431804079938e-01
3.325888316684816326e-01
2.340076329687590731e-02
2.822861322632753134e-01
3.304052538302223313e-02
-9.657229807298613189e-03
1.104011968861551424e-01
4.171496184450373956e-02
5.530939863502368908e-02
-3.290433747654331054e-01
9.556176881056846484e-02
4.801627012759745669e-03
7.079941269669766390e-02
-1.576489626760620988e-01
1.612915207592546807e-03
3.276854300674005016e-02
-1.233644459780311106e-02
2.981318735275218512e-01
1.625262317064960771e-01
-2.674027431089950890e-01
8.636310457914278538e-02
8.284963094950559270e-02
7.074627323238122378e-02
-1.620998633719323845e-01
9.059859115017790399e-03
1.530214917669649455e-01
2.671869822516256265e-01
-8.812843589822609569e-02
-2.317558191772668003e-02
-2.540347367059104383e-02
-2.554850935907388432e-01
-1.772400640022245288e-01
-1.554274421394003479e-02
1.628769989463413892e-01
3.435106051767138347e-01
-1.285309648043715391e-01
-1.127432436935690285e-01
1.018609391557745436e-01
-3.254093064829297055e-01
1.029471804991582140e-01
-1.591067328655255131e-01
-2.100985921505718890e-01
2.515648895262815321e-01
3.200941394257600381e-02
1.283867905331197434e-01
-9.015372479035527187e-02
-2.285192160611642098e-01
5.266995278623380627e-02
5.132395471109306717e-01
2.715359154174834533e-01
-8.459462632842935231e-03
-1.807442384163042703e-01
9.819693738313413356e-02
1.868572521353182025e-01
1.151702502810980772e-01
2.175859785129360680e-01
1.453164985513513141e-01
-1.701864986686468448e-02
2.321922866583351341e-01
1.368959198077079886e-01
4.449440342608022014e-01
-3.316304639155455147e-01
-1.786085819509588002e-01
3.670642290415000453e-01
-1.672074941671151949e-01
5.040279050168280928e-02
3.936332084712632073e-01
-1.844713644756225956e-01
6.391384541382522100e-02
3.331189184990472618e-02
-1.367568668587157699e-01
2.074192591252292106e-01
-2.114923526540408161e-01
-5.049284139339331734e-01
3.299385504248503187e-01
-1.475192941539326119e-01
-4.367697242981072314e-01
6.414028203461129285e-02
-1.163274084717000854e-02
1.549129030656568595e-01
-1.185990799816592084e-01
2.097237998306961115e-01
-9.274732445453917618e-02
3.725262557620618864e-01
-3.020128054002291229e-01
7.046916959382701351e-02
-5.124810267643922779e-02
1.349375239173342400e-01
1.640160457113107317e-01
-7.681255111417881198e-02
1.551295421459263357e-01
2.161066350562929755e-02
2.136278787730928538e-02
2.204301670346003883e-01
-8.336756911182049978e-02
-5.697301519007058612e-02
-2.403580276632704682e-01
-7.284280044124278632e-03
-1.252341900580102203e-02
2.987939039080388381e-01
1.646251754269352774e-01
-3.441137149175004309e-03
7.613709613999600223e-02
-1.515497460038620417e-02
1.704686586347489707e-01
6.061160893066263461e-02
2.452421628753672506e-02
-8.933682966308251205e-02
8.817149688397099561e-02
3.471159763876926485e-01
2.193579086918724941e-01
1.547270988839029027e-01
1.707592505103323888e-01
5.086581465828177162e-02
1.493298678869156744e-02
-9.240181028229405014e-02
-8.676734491778523295e-02
2.846504275300212328e-01
7.774397536456628677e-02
-1.894562437074079897e-01
2.197705250277402420e-04
1.571640379402319820e-02
-8.099526049102655223e-02
-2.084207802805363718e-01
-2.381454271147693813e-01
2.978488165662668274e-01
4.624726594835479321e-02
1.193364749972649214e-01
-2.280720884439915996e-01
-5.564693565235984130e-01
1.440338071050178692e-01
1.715123632829356204e-01
-1.676351130295927194e-01
-1.535367641337300471e-01
3.255185659549222343e-01
-8.432602008670370131e-02
-1.218281114032407630e-01
1.987345438626165750e-01
-1.245116332924337821e-01
1.738497183807729829e-01
-4.966321198920546805e-03
1.090053537661814231e-01
-2.409229800882666250e-01
-1.871992926988014783e-01
2.269735539828910409e-01
-1.275990346382199214e-01
-2.376834531869815303e-01
-7.909123477338299291e-02
9.349550347796295457e-02
-2.705818146257790158e-01
3.458787770532169570e-01
-2.414034382951982249e-01
-7.663456001338964096e-02
-4.223194258522464800e-02
1.273866238640680437e-01
-2.287588014488383115e-01
-1.820614833231454233e-01
1.763264459080538804e-01
9.020589774025633556e-02
-1.979777216777915960e-01
-1.963018096287199588e-01
-2.812317540408719729e-01
9.584047234916498459e-02
1.589916786565314100e-01
-5.178973710272727349e-02
-1.249312102398418556e-01
-4.583332045922345471e-02
-7.471443873223651555e-02
9.093996725728110964e-02
1.045408560906068984e-01
3.668047775227609164e-01
1.156039648766053404e-02
4.848260521268535350e-02
1.372261663779301144e-01
-1.776825821506979319e-01
-9.873783034898024613e-02
-9.578682293468754327e-02
4.663094315135563050e-01
-3.036916229633850883e-01
6.180574387707065548e-03
4.061620666119118706e-02
7.363219615921560990e-02
-4.167220149052873468e-02
-5.026139187401855446e-02
-1.426676903392953555e-01
1.838149824692649759e-01
-1.755850959237232611e-01
-1.752811276159624843e-01
8.581921560083005662e-02
-3.621405524632993755e-02
7.069636436533256740e-02
-1.100553282399579225e-01
-1.426260630527623752e-01
-6.797318027203767127e-03
-5.042187307650346229e-02
2.149208384539834649e-01
-1.828012612033529660e-01
1.604836323984115132e-01
2.946964516369709464e-01
-8.157815428096748533e-02
-1.570420383345978166e-01
-1.046890041589089160e-01
2.243470185633743008e-01
-5.198817697453604891e-01
2.832305206917377638e-01
-7.175699521492077612e-03
1.984702930255939912e-01
-2.189325664341146283e-01
-2.468702403928609013e-01
1.778537941291593039e-01
1.465888253546617503e-01
-7.533410251779355804e-02
1.978662763463114316e-01
3.265708534971054067e-02
-1.358258320187230930e-02
-1.087909763855915979e-01
-4.076334610780958378e-01
-1.053283085931930041e-01
3.353528878888466513e-01
-2.689310994876283889e-01
2.759478528449562096e-01
-4.871789657283028679e-02
-4.715206214357270942e-01
-8.055334981350742440e-02
-1.506853240598896582e-01
5.913929577580306907e-02
-1.348319963875001899e-03
8.496351395653697902e-02
-2.731852302583193115e-02
-1.295901835053764328e-01
1.705988672293397568e-01
-1.473007208144905267e-01
-1.771037627754827315e-01
-3.629625804850157289e-01
1.520506891889859546e-01
3.821415106911090209e-01
1.867139192961271288e-01
-3.519269636446185623e-01
-7.027171232857816474e-02
-1.838094384064709874e-01
-1.591333290021902380e-01
-1.407735732861194744e-01
-3.156075081593145981e-01
-2.272212297312759532e-01
-4.207924594646372113e-02
2.865978833723584196e-01
7.754261713941527911e-02
-2.086882358914187163e-01
2.029548284525233004e-01
6.940702391808452852e-03
1.319997382210779668e-01
-1.909705582066602569e-01
-1.759559634478472523e-01
-4.128324548418296769e-01
1.348308864335830970e-01
1.429795461486633723e-01
-2.026678018881311050e-01
2.993126560364180455e-01
6.312152956592599617e-02
2.988000604615096423e-01
8.645013107428961563e-02
1.399540085834964642e-01
