2.910525681590904190e-01
7.023290642655427574e-02
6.687736242332621706e-02
-1.039143509246443359e-01
-1.695072455659546173e-01
3.743590733982573027e-01
-3.591262390580105546e-01
1.002075786250642905e-02
-1.587985194918231299e-02
1.087374536609269915e-01
1.407430814755000065e-02
7.616553024719521781e-02
-3.471681189574999937e-01
-2.430510852149968537e-01
2.790651140335665970e-01
-1.818810928435671825e-01
2.421790563785200245e-01
3.056250768972383347e-01
1.261339048767726734e-01
-5.182787131429160421e-03
1.760515729221053816e-01
-1.284710017371074320e-01
3.665327520417352436e-02
2.755128162203099862e-01
-7.409117322248662263e-02
-4.398557220086225517e-01
-1.951495123440318558e-01
2.439992360438081320e-01
-3.055035347306784832e-01
-1.243791566082776551e-01
-1.931400605348204125e-01
-3.872160922467418609e-02
2.442543468962194986e-01
6.060146122839663030e-02
4.841831215570537861e-01
2.736795481866094448e-01
2.837428154129451041e-01
4.749384099863318554e-02
-2.214318328369791478e-01
3.362666973220936745e-02
-2.318099363000782343e-01
-4.541491068304716605e-01
-3.498660367180269071e-01
4.196532240938267710e-01
8.128659409682893744e-02
3.028015626669419702e-01
4.251850827202636185e-01
-7.330496278915349384e-02
1.398733204791303697e-01
-4.689073894695741096e-01
-2.499912226449880481e-01
-6.547450643300134487e-02
2.872827547889854061e-01
-4.399251673283034736e-02
-1.037256725240585098e-01
3.791931880295110746e-01
2.272575464672532131e-01
5.035523779246504628e-01
1.770557694292661521e-01
-1.385243181955651270e-01
2.154191434225131985e-01
-1.348898519029946563e-01
6.841086942805232884e-02
-3.109461541661036055e-01
-3.102315786352563380e-03
1.741119248148022547e-01
-2.492176198024058653e-01
-1.311817739993124121e-01
6.621010522044896984e-02
-4.526969878423122706e-01
-5.879270266323994854e-01
-3.514724135891426071e-01
1.054121650106836783e-01
-2.430207199352076020e-01
-9.817502785363156625e-02
2.376822718349089203e-01
1.825751506909000510e-01
-1.156958709916856842e-01
-3.398701800349451796e-01
-1.007753687073971172e-01
-3.898657113991604861e-01
-3.574892260694041701e-02
2.036282185298263769e-01
4.816470003815201406e-02
2.904520854636090665e-01
-2.239406185835079721e-01
-2.154113751267856813e-01
-3.795264563573118588e-01
-4.346466574587393716e-01
1.475101757678224657e-01
-1.462280270684401806e-01
1.752123433332543612e-01
4.652017134607527304e-01
4.631323692072896736e-01
7.797780879797075460e-02
3.473215380177064465e-02
3.093370281191310488e-03
1.500516334102280636e-01
-2.419843013433276568e-01
6.377767470984499476e-02
2.959494188898143530e-01
-3.130306247424619048e-01
-1.667471844062911601e-01
5.082583907927458455e-02
2.068434343923527541e-01
4.711492176629583084e-01
-2.653693909547037988e-01
-1.608077044107006914e-01
1.106581138412579268e-01
2.323249460843039571e-01
4.261264468045434239e-01
-1.351728268981734760e-01
3.058753193215811850e-01
2.808933189983040674e-02
-1.318593985619644915e-01
1.441821265192468338e-01
1.899203770822276982e-01
-1.280971533389569372e-01
4.099502121173510538e-01
-6.182377381794067206e-02
-6.966961057611188203e-03
-2.283903812495446384e-01
4.021075606413275216e-01
2.966648122004533414e-02
-2.189985630145313278e-01
2.602163130547933134e-01
9.723122313068527367e-02
1.841340115914743003e-01
-4.816338607601454436e-02
-2.277408898281648997e-01
2.567634719699429802e-01
8.886213611036565541e-02
-1.986236455692952652e-01
6.300299443447773817e-02
-1.336347320350315393e-01
1.552022318133530580e-02
2.144027739428510781e-03
4.309614416008524657e-02
1.506374275190555390e-01
-5.947174390068279415e-01
-1.664459174244775075e-01
-4.205383389244940484e-01
-4.405537725135186822e-01
-1.908808628985589895e-01
5.846653929635520219e-02
-6.177564412272883165e-02
-4.555739036794910490e-02
8.933543724523171359e-02
3.919783369891272073e-01
-2.900746237432094699e-01
-3.371255307004873691e-02
-3.165463264059918957e-01
-8.419602662003497495e-02
2.683351914926114246e-01
3.332578186654088226e-01
-8.868028191426852169e-02
-9.578358813457545085e-02
-1.272234649449850430e-01
2.526982099141385496e-01
-3.871258354719755296e-02
-1.423708964632821039e-01
1.648951708490118961e-01
-3.716485083262666134e-02
1.833195833875170822e-01
-1.321289578065842386e-02
-9.856424170992923728e-02
-5.612899397305637361e-01
-6.011789237364228294e-02
2.069603150920044099e-01
6.025177817897275911e-02
-7.806331392590046270e-02
3.526489815580637760e-02
-6.188938279561038286e-02
-3.023157039414533509e-01
-8.564678066053885153e-02
2.845514186003297308e-01
1.459232130041392961e-01
1.260229530840945578e-01
-2.434640165926888478e-01
1.720929243404371034e-01
3.024350836570265377e-01
1.360309868712188119e-01
2.263991566355603724e-01
-2.896620853562380526e-01
2.803743553067671312e-01
6.170157675357867966e-01
1.410195678896822569e-01
2.935968953993873254e-01
1.285876453162800304e-01
3.747070878189211474e-01
3.561811410977513970e-01
-2.656709997831643300e-01
2.738801749150350240e-01
-4.627817551370447813e-01
-1.291893961263722024e-01
-7.222796919202362220e-02
5.663233720785673109e-01
-2.794433410418091235e-01
-5.679404169460482432e-01
1.486307010547334717e-01
-5.527747945506879257e-02
-1.508613041300897392e-02
2.769230716065862463e-01
2.681598933757198266e-02
-3.803708922416494387e-01
-3.512079183178246078e-01
-1.925651861548129395e-01
2.921859783672959843e-01
1.896765866265778533e-01
1.286980640602444215e-01
-3.539055456611663875e-01
-4.802595636377501309e-01
-1.177567507117555090e-01
3.239835834617875721e-01
1.406389387375996392e-01
-2.566420994336938710e-01
2.684448265885197582e-02
6.546042034079613270e-02
-1.967317417132214558e-02
-2.832248609427756025e-01
-1.059086735078117736e-01
-2.577043260997735966e-02
-7.300214996109913312e-02
-2.973463683364291343e-01
3.568607987783342650e-01
2.522226315642632222e-01
5.370935412832172906e-02
5.094728351236562647e-01
1.758269913408478935e-01
4.103223803097150874e-03
6.917837002127469326e-02
-1.270002065411168779e-01
2.375529471358316935e-01
1.494015889219983961e-01
-2.933023612710622952e-01
6.187231305066746845e-02
-3.150958942699471632e-01
1.935918688325489745e-01
2.098355785072616997e-01
-5.809458671949271208e-02
-8.454609782775007742e-02
3.654217596577053612e-02
-2.634899634263588308e-01
2.726152977198634808e-01
-3.462278830472552693e-01
-2.850918024865909395e-01
3.944759427848371081e-01
-4.326674833245033325e-01
1.594978690329095783e-01
4.905908012372668381e-01
-1.237125699410877577e-01
-7.693811786602319791e-02
-2.429283737099172669e-01
-9.034690097533962239e-02
-4.603602334460712431e-01
-1.336388467813436898e-01
7.377685446171937389e-02
2.739170889225701622e-01
-5.905542786820166916e-03
-1.746923130553761638e-01
1.558482483147391462e-01
-2.324431910080876698e-02
-2.581435834566313536e-01
3.049251986771747136e-01
-3.784741417913236594e-01
