-2.884603348057988570e-01
-2.373339843387235193e-01
-6.521785079575265209e-02
1.016907428753028031e-01
-2.607407611246236045e-02
2.181190653422538650e-01
-4.106701279478120470e-01
-4.668350359353849732e-02
4.935922009909379238e-01
3.036932526845188829e-02
-1.870624850651079751e-01
-1.078498149336884135e-02
2.930435337504991855e-01
2.719680638769387260e-01
8.434522994658250061e-02
-8.882683719143921741e-02
-4.045514650745029028e-01
5.989444253254952999e-01
-5.430168866338554168e-02
3.913399254504670299e-01
2.342769925681947307e-01
3.257871937495085968e-01
5.278951425749944804e-01
2.067908033694684511e-01
2.200893148038580716e-01
1.044537636652363849e-01
-2.242697318544155105e-01
-2.049665049631817781e-01
-4.192769150553943280e-01
-4.481969677866124921e-03
1.204445999226834985e-01
2.461587415741242069e-01
3.096811493545803540e-01
4.108111454391447648e-01
-1.088191049055546589e-01
-6.088321702910937105e-01
4.033543299097225865e-01
1.784943625891236563e-01
-3.948900175963403897e-02
3.353776464772986188e-01
6.763068372286398233e-01
2.391677386513488823e-01
-1.024572551723903491e-01
1.570293018534419105e-01
1.344620331781155032e-01
4.373898049847756431e-01
5.059733998493048251e-02
-3.695620908535787175e-01
2.991449678239025411e-01
-3.797060823995367929e-01
-1.651073548908910671e-01
-1.759446851287290448e-01
-5.312562944304540791e-01
-3.708524142004334667e-01
-2.909978746759324109e-01
1.121964941669195970e-01
1.610797576769651962e-01
3.397801421330901572e-01
-3.645113060618258571e-01
1.536525933796115961e-01
1.081573360850492244e-01
1.084712354197700790e-01
-3.350317362777384123e-01
-3.182489619399342939e-01
-1.004551592617311806e-01
4.304745969026618768e-01
-4.181329753788901038e-02
-1.459023999008075487e-02
-3.952230327593032611e-01
-3.855955641014851415e-02
1.245409917652990917e-01
-3.819251605109974523e-02
1.180337533258445371e-01
-6.081688257163221645e-02
1.843376928575175266e-01
-8.789937748282286578e-02
-8.638371447508216838e-02
1.260513057815405291e-01
-1.616810190588497953e-01
-1.977633042744410263e-01
-1.076336298319110207e-01
-1.117538243774222062e-01
-2.464720149820474326e-01
1.441515410680363311e-02
3.552321253161117021e-02
-4.062672954189936458e-01
2.589599778889208892e-01
-1.524690601078738106e-01
5.722512731136615294e-01
3.194652223538962943e-01
-2.448833907838436630e-01
6.482275931076981745e-01
1.905532469659650396e-01
3.201101208238011919e-01
7.232272003546978689e-02
-1.369121132105012018e-01
-4.490716809160772982e-01
-1.515460853679466147e-01
-4.778578224711327871e-01
3.726763161524374590e-01
-3.561744866111866692e-01
-3.023455437743647889e-01
-1.401713256504808214e-01
1.512306451429304976e-01
-3.805575572439061638e-01
-4.731069777129571774e-01
-8.234295698459614954e-02
1.408883570513151939e-01
2.679364063422343123e-01
-1.572055371483236930e-01
1.236260499356159059e-01
-5.292551437692358807e-01
-9.185546119857782021e-02
-2.035456495426645751e-01
8.385475641517489698e-02
2.925812262223531288e-02
-4.511558131200708033e-01
1.352529622383109309e-01
-2.395970508102240881e-01
-3.544655581010148354e-02
-2.543292844522293539e-01
-2.701321295877354145e-01
-1.554703774605599442e-01
2.829788506077954291e-01
2.930097184294607748e-01
1.932963674815385835e-01
5.674096385696427575e-02
-8.323555512715724580e-02
1.727033260991561459e-01
-1.503098216018339262e-01
-1.545376562320449898e-01
-1.634408948876034939e-01
-6.388372878013484635e-02
3.604386462739961328e-02
1.139606223599237689e-01
3.714650618247723468e-01
4.924892265263250968e-01
6.412790143959261613e-01
-1.792667126504340902e-01
-4.367894724611137702e-01
4.437688949934043281e-01
3.155344241116088133e-01
1.237765767256408800e-01
4.994285658476768988e-03
-3.134879917844279329e-01
-6.936933334431663045e-01
-1.027145327449775492e-01
-3.670353102613028995e-02
1.763916076244322895e-01
1.473170600945361286e-01
4.572784359192737236e-02
-3.718782525436628572e-01
-2.650975104350005163e-01
6.566660896702436467e-02
-1.306344381763380746e-01
-7.018784876557764285e-01
-5.817105671934590105e-02
-6.603603205856615199e-01
-9.674874202942297663e-02
-3.791379041602858657e-01
7.181372668821547900e-02
5.914151096793031359e-02
9.758500232571148958e-02
-3.494179456792616545e-01
-1.027118737786316127e-01
1.612888443087008294e-01
3.821759843101256438e-02
-2.630984301101426531e-02
-6.557275404272050467e-02
1.818721140970607220e-01
-2.805617591009639811e-01
-2.058447150501746536e-02
2.244939579734800961e-01
6.720331733753359682e-02
-1.626264458590779838e-01
1.243429287925429949e-01
1.611472054328523251e-01
4.688123136286291848e-01
4.316152829522430096e-03
-9.234935961151907735e-02
-1.790774462833993330e-01
-3.318402078234412855e-02
6.058380281021120695e-01
-1.246943235701074015e-01
-2.492706656191660541e-01
-2.754593788018898648e-01
1.116050941626554327e-01
-9.540846095682511963e-02
1.010426777590613112e-01
3.756916632509674225e-02
9.057950870560579903e-02
1.740223825776048353e-02
-1.266108565603449032e-01
-1.605153443840666716e-01
-3.806919480843070636e-01
-5.226509228799454121e-01
-6.916538011406353492e-02
3.414578100946843442e-01
-4.091815768394680974e-01
-5.642667592208066019e-01
4.505470136968789396e-02
1.060570453247152711e-01
4.801207883040089497e-01
-2.484409277651038195e-01
-3.145100664120531464e-01
2.152483143719568226e-01
2.372492672848465212e-01
1.920085510146212482e-01
-2.077565934170419459e-01
-4.881134785740074422e-01
-3.802163740008704940e-01
-1.022065906182674788e-01
-3.158147842295550012e-02
1.849019023412569185e-01
2.456596540429464848e-01
4.320359265129073423e-01
-4.555342825639132620e-01
4.435588457664069173e-01
-1.895550172994233673e-01
6.433923328928267682e-02
8.092441007389319929e-02
-4.080211945799452344e-01
4.252927443445700950e-01
-1.838951183279253498e-01
-3.322002382840114620e-01
2.202103591976260766e-02
-6.814370784667203029e-01
2.387660121574908534e-01
1.156718498921180394e-01
-4.530943002934762487e-01
-1.998472468622836118e-02
2.696902343278425457e-02
3.340207219304816011e-01
9.595969070662063727e-02
6.568517052910838316e-02
-4.126537215639296541e-01
1.915420786426341726e-01
-8.987282062284759898e-02
-1.089788356979177197e-01
-2.230228713813920960e-01
-3.769424121843719111e-01
-1.650147426870755829e-01
-1.053632741945794149e-01
7.654052586340821529e-01
2.830512240158947201e-01
-4.343532269789069922e-01
-4.325382703751575186e-01
3.648936370016912095e-02
8.383921941877046924e-02
-6.408921261030200989e-02
1.954120473865295637e-01
-3.370887845306638209e-01
3.864341184577199662e-01
4.072682175018129680e-01
1.952770090154621330e-01
-4.177199939747912594e-01
1.857377886332133021e-01
1.380214482220634975e-01
-2.938375216143938040e-01
9.196082401490629499e-02
-2.619099243960786305e-01
-4.933966080664055065e-01
-4.669081960334755393e-02
3.147845738774175950e-01
-2.675829819586627092e-02
