-4.392472790241491731e-01
-6.530664957276532956e-01
-1.838136326066663884e-01
4.026639013157378155e-01
-2.784627096526949563e-02
3.176361606941431326e-01
5.046768939604675541e-01
-5.642699649957934049e-01
-6.320094740805077826e-01
2.472528433365140388e-01
3.152333187874988285e-01
1.262563220613850956e-01
-1.728395055963141691e-01
-4.618080931014711954e-01
-5.180498193526185124e-01
-2.573102230644078725e-01
4.602735768611584954e-02
3.367442094132268998e-02
-1.750510976412660291e-01
-7.973528291327447448e-02
-5.673153107121331473e-01
-3.249460381650954854e-01
-2.481375865917889723e-01
2.028024908614552493e-02
2.402616181857866046e-02
-3.117075601053609368e-01
-2.876203799407736628e-01
-2.510747942883518879e-01
-4.173502049247171941e-01
5.612091767453437907e-02
2.450249316125080734e-01
-1.529247257118397652e-01
2.867600860546836161e-01
1.112642257738191698e-01
2.006507660829743023e-01
5.608498877039778258e-02
4.162395987668265351e-01
2.680322247093238630e-01
-1.792795250319476619e-01
5.880704120022661741e-02
-6.676375532810135960e-02
2.630271720067796082e-01
2.589308489587992534e-01
-1.729683336207443745e-01
1.927281999229088216e-01
-2.917873702670382707e-01
2.672925951401354250e-01
-2.506282719990353680e-01
1.912918926302465961e-01
-4.219560162863069674e-01
-5.610329792254128978e-02
2.678410372312213794e-01
1.238629283168315720e-01
6.943341835562395759e-02
1.950580642245047236e-01
5.949177740492455069e-01
4.558569756882052126e-01
-2.076608424211465187e-01
5.185995264309120056e-01
-2.704891997529214054e-01
3.754837662315793079e-01
2.156286321217084495e-03
-3.324050218776757881e-01
-1.646767996602417350e-01
-2.417758134953839344e-01
5.281638859698793709e-02
1.429774281170602956e-01
-3.282547397887879415e-01
2.737287605588084594e-01
-1.683355668455350507e-01
-2.808904732737713683e-01
-3.359068390199467236e-01
1.653726747230385152e-01
-3.053874997751047093e-01
1.667892069626992213e-01
2.146114634300348989e-01
1.431225950016586923e-01
1.612509618359999342e-01
-2.243904710344498676e-01
1.599904475273693227e-02
-3.333766161141896167e-01
3.640557758394455390e-01
-1.369639374136542576e-01
3.221151956316065657e-01
-4.267472197681991541e-02
-2.326620223322943271e-01
2.719677739972153341e-01
2.457407187556139294e-01
-6.590958134139009161e-02
1.045506590488890775e-01
1.322834000343303673e-01
-7.436060934215672769e-02
1.883664597339269053e-01
-1.117464942170499215e-01
6.432507505469038656e-02
-5.226557724952923811e-02
-2.225454188978481518e-01
-4.203902942117800079e-02
-8.959910488113800864e-02
-3.205536528158136056e-01
3.047771086142654351e-01
3.456394985592181057e-01
2.904030200966598030e-01
-2.305127906562325912e-01
-2.153043423015313373e-01
5.167177598521434101e-01
-1.107044243390012672e-01
-1.227027568705319899e-01
2.893734318532892313e-01
-2.822101930155550276e-02
-4.936190625796734732e-01
-2.146296325934550775e-01
2.765836387483670000e-01
-3.779067866830776445e-02
2.180348791289771770e-01
3.391246549083068995e-01
3.013677637559599165e-01
1.144686800965516726e-01
-2.851816167837524230e-01
-1.183488708819273177e-01
5.491785221997567135e-01
-2.799732350446212381e-01
4.050881514813754469e-01
4.801193179376021802e-02
1.294848444813415655e-01
-2.102631284602379247e-01
1.323435430811699121e-01
9.196782807157768969e-02
-1.665660318003298057e-01
-1.489153506534341975e-01
-8.814943652910449401e-02
1.071341457831769817e-01
4.332463685852949720e-01
-2.898736498732420452e-01
-1.592449013869367581e-03
1.967899450622068724e-01
-1.321742789669839435e-01
-2.826638145347326048e-01
3.570341767230681418e-01
-1.250910667206014126e-01
-4.089774828785936456e-01
5.228028715947272698e-01
-5.539417640648234276e-01
-3.591602562577062008e-01
-3.700737201221743766e-01
8.036377704943066524e-02
1.388395204249644466e-01
-2.777061280160991741e-01
3.532930540993031721e-01
-2.507616291502057573e-02
1.965553156397468471e-01
4.337929656322637995e-02
-1.719337244974520895e-01
1.827097332271607477e-01
7.330964150710622684e-02
4.992314621237626260e-01
-2.622328355340927675e-01
-5.181957043768263826e-01
6.209045892695181507e-03
2.446455730315945376e-02
-4.605493389340291344e-02
9.095561358585409206e-02
-3.047213979008489004e-01
3.915698398125525004e-02
1.103427314900604916e-01
2.562798583541769926e-01
3.188675680867935069e-01
4.691018867924116598e-01
3.225292286178329526e-01
2.667614746421926308e-01
5.811527059675438700e-01
-9.263279421461990959e-02
1.397765316791242940e-01
-1.920726656884961248e-01
4.237671633014667982e-01
4.586439367095108688e-01
1.020787612553091805e-01
3.933002372020293902e-01
3.149473109138463123e-01
1.138436039965221303e-01
1.204313457920134084e-01
1.221978814212441866e-01
-4.128975747628031989e-01
-3.839896730542170511e-01
2.446672674398371605e-01
-6.606819678238256000e-01
1.363603542460090079e-01
-2.973976534008074823e-01
5.792550069831116366e-02
-7.480887794679530467e-02
-4.994418854912530126e-01
-1.303832171459705647e-01
-4.052257938669209802e-01
-2.490959184560972706e-01
2.435295466006431042e-01
-6.611990324962900567e-02
-2.524628658489932453e-01
-3.032375259566361669e-01
-1.311080142846382524e-01
6.381409759280050331e-02
1.824028650598155110e-01
-4.762684061605097080e-02
3.724732381250202007e-01
-1.471035906163404017e-01
9.738835478874399709e-02
1.795140336880533261e-01
4.842276642652494356e-01
-3.059174116511133024e-01
-2.523149441649429892e-01
-2.359721686152480291e-01
-4.486930888516469373e-01
-6.050771431729161029e-03
4.556504899608830317e-01
5.525786499461280421e-01
6.619723969437607547e-02
5.993356713726424867e-02
-2.065650963771146764e-01
-1.575909628239889892e-01
-3.366023816544683744e-01
7.334830769457267863e-02
-1.523142431017234233e-01
-4.626594815783384163e-01
-1.017582969419561501e-01
4.655129220354019548e-01
3.406437442616599975e-01
3.298639459673933794e-01
-4.917457341080236910e-01
1.767732926587743392e-01
2.793968129973589676e-01
3.595049592621506890e-02
2.321414576370230479e-02
-4.707137048320018113e-01
1.636947228995033754e-01
2.556296661482491128e-01
-3.528632116413653597e-01
-4.233786948545364970e-01
-8.531751569134862767e-02
-3.190831740117204274e-01
1.135605664202757673e-02
-3.825875829221849767e-01
-2.332816811256648304e-01
-4.489069598865002009e-01
3.082668966998385329e-01
1.672257301901566018e-01
-3.888658729845434481e-01
-5.632558272176212827e-02
-2.162079220404597435e-01
-5.816892742393819232e-02
-1.097211379263555997e-01
1.803372241024991940e-01
-4.529192941559974372e-02
4.217511079373529453e-02
2.161474717645707755e-01
1.357946152718365607e-01
-2.225458187779629643e-02
-2.440959188422704013e-02
-6.699046822807682711e-01
6.537927515881927776e-02
-1.419701821317070067e-01
3.959207215733708818e-01
2.863618714079668726e-01
1.828763381259481680e-01
-2.162855976937214098e-02
3.534622650919821973e-01
2.675655078953198540e-01
