-2.405642349882695236e-03
-2.943619118065780027e-01
-3.096938271972720091e-01
-8.262020190606325643e-02
-4.029984150396258569e-01
-4.426826120088850347e-01
1.786564879547080931e-01
-2.658112147564221650e-01
5.241620497251699984e-01
2.797964897699778408e-02
1.199421716631016988e-01
4.667704221512153917e-01
-4.140312675199824821e-01
-2.102420515764269471e-01
-2.410545071540796669e-01
5.554768854089538882e-02
-2.659574700929784319e-01
4.147843977399302134e-03
1.039460957003829900e-01
-7.059031076979559172e-02
-5.944804223393403975e-01
-5.714501870005765649e-02
-4.347118137608233512e-01
-8.901843932492484179e-02
2.870610903204344755e-01
3.749502174555796041e-01
5.356414071268038313e-02
-3.415297979885211221e-01
-1.103189758500089379e-01
6.510985391393088184e-01
-3.639347706992107634e-01
-7.565715169633671633e-02
-1.529567947108551595e-01
-4.074520258847148801e-02
4.338260175648720463e-01
-5.123672353705226168e-02
-9.007777862001993263e-01
-7.710173924908490795e-02
-2.679839894161439862e-01
-1.108058883620212098e-01
2.090118773276414821e-01
-1.538299789697955000e-01
1.195467112561941214e-01
2.256479920481947454e-01
-1.399943620643395448e-01
8.195473331531608063e-02
2.702375621638872794e-01
-4.160753022352446928e-01
7.054684451386392663e-01
2.314018302485618128e-01
1.184039280392596705e-01
9.468187400201069637e-02
-2.210760076697887155e-01
-9.317876742029130091e-03
1.137795072988331269e-01
-2.961534216687593535e-01
2.326769919990861746e-01
-2.637047089477956296e-01
-3.086128488177046769e-01
-1.838923366654819369e-01
-4.071664265751156475e-01
1.867136617988127412e-01
-3.932990469868822836e-01
1.425065258829466379e-02
-2.509636531748113963e-01
4.467535574346934157e-01
-2.898999988812703821e-01
-1.643502482188109182e-01
-8.699774136933960400e-02
4.040639401887733406e-01
-3.100483196054387713e-02
3.133643952569888924e-01
-1.798066227150004748e-01
-2.906943031700960911e-01
5.257933378671642011e-03
-6.411385030119921835e-02
2.966338782884360148e-01
-2.794019436109222987e-01
2.531502399359800703e-01
-4.841287009614884118e-01
2.595518997737237266e-01
-7.828144169259245722e-01
-3.432989639699777218e-01
6.996845591087220984e-02
-6.326473344726757375e-01
7.276080799841400104e-01
1.514145809794973929e-01
2.286424373305378233e-01
-3.297011373576578253e-01
-5.890810722757379159e-01
-4.661394838714785216e-01
2.066712587685503588e-01
3.735964327624028969e-01
-2.554553823172246441e-01
-2.185406842773963132e-01
1.639192578362531905e-01
3.281161639292019816e-02
6.879518333083277648e-01
2.541002237094937000e-01
-2.401914070006869184e-01
3.129942362972561454e-01
4.078874710199183462e-01
1.177527717100022436e-01
-2.676507387616174904e-01
-3.593134980732006767e-01
3.218688219906207237e-01
-2.147356249401701778e-01
9.779593746950034083e-02
-2.963181805230290511e-01
9.856582151870051101e-02
-1.450527568490684871e-01
-3.562718844407795071e-01
1.950160712107431027e-01
1.209732812868870300e-01
-4.541226398564957578e-01
-6.753294604151343083e-01
-7.653451470192418338e-02
1.471620535459348400e-01
-2.917500782508504198e-01
-2.945554742457184294e-01
-1.772105273574250406e-01
2.569954470083984921e-01
-4.700950578526010282e-01
-2.049420975874650594e-02
4.995894616265796895e-01
3.238304856725966741e-02
-9.387942113707489766e-02
1.793033514018816388e-01
-1.085489208215371232e-01
-3.816142165970952127e-01
-4.223419954236486418e-01
8.056455404814431842e-02
-2.169990885915273338e-01
4.019388667325612396e-01
-3.762934687406387368e-01
-2.945075216634190918e-01
1.732624643879260851e-01
4.162623618699421435e-01
-3.245384804056472561e-01
3.228738619831116319e-01
3.926758488203458547e-02
-4.471069095304798791e-01
-9.934670068746323524e-02
-2.754059202611222057e-01
-6.606348686261382941e-01
-2.180341666979146997e-01
-4.029917898040620283e-01
-3.888657428195932408e-02
-2.138322112599148894e-01
-2.110800887262909431e-01
1.264776044370659602e-01
3.383802007321577432e-01
-2.632362267564611336e-01
-2.796805726611096832e-01
4.014797681370239069e-01
-1.793943246089805821e-01
-2.940629532378457034e-01
-2.609486799983339322e-01
3.098212487559796544e-02
-3.543521585057893830e-01
3.215494261792347652e-01
-3.541647204306835883e-01
5.440722275752222226e-01
-3.394245928822091363e-02
-3.257915634427090978e-01
1.209936200743663981e-01
-1.813916306755621322e-01
9.752256522730469446e-02
-2.428921248271244393e-02
-1.020765154465245461e-01
2.266865010701019645e-01
-4.110853060096304051e-02
-4.807963045646496299e-03
2.518149358492660639e-01
3.567247447276460787e-02
2.049873935113507017e-01
-4.397376851586591584e-02
2.074802766757771408e-02
1.182976087195163756e-01
1.653445589690807904e-01
7.170578042067557445e-02
-2.332662614511543664e-01
1.489886141777070974e-02
-2.648342172224574798e-01
3.680939903159842208e-01
5.550609690828872678e-01
-2.336013401799721390e-01
8.269538685181340720e-02
4.498372528854892027e-01
2.386401538885783435e-01
4.711636781808601904e-01
-4.073001670414823638e-01
1.226033552806695681e-01
3.232593738132291672e-02
4.825101973971656494e-02
2.922936382375890818e-01
-2.000936793423272464e-01
-3.161277688906152794e-01
-2.759168995671444913e-01
2.310529095955705658e-01
2.339897790235254127e-01
9.416316524679305133e-02
2.624614017002185884e-01
-6.683566765636037021e-02
-1.133395632697993885e-02
2.205151805430667911e-01
-2.549593723249316685e-02
-5.144570178524041082e-02
-1.097402630571790438e-01
4.833765373312850500e-01
-8.702017906097663236e-01
-2.653085622497975554e-02
6.018311734962220050e-02
7.335970357713264556e-02
1.016115819529665176e-01
3.349194064916084512e-01
-1.685094325168226548e-01
2.904970628626486473e-01
3.446033958530937413e-01
-4.869423746931854091e-01
-1.982880740938992581e-01
3.132356698485182500e-01
2.032092759199344012e-01
3.920006204107595593e-01
2.655230546891503285e-01
-8.042624920315233350e-02
-1.967922723698845855e-01
2.316067367386826503e-01
9.511698850476266176e-02
-4.601944491095209810e-03
-1.008765053228792008e-01
4.421591767891847047e-02
-1.800513800361919770e-01
-5.604195276563193051e-01
-1.474375891159648289e-01
-4.103834413877363585e-01
-4.077440527079013721e-01
1.435417144179905978e-02
-6.664520703771592558e-02
2.745691133425496311e-01
-2.293536429708088187e-01
-3.940406685373438189e-01
-2.241678912588167261e-01
-1.338483235088084866e-01
-3.327179221637580619e-01
1.925185151999248556e-01
9.199649073625966456e-02
8.753629394348450346e-03
4.860660170188348117e-02
1.302538359860768713e-01
-8.183522463871009678e-02
5.201417028044594826e-01
4.152495014518712835e-01
1.714329147865069902e-01
3.108310302147442306e-01
-2.540555774986226201e-01
-2.538012440109221890e-02
-1.631238923894514359e-01
2.057407707428782206e-01
5.764690538323642699e-02
9.034128217441263556e-03
-3.219086003111468197e-01
-3.450178122967768601e-01
9.114999037345578037e-02
-5.337377531580296264e-01
