3.106211805457542718e-02
-1.216092356914354883e-01
-1.412279033429741926e-01
4.692659533038816000e-01
-1.583498286973407110e-01
-4.315470997180902990e-01
-2.205427711037561411e-01
2.745065152762782290e-01
5.273241647572764201e-03
1.907210700434757156e-01
-2.314481312581228023e-01
3.975069380226368965e-03
-2.877527626485090195e-01
-8.414819654015637251e-02
1.312952692927251974e-01
1.291377626999556660e-01
3.618052271524666019e-01
-1.354528582077116905e-01
3.133375377152505803e-01
2.936911727243981737e-02
-1.665118724866853639e-01
-3.992283174546164964e-02
-1.800491482073714455e-01
2.549399159943543589e-02
-1.505267128958721196e-02
2.226731710518969065e-01
-1.688652059730910704e-01
2.274294892209067220e-01
1.872562172479955711e-01
2.786030311413482674e-01
-2.243264062624254485e-01
-2.745576135482390989e-01
6.734361963955843439e-03
-1.354602975177531810e-01
-1.770223302210656435e-01
-3.857333503283932319e-01
-5.572544071891252226e-01
7.687798640582457765e-05
5.843787213124401053e-02
1.916642662621419468e-01
3.577517373874669060e-01
-1.636726985181397725e-02
2.101523155229064743e-01
2.515935678380220031e-01
-2.835418489642014261e-01
2.707461216503341817e-01
-1.848438106414219129e-01
3.064059558758959814e-02
-1.124494339992897912e-01
1.408765484018417169e-01
-4.993555990975853121e-01
-2.556984514164702960e-01
-1.312517306298128794e-01
3.595254617818191556e-03
3.930951128774762271e-01
-2.128466093826929528e-01
1.065624097767497169e-01
-2.037469760479461156e-01
2.763469189078814336e-01
-3.763316763934815984e-02
4.134908104713571619e-01
9.355075520480388845e-03
-1.856576075708099571e-01
-5.291563529981873071e-01
1.823903814819085589e-01
9.759125721564530787e-02
-4.074788803100897749e-01
-3.881707454509648880e-02
-2.751562253031413219e-01
-4.871371941050450793e-02
-1.491319455634609881e-01
3.476530522284551061e-01
2.515351230662571380e-01
-1.992023517911074293e-01
-1.682760944396287650e-01
-1.217581055454561162e-01
-5.026378467055939714e-01
-4.432265336556638347e-01
-1.508655648068473742e-01
5.597063223993387071e-01
-2.425174872720127772e-01
-2.011515325805803833e-01
4.688271256708783641e-01
4.093947986346885282e-01
-2.364386561011984078e-01
1.422274712407657349e-01
-1.310495226579103112e-01
-1.273580832207824379e-02
2.465857818516975775e-01
5.152658134244875177e-02
-6.674774173671646493e-02
-3.206141132423112050e-01
-2.556004409247261133e-01
5.042120667144367463e-01
3.951890975855496674e-02
7.685060382462843842e-02
-2.435665921460395539e-02
3.470207026401451178e-01
-4.074435189386467482e-02
2.971972584143602880e-01
5.987012743016925098e-01
1.706487176156009367e-01
-1.372947025886174510e-01
1.806514195607140105e-01
-3.808978592411947917e-01
-1.384396596653622580e-01
2.355886403656127781e-01
1.137019163594048810e-01
1.862529390409529417e-01
-1.128538543867105004e-01
8.412274489476789796e-02
2.094625361995899049e-01
1.889023312858494896e-01
-3.494190934274573612e-01
4.745494525445390632e-01
6.703009290370067624e-03
4.128149130820852469e-02
1.919193254970184281e-01
3.442179733768703231e-01
2.626185354154853546e-01
-1.568460132165807874e-01
1.762687971809954735e-01
-1.473011561056734031e-01
-1.198919917709247995e-01
-3.015217859209187029e-02
-3.611524032419532459e-01
-6.251294093365909743e-02
5.039904609527794399e-01
4.659346251330347966e-01
5.366527918076391401e-01
-2.471537984553029976e-01
-2.602380566685760233e-01
-4.949228179016967877e-02
-2.522972981769151524e-01
-1.338460436518069119e-01
-4.269465524630582931e-01
1.184590035488324172e-01
2.348533152089318232e-01
-1.039118962391907403e-01
-1.651032567618339886e-01
2.798830100619690286e-01
4.881265767363860419e-01
4.733263603207809589e-01
-2.848693858930592127e-01
-2.571214489159658889e-01
-3.081143639954005420e-01
-3.249083398505393516e-01
-1.981212173896395590e-01
3.190369756927475264e-01
-5.677001654404057601e-02
-6.696412873655453735e-02
1.732524138425856897e-01
-1.016776729846794736e-01
-4.031820044056128732e-03
-2.795657027990220422e-01
8.729407298712321683e-02
-2.631479236084011131e-01
-2.692824931792520138e-01
1.083516804742426856e-02
-8.651796782754106463e-02
5.822643952261323530e-02
1.388404890687030269e-01
-1.538407979920886348e-01
-3.487424381840261156e-01
1.345200824279159935e-01
1.369302332530412669e-01
2.903843339807188340e-01
-2.552837170276748280e-01
7.755269148304845539e-02
-7.509165507587864385e-02
7.139116581215826374e-02
-4.865444328017744513e-01
2.526689872337980480e-01
-3.681461340276343530e-01
1.063178109864231224e-01
5.184784547939114141e-01
4.810670262988487461e-02
3.216947938289825559e-02
4.818615646216193316e-01
1.868128706802405503e-01
-2.008081259280722897e-01
6.574145220388176725e-01
-2.429503017220415589e-02
4.056839138336807982e-01
-3.264144849439132856e-01
7.758899233052329869e-02
1.728713886049037529e-01
-3.662156912109204576e-01
-2.464243556410445485e-02
3.685511485134762011e-01
-4.621482791617210761e-01
-6.179515546930084424e-01
1.295959241401257733e-01
-3.014700120832422559e-03
2.654434744586487982e-01
-2.505443016934001677e-02
-1.450355671898219401e-02
-7.567323290882016495e-02
1.331493277284047649e-01
8.304096776779458511e-02
2.034581718689098540e-01
-3.127937465953264246e-02
-5.766272294218834776e-02
-2.709647677350185413e-01
-2.180428480111504808e-01
-1.189423743311580212e-01
3.250663008375081348e-02
-5.217589116702385510e-02
1.318974734483446265e-01
6.760243981704846528e-01
-5.835380287619439110e-02
-4.143530533486846079e-01
9.180937544998332700e-02
1.091868900171202306e-01
-3.453945970756751582e-01
-4.264806931649780530e-01
2.706060609307195941e-01
9.081838926451551997e-02
-2.408591642699313973e-01
-5.857370671328618328e-02
-8.833269342132833712e-02
-3.481699738966204660e-01
3.298104827653115523e-01
1.747546179874651662e-01
1.102099685533709794e-01
-1.282365806336429603e-01
3.366333090072751721e-01
2.611010861074039568e-01
2.923370612096154453e-01
1.246486063748431378e-01
-6.138023376973843481e-01
1.611969829923888820e-01
3.926128791015777442e-02
-1.951551995204213741e-01
-4.422282867949628438e-01
-4.439813824753387900e-02
2.308394904338366416e-02
-2.429173126627219292e-01
-4.193710156971875991e-01
-2.465668296120499536e-01
-1.843415145996946669e-01
-2.142815170398983393e-01
-9.503743044554929797e-02
5.419553186639659847e-02
4.775863841638665619e-01
-1.046694594749627075e-02
-2.501369898054418561e-01
-1.666107955527401652e-01
-2.111886510394111460e-01
4.213768928938819991e-02
-1.600094172725518571e-01
-1.762976973792539925e-01
2.473834270543300712e-03
5.011440326413952873e-01
8.634745189606964078e-02
1.064637407348837939e-01
-5.716002727679232731e-02
-2.462772322920401824e-01
-5.965388198394439012e-02
-3.873606024304265816e-01
-1.570248609035007070e-01
-3.101183528370923259e-01
-1.099713035523466331e-01
1.576552414893368503e-01
4.784522345886639549e-02
