-1.986965060682755468e-01
6.584986991094134989e-01
-9.128133306987788742e-02
4.206507469747502448e-01
-4.085882978759847184e-01
-1.064659722949626297e-03
-1.801958950738447029e-01
1.930226097683154785e-02
2.524036191429811227e-02
-1.999820542788666999e-01
2.956619483555701366e-01
-1.766282120009137480e-01
-2.978680115532257311e-01
-3.521977024594680761e-01
2.143141936416569360e-01
1.726971401209966839e-01
-2.726725491458061867e-01
1.577495857877499741e-01
2.398762411105167525e-01
2.337445560942206374e-02
-9.793385376608970683e-02
-4.954796671673915298e-03
-7.136648597085770707e-02
-7.803232667847910253e-01
3.587217938599986944e-01
3.175463239291687056e-03
-2.379299651297538676e-01
1.406468091476743565e-01
-3.279848117657152562e-01
-2.528227171404784368e-01
-1.952487714349924186e-01
3.426633140047352644e-02
-1.636447536248734347e-01
1.846915664146332736e-01
-4.155365904876744398e-01
4.240055032784358080e-03
-1.717335823616231161e-01
-2.237597580354292182e-01
-4.708642480052049883e-02
1.010411537877393684e-01
-3.370627170175046761e-01
-7.108917861433217134e-01
-7.057708018847863585e-03
-5.420875345250146804e-01
-3.016072647784089344e-01
-4.238278735028884192e-01
-1.918333007826572012e-01
-1.761498993390712420e-01
-1.944884579110066070e-01
4.513712322285660106e-01
3.511851743363471334e-02
1.245224560362268723e-02
-4.524691217881553484e-01
8.117749584688949138e-01
-2.686914922809686690e-01
-1.753619397678699010e-01
8.243407896530285939e-01
2.291650366652667886e-02
3.855603830384279895e-02
1.849113139350622159e-02
-2.220534757513010771e-01
-2.111442292516771679e-01
2.292172434655219138e-01
-2.393715300034386373e-01
6.098548958873135917e-03
-9.761469495045105305e-01
6.200785695376603845e-02
-1.327258279442268540e-01
4.843309057666280726e-01
2.402400380953438330e-01
4.483371791875635781e-02
-2.477186077791390106e-01
-9.348533075701397077e-02
1.269754192240705182e-01
-3.054505304251581288e-01
-2.260914300268134641e-02
-1.611198103616822142e-01
-3.769602948691396227e-01
4.008385227304053222e-01
-3.395201007216644418e-02
-5.163283170531582922e-01
5.433723476271736796e-01
2.340520879377483432e-01
6.984444437597439048e-01
-2.054393594690545055e-01
-6.746821690892383927e-01
9.337167835316766140e-02
5.738569491133631295e-02
-2.216003861119716922e-01
-2.209212954496332926e-01
5.366858096773530207e-01
-5.793529146777617322e-01
-2.569731656812869747e-01
-2.491989440504264464e-01
3.111628840832140197e-01
-4.736215477562520926e-01
-2.110165982555275432e-01
-1.542014068878456989e-02
2.505588104474238409e-01
5.446310415426296458e-01
-2.299363900466108723e-01
-5.532096622532327590e-01
1.508945666357548454e-01
7.743143968468373384e-01
-3.034196541309777118e-01
-8.759522507630715382e-02
-9.086585322146367716e-02
-9.295411726920244089e-01
-1.123049702612095579e-01
-1.418888017498146359e-01
-1.977419516804738986e-01
-5.201169452879847999e-01
-5.932693843853713289e-02
3.088810839274808151e-01
3.768240127322928235e-01
-1.842432339613092607e-03
1.702394862737710568e-02
-1.597656216786007832e-01
1.102491860353667918e-01
-2.345206164885177136e-01
-5.703044345022358907e-01
-1.295810167796276335e-01
7.418496067807225369e-01
3.297914353023064654e-02
9.728912334436876641e-01
4.982941364140161533e-01
-4.207141470079770462e-01
-1.150444836630422352e-02
-1.954971591151656585e-01
-8.883699959128202317e-03
-4.151376448543837583e-01
-5.069356675052800743e-01
-1.339699926850893008e-01
-1.480900807613040326e-01
2.272796141499214273e-01
2.680777846025441669e-01
-4.069818014987924837e-02
-1.078704970392049545e-01
6.221179172943147595e-01
-1.487425361898725429e-01
-2.451100250698733107e-02
4.950889576178367224e-01
2.086103587625659783e-01
-4.163587146933746541e-01
2.596090874563941053e-01
-3.113888278760783557e-01
3.341658791902835102e-01
-1.033034107930169698e-02
-3.694222804069934307e-01
2.990544443785342343e-01
6.964874888709080558e-01
1.632425586189834021e-01
-4.924684596180345375e-02
7.018524616410339867e-01
-1.191522552687617476e-01
-3.190410032835870324e-01
1.589847482361178566e-02
-2.008694390280814368e-01
5.221238461886349574e-02
3.705521656167848343e-01
-4.420703832528938282e-01
-1.032244572736981322e-02
-3.206856947700144622e-01
9.707225173807776386e-01
1.079064870160113959e-01
-7.032683841702986466e-03
-1.268936592665758090e-01
1.825385183702753211e-01
4.909166466349794700e-01
3.729207610257687655e-01
-4.546410630284036802e-01
-6.709556326564725115e-01
-2.188491872047237941e-01
5.000962084860058887e-01
-3.913921978054823447e-01
-2.264979950130250330e-01
-5.039240136352773902e-02
1.505350019802123573e-01
3.165405764420230195e-02
5.117824863955067194e-02
4.286187925043579705e-01
1.158224391878184961e-01
-3.367834578367119580e-02
4.195876926605567325e-01
1.693332764765815845e-01
2.281701406103248814e-03
2.759249622660538137e-02
4.948835319784737896e-01
4.141747592803354250e-01
-5.898759227960804763e-01
-7.137809880787706618e-01
-4.229241572029170115e-02
-2.296347174730990204e-01
1.281823657446210518e-01
-6.099995970049197913e-01
-1.571847185198931018e-01
1.257972161907365827e-01
-1.483093487480432737e-01
-1.480688471245834581e-01
1.566158797739445885e-01
5.049188426170930777e-02
7.632022672771870964e-02
-2.191168110213234654e-01
-3.688285002677021418e-01
-4.836861441882691626e-01
-3.494511570541902756e-02
-2.364811380291785281e-01
-4.748899036444413913e-01
2.562687962550720677e-02
-2.007878031614893366e-01
-2.652167014475758644e-01
4.474039967752456437e-02
3.082722448004564519e-01
8.819894426707277635e-01
-2.641956614972298251e-02
5.922015649517891056e-01
-7.229291250173268679e-01
2.996579730959286758e-02
3.213796024403479112e-01
4.689850309054580668e-01
-5.190809700334768351e-02
-1.128933071207123412e-01
-3.747408744220912524e-01
-2.971554997777181573e-02
-1.675616595670864351e-01
-2.919689692522449143e-01
-2.328529359044150815e-01
-3.152457107874748199e-01
-4.040461915930878556e-01
5.289727751209287732e-01
2.087775504845575669e-01
-2.241362181612540916e-01
2.438402966297147367e-01
1.643722267219591693e-01
-3.556821797326872314e-01
-5.706857939761464382e-02
4.330606225792417163e-01
8.930475720287918140e-01
-2.306495154951542226e-01
1.964572419314680046e-02
9.773077016302358366e-01
4.790202034308015389e-01
5.018920559717774399e-01
-4.733709949985136500e-01
9.856828200967779896e-01
-2.012473074089543013e-01
-2.225852022712119793e-01
-4.592897014417897383e-02
-7.332178627533991744e-02
-3.742373189303764836e-01
-1.032541084116884722e-01
-2.798661881249621119e-01
-1.491830606912557811e-01
-3.521863499256691066e-01
-7.754573083013622803e-01
-4.198183297279757253e-01
-2.225248749148528715e-01
3.691944163223566666e-01
1.835657296273941058e-02
1.115897106512413473e-01
-2.122733502253131288e-01
-2.258505702483272759e-01
-2.715747507398799110e-01
-1.597622811974163670e-01
-2.973078431732851801e-01
