-4.812060395232740651e-01
-3.033340833448489732e-02
2.412818705099466499e-01
1.685186866685761675e-01
3.322656774207721209e-01
-2.623727175617521223e-01
1.305863848558621587e-01
3.910362144996097911e-01
2.123742815339569115e-02
-5.374849804291449429e-01
1.503295838396835338e-01
2.338800042825480152e-01
-2.061665106245036405e-01
-3.442268514008808844e-01
-2.639677779383896583e-01
1.210493110776905412e-01
5.549469620798844760e-01
-1.357713267247340760e-01
-1.777178855043119732e-01
1.045742721927968577e-01
-9.689342467270459225e-02
-2.344743233064162380e-01
3.940328075728067869e-01
-4.356080365713811686e-03
9.525533235358320250e-02
3.858742121015714122e-01
-2.976038709515115288e-01
9.639115402670161981e-02
4.227261853786586088e-02
-2.794220598085263019e-01
-5.929232891051768733e-02
1.835344150621009696e-01
-2.287064057280403795e-01
3.761362895728473932e-01
4.201007279174424625e-01
-3.003361811967413253e-01
4.275568198304735557e-01
-2.546597425930459124e-01
2.829976632111808402e-02
-2.145714869743104436e-01
1.050051250949020909e-01
5.021161588302122114e-01
1.896995326252057801e-01
3.944358367742465954e-01
4.391212303068318112e-01
1.057120130954168624e-01
1.342628547983623355e-01
-2.567292784978032483e-01
2.361183667946310516e-01
-2.215140079097833170e-01
2.933197130988539625e-01
-1.710073872581721888e-01
4.175440842095572147e-02
4.303520669918058372e-01
-8.858148530552671651e-02
-4.355059626724608335e-02
1.923428011154312556e-01
1.742538242385787139e-01
-3.150746828963459367e-01
4.318646282145750526e-01
-5.532021875242709719e-02
-1.968336405722997950e-03
-1.448743213861474755e-01
-7.073948267888152674e-02
-1.101679760574958422e-01
7.268709138111735524e-02
-1.117422714998979327e-02
1.229257015235893195e-02
2.612614463100701445e-01
2.196306799001745622e-02
-2.038027598294953613e-01
-9.093896325875440445e-02
-1.105685160139780326e-01
-3.043838164471309726e-01
3.387904936307236659e-01
5.051329578090180128e-02
-1.630860466210315995e-01
-4.325380048832966340e-01
3.788350906001759499e-01
-9.825915570919684094e-03
-1.158383731001698946e-01
1.727229735934918825e-02
-1.432173384396824845e-01
7.693817145977526438e-03
3.240006021869306085e-01
-8.382159288130019981e-02
1.419221445828722228e-01
-6.853021728625627307e-02
4.053022062739363163e-01
-4.643589768947640195e-01
1.706949651122416645e-01
4.798541785129781245e-02
-2.907241678913176086e-01
-9.148106603044575680e-02
-5.906224089604903416e-01
3.149131584175929865e-01
-5.524230266458400873e-01
1.566170884615156744e-01
2.678906079210335855e-01
4.445069504238571279e-01
-1.974893818368572695e-01
1.335555420215425171e-01
-3.159421889529635818e-02
9.391085200044455017e-02
-3.125726768162265801e-01
-1.205174728066940731e-01
-6.675677747439218157e-02
-1.543470634995753876e-01
2.457220371185331875e-01
9.266216071495131379e-02
-2.898430814435805081e-01
-8.854903066587699323e-02
-4.329975711477851430e-01
-4.572633757924552400e-01
2.841375350926526044e-01
3.666096555748633579e-01
-6.822435070905186194e-02
-1.410069436120224562e-01
1.839620239574445426e-01
-9.533377706862498913e-02
-1.622222203046506661e-01
8.043496634959487745e-02
9.290899302349876071e-03
2.328619080934121732e-01
3.062255427201149294e-01
2.135072308203615488e-01
2.409650128951946746e-01
4.616787365464668225e-02
-2.104994461308169751e-01
-1.927017247825061133e-02
-7.178219372674540799e-02
-1.779700102973804932e-01
-1.802560183616699063e-01
-3.594101587798730901e-01
2.817776498833312604e-01
-2.006414697417498727e-01
-2.039456793014961522e-01
3.036190000297867009e-01
4.897308881895845456e-02
-3.458854982757731955e-01
-1.232596074153227833e-01
3.208503351226642542e-01
1.221681309062462029e-01
3.324721737211214223e-01
-4.877568276518905524e-03
-2.330737595208431934e-01
-4.110153467764565000e-02
-3.239272428846560192e-01
1.733891294177134224e-01
-3.254942586201383659e-01
1.283481156698129955e-01
-2.109961561852943812e-01
4.803232600228682925e-01
-2.823659738830497368e-01
-1.990971311548491579e-02
-6.112768409557993721e-01
1.386776930319202211e-02
-5.399808316653839091e-01
8.461469108665944927e-02
-4.922367987608115142e-02
-4.401792689137110637e-01
3.502130677522402036e-01
-1.474686169632242194e-01
9.146139329600710965e-02
-2.793548323912223297e-01
3.452669150770437678e-01
2.504439920271865905e-01
5.962461463218773905e-02
-2.810314667110165865e-01
5.481495234827742091e-02
2.262728550569267916e-01
-1.878253001215085538e-01
2.458908811245325010e-01
5.912059179045386914e-01
3.445437725256161182e-02
-9.552756381223882765e-02
-4.825150152825201655e-01
5.609736289129391151e-03
5.622027887547338676e-02
2.771703225204288357e-01
-3.029508561103719799e-01
1.637992786270358603e-01
2.084692115074913421e-01
-1.431872728407806439e-01
-1.255464690270426398e-01
-1.036159611565257987e-01
-2.796035711089837617e-01
3.276873122428428653e-01
-2.213039679121852621e-01
2.270349492188996621e-01
-2.263062381174907323e-02
3.525016238408530678e-02
1.937606551757196927e-01
-4.491584966953289237e-01
1.041954276999640661e-01
5.580267274335497241e-02
1.667157834330297850e-01
-5.047216324767545004e-01
-1.210421673118391439e-01
2.311368860078741594e-01
-3.955157551388203963e-02
1.075396716650876550e-01
7.755812780336689138e-02
5.447593073715981116e-02
-1.242544236080908859e-01
-3.286910955437263304e-01
-8.260500709598136981e-02
2.697623920547410625e-01
-1.147551483266354144e-01
9.901346962751116781e-03
-3.339178896097870775e-01
-3.580331524355456763e-01
1.606416379035651154e-01
5.435449993515134581e-01
4.236092031482170395e-01
5.873400629210878687e-01
1.130127295242287222e-01
5.414353702636184318e-01
2.123395338865282644e-01
4.889166549877409923e-02
-2.562096591672023971e-01
-1.193212152335125509e-01
2.466469372233394686e-01
2.913455938211174240e-02
3.339813809971063918e-01
-3.773554260897713508e-01
-1.611065420531005432e-01
1.913532670588451862e-03
1.740867979184940184e-01
-1.447909651880259774e-01
-1.386367025333213321e-01
6.399740649642225720e-02
3.079136208591018997e-01
-1.529451589115307653e-01
1.097070871657486596e-01
-4.361159945858144038e-01
2.750204220638409192e-01
3.807017809396351371e-02
1.226143621518823029e-01
4.726744634265734879e-01
-8.083507711141085794e-02
2.545290107042001981e-01
-4.510266956153122231e-01
-1.300352473368160955e-01
1.556708951716322398e-01
-2.220732349439274167e-01
8.311684183994085331e-03
3.286926449661792260e-01
1.239155710597245191e-01
3.659107275025211825e-01
-2.375933223090692659e-01
-3.918481897497306798e-01
4.090349737321327117e-01
-1.737320011320431234e-01
-5.207907908447475531e-01
-1.139130939907573650e-02
5.251316336444571409e-01
3.305840731209327976e-02
4.286582212406577774e-01
5.826777753473673382e-02
-8.788024125661628161e-02
-2.517019923199266263e-01
1.216728589777092417e-01
3.939296130084536662e-02
3.549642186645318165e-01
