-3.527315181205421812e-02
6.091099795346606172e-01
-9.186979001539331835e-02
3.196409146689851988e-01
3.510184393043911388e-01
5.358655254152153158e-02
3.001258074231234474e-01
5.464461256011510226e-01
-1.028752038989461798e-01
2.265326659572872159e-02
-2.044459469634894722e-01
6.950147073795297226e-02
2.581456636437421404e-01
1.134188864550654818e-01
-4.222591699253490094e-01
-3.094400398744792113e-01
1.933270322720257450e-01
-3.194472023975499786e-01
-5.222894112924651722e-02
4.920873082405241572e-02
4.139398319602344278e-01
1.984299626533680277e-02
-1.258257837592460238e-01
-2.221961290283874790e-01
-2.405867100732528852e-01
1.405536808995257736e-01
-2.067808732373703495e-01
-2.953231438787338736e-01
2.646382401164881770e-01
-9.425054792710245433e-02
-4.797062221484151706e-02
2.759605168503417305e-01
1.935783567458187471e-01
1.388254047812536029e-01
-1.220691171226516991e-01
3.002468424320252627e-01
-3.406977650066667085e-01
-9.523830001169839021e-02
5.972386911705315771e-02
-4.784167049957549142e-03
1.239633813119377509e-01
1.621746797917031913e-01
1.202227837189931980e-01
1.372032944331129933e-01
-6.344420470618203911e-01
1.036146817218614735e-01
-4.819843151377731227e-02
-4.903067290745423065e-04
-2.134394911752230395e-01
-8.108936572226656259e-02
-2.342233372632371302e-01
2.672839405987216532e-02
-2.887452664430003452e-02
-6.785434928018754253e-01
1.479489777019150076e-01
2.074928363153808464e-01
4.059148330558582929e-01
-6.928841043707846190e-03
4.262609911207468905e-01
3.472883298119280315e-01
-4.072889228963661595e-02
-6.511676612141304998e-01
-1.037948145020180235e-02
-2.447101424184348062e-01
-3.987756821264776819e-01
2.927529749886641219e-02
-8.680825322343091455e-02
4.719760783070764409e-01
-4.043697121702164443e-01
-1.514543604882466199e-01
2.736446350607619760e-01
1.915824596437054606e-01
1.626280395773835874e-01
2.240974468851559820e-01
2.222266231829846395e-01
-1.322714580565752529e-01
-1.205945092813404396e-01
-1.142547908979634624e-01
9.865926953525318288e-02
-6.841430457966460321e-02
-1.313788497629026497e-01
1.597533444391359136e-01
1.857230997411762549e-02
-1.436252264145487512e-01
8.888696352331743045e-02
-2.590596852217646462e-01
4.068784615940743699e-01
1.944358750362946454e-03
8.034531712503875656e-02
-3.372377350532821949e-01
3.124665629433319713e-01
-5.792399338552655097e-01
-4.165151457516835798e-01
3.092637659886079970e-02
8.921760432660602591e-02
3.328723338955106859e-01
4.111196312267084707e-01
-9.743028223087188411e-02
-1.345394694602161934e-01
3.730168524716011014e-01
1.187883804291011841e-01
-1.438790424250556976e-01
-1.569527902880867298e-01
1.434538249502111396e-01
-2.322696041925841615e-01
-1.104501678232769762e-01
7.681943202153365333e-03
-1.412505244092539525e-01
4.977536065374220664e-01
2.865025730634556123e-01
-6.704473945842420735e-02
-1.135886886556074782e-01
1.352992363128057152e-01
3.821011100253527415e-01
-1.784276458607734483e-01
-2.320201555013223782e-01
-3.487541550227674092e-01
-5.177569509530535186e-01
3.099715072444224617e-01
-3.334891585723118168e-01
3.345668833952918919e-01
-3.440560271247223439e-02
-3.180211260983914490e-01
-3.155897334954321787e-01
5.470162475122239409e-02
-4.331844565330358193e-02
-1.317170125751170873e-01
1.620152638895252517e-01
2.741707843080496421e-01
4.172204474031661336e-02
1.160033336352633698e-01
2.870087504066465289e-01
3.810193405289168112e-02
-1.684157159641704871e-01
-4.351643889043848024e-01
9.953973790925474407e-02
-2.112480329387349254e-01
-9.773315605116741911e-02
1.854308665363906816e-01
-4.820924234093782595e-02
7.279719145516108658e-02
6.232621871551190240e-02
-1.918133581606762672e-01
-4.662743819056867078e-01
2.115096163410938312e-01
-3.397287525775709582e-01
-6.314885861102235154e-01
2.620433580579194580e-02
2.642290608105676286e-01
1.548123025838618605e-01
2.764037285381073517e-01
1.906806208055467911e-01
2.562279052278749331e-02
-3.861537865057268482e-01
2.485728909832611855e-01
-8.843701253111505012e-02
1.597166631678207382e-01
-1.223649887459756338e-03
-4.263122823116002880e-02
-5.005541682335076792e-02
2.967924631535889812e-01
2.183748160887165335e-01
1.565306952043279271e-02
2.689494365070930204e-01
-2.228023055586659806e-01
6.379405114050783199e-02
-2.431826210383784270e-01
2.780287164393829835e-01
-2.053312267588976447e-01
-8.291143145665416658e-02
-3.291738313808605376e-01
-1.400228111935294950e-01
-5.449447015486392765e-01
-3.370975775511052541e-01
-1.538228271219674037e-01
-2.314925205649403517e-01
-4.766327870768753971e-01
6.513314882395514205e-02
1.507378488902132441e-01
1.014685560904869666e-01
9.762820792776197298e-02
2.723394028207759554e-02
5.844424879494114489e-01
4.658557539963620320e-02
-2.554868978967329840e-02
5.473902388778699446e-02
-4.431074207019028433e-02
1.998670104776165690e-01
1.417944630384094518e-01
3.097003922620296112e-01
-9.422553884761886156e-02
-3.487688064352310879e-02
1.155246528120469976e-02
2.353204303098474504e-01
-1.257017916601289170e-02
5.384462563257619294e-01
3.443672239724410722e-01
-1.606561083006394219e-02
2.483231752630051803e-01
1.476986034057345409e-01
-3.010417933782574135e-02
-3.486295113199218421e-02
1.322915280484947553e-01
-4.700063032414913966e-01
-3.003362303464218730e-01
-6.521582397085433358e-02
-3.089629645139235770e-01
-1.380931978809865797e-02
8.166346705241411819e-02
2.863042997676991108e-01
-1.655531079633690839e-01
1.474644499202510117e-01
4.963231474731221171e-01
3.916250998015642915e-01
1.286663915078903320e-01
-2.758710667324097976e-01
-2.408304839417246823e-01
-1.905050822163762980e-01
-2.336318242149240110e-01
1.076802498420150467e-01
-1.386652632399049991e-02
-3.164044261589998852e-01
8.144797237247615451e-02
8.215467813767862726e-02
1.970605738893469461e-01
-1.269187985593364099e-01
8.965097931351197202e-02
4.658261837977700770e-02
-2.400716221223951341e-01
-1.948826835479983699e-01
-2.960964159110530680e-01
-2.493073004750326893e-01
1.697446591734368404e-01
-3.596793988120101926e-02
5.684387204509260272e-01
-3.480001744347388515e-01
1.582560814298770296e-02
-9.724931226823668728e-02
-4.013953404120376156e-01
7.653568555531975459e-01
-1.482141080215941195e-02
2.046455901200961436e-01
-1.080228262958320140e-01
2.941150742481918323e-01
9.440719041078829421e-02
-3.596569887688307876e-01
-4.356109044693201038e-01
-1.979384386085646375e-01
3.428641960574382308e-01
-5.890003885328918415e-02
-1.462063422683571312e-01
-1.898950300262866597e-01
-1.563088052613740286e-01
2.371783598438724494e-01
2.532206532410579691e-01
-2.649984456985354786e-01
6.560113349648417636e-01
2.222219235981877095e-01
3.435556920688959126e-02
-1.494685517213721337e-01
6.952282532486314670e-02
-1.546225603922537495e-01
1.844989764586396908e-01
-2.185402972488199869e-01
5.819543812357537149e-01
