-3.409095814425268101e-01
-3.078411370553891802e-01
-5.749876041152554573e-02
2.490465808421852834e-01
-3.229167568537125166e-02
3.949357362006946093e-01
-2.224228652136293338e-01
2.314791808847252441e-01
4.146431176551257369e-01
-6.032611935670484371e-02
3.971401484691986505e-01
7.813522069582140572e-02
-2.456438282192627276e-01
1.270278928559211151e-01
-3.719992488528550689e-02
2.911323525692784409e-01
9.384585871069495155e-05
7.689655586978633162e-02
-8.989040103917328439e-02
-4.169454662361511965e-01
2.507291605928785305e-01
-5.583241189083612555e-02
2.418179775470730430e-01
-3.233999390095603221e-01
1.167155835288007926e-01
-2.849722550211623018e-01
2.921668548733669657e-01
8.171601565030264802e-02
1.609529214019477794e-01
-1.913289546955825593e-01
-3.238231607289976388e-01
1.793894098201760934e-01
5.692889423456576337e-01
3.471312550432426036e-02
3.372500470407231443e-01
4.944092097478328673e-01
2.298149155076281980e-01
-2.044523640983968438e-01
-1.564191310916298872e-01
-1.561602013271033429e-01
-3.354564283927877755e-01
1.908921760697341874e-01
-2.491962891400129332e-01
3.359708765749441772e-01
6.597855758122495029e-03
-6.271214882548052927e-01
-7.730073891009772713e-02
1.080528509548905891e-02
-3.526004613072872274e-02
4.033706679401608541e-01
2.316500597898877023e-01
1.154997623055328826e-02
2.625879191975598603e-01
4.409822826582962541e-02
-1.768269487711161825e-01
-3.195949370906219777e-01
-1.053551512449868444e-01
9.118917441505974830e-02
-2.660710674941451082e-01
3.077642030495995606e-01
-1.271939836998663143e-01
2.347410653796108693e-01
7.925451669663449716e-02
-2.085519212148211898e-01
-4.728640895084216256e-01
1.414421691292587768e-01
-1.120565612799289956e-01
9.350045324907071964e-02
-5.135108880545902199e-02
1.516926774994171445e-01
1.781916099119862928e-01
2.490591654678755984e-01
-5.244510316974498876e-02
9.772617922049900430e-02
-1.250341810272850573e-01
2.927310334444546691e-02
5.627046621429523943e-02
1.504477437071796708e-02
3.718519900597428984e-01
-1.714094949793465439e-04
-3.384395319067325381e-01
-3.424356539840334168e-02
-1.345578862563528710e-01
-7.118757991578888999e-02
3.838587434630013062e-01
-1.689486966646615573e-01
-2.023609938719857504e-01
-1.425774266911816190e-01
4.400882732320615665e-02
-2.372292475428151026e-01
2.481671588220180080e-02
-6.449014594769217346e-02
1.377140960451750662e-01
1.116125189318634414e-01
3.120392414555109850e-01
-3.526915491528649360e-01
1.129816369215879412e-01
-1.890385691358542064e-01
-4.575483488753209760e-02
1.413035209868534203e-01
2.464258536698900881e-01
5.076421155194691393e-01
1.972235545635585008e-01
2.433938623809475954e-01
4.732690583892371072e-02
8.339750161173498100e-03
-4.573605209595780208e-01
-2.651698197168447235e-01
-2.105221388259810866e-01
5.039411257888973261e-02
-6.278045555353533036e-01
2.542034443624318074e-01
-4.661953623213950237e-01
-1.655025280155332235e-01
-2.505964033374668554e-01
3.395177429100046385e-02
-7.554147328098076430e-02
-3.764461369548030012e-01
2.182971335210854291e-01
1.111539359705111252e-01
-4.433297746730816558e-01
-4.061134243542388611e-01
7.306231125384893277e-02
-1.919334277539448963e-01
-3.286708882600230530e-01
-2.947591000324317756e-01
-1.002607791057842646e-01
-1.635585667185349146e-02
7.070184790303107869e-02
1.382319882997396776e-01
3.402114936259947875e-02
1.538809640740492479e-01
-3.839931010692286817e-01
-1.937715032389195902e-01
-4.641358940854389825e-01
-1.481260930060379066e-01
3.121705718756447867e-01
1.297660891566589370e-01
-4.614528601908668426e-02
-2.745394622363032111e-01
-5.615156720223057896e-03
1.970091823416939003e-02
-3.396060288431268503e-01
2.981071150583158857e-01
5.623036568283343306e-02
-2.085174727150135299e-02
1.855659989707407198e-01
-2.808067919510165433e-01
8.149795865509393278e-02
-1.811580950636785814e-01
-3.253498569698944909e-01
1.518573800204371660e-01
-1.992016475207389337e-01
1.078932983201106310e-01
3.707298436009065501e-02
-1.248934569494133950e-01
1.296810679134210720e-01
5.095732788818755354e-01
-6.958745659327081334e-02
1.650903185800895734e-01
4.754974190639851828e-02
-7.963462486176098309e-02
1.575342521909272875e-01
5.735162665554593975e-02
2.163368579868216457e-01
1.157330278206694651e-01
-1.112051954722373670e-01
-5.320583316234445137e-03
4.169521589240186010e-01
3.004571894713842228e-03
-3.891862918343631517e-01
5.859026075802264977e-02
-4.963919030132154520e-01
-1.786973834430173047e-01
1.075540797946917815e-01
-2.482366903998304009e-01
-2.304220417941938992e-01
-2.322308589022386294e-01
1.989077170062512334e-01
-3.139297907210071292e-01
-7.429188458033006426e-02
-3.111695545948109931e-01
1.808606402600953511e-01
3.185068458913662415e-01
-1.526756750158220211e-01
2.057913992321287189e-01
-7.027279996557628250e-02
1.384765222840644572e-01
3.149367840088488912e-01
-2.099531248675620410e-01
1.228636677632840013e-01
-3.977772885904856670e-02
-3.285622297137328340e-01
4.795041730552374037e-02
1.160580238178881840e-01
3.686576383125611533e-01
-1.262780453541574588e-01
1.193970078916437583e-01
-1.151258183803176016e-01
-1.014668183424155545e-02
-5.692860869186899819e-02
3.737236990597874176e-01
2.440198204574099139e-01
3.615764840785271050e-02
-4.359685053719729031e-01
2.099678153371871137e-01
-1.747766671322538712e-01
-2.942486922963186147e-02
-2.813463506220314492e-01
2.448177249361935814e-01
-3.762660036790738127e-02
1.295861318350906566e-01
1.051470588835055897e-01
7.662613337442000794e-02
-4.551261456820843709e-01
2.409928234363422350e-01
3.693236103330857500e-02
-1.396653959593209815e-01
-1.196819575445617900e-01
-2.413919325712382546e-02
-5.828123748242791669e-02
-2.108933595127905347e-01
1.923817721962320371e-01
2.113489474908697707e-01
-3.934003821231429887e-02
-1.458826978367963878e-01
-3.171884393441442018e-01
1.970664143778300958e-01
5.322838790209611926e-01
-3.697324290581358031e-02
-2.832658247559460829e-01
-3.898705350575322193e-01
-2.681217787223925120e-01
3.009789389653986236e-01
1.398859553215185403e-01
-1.224941552616193030e-01
4.487058100664582660e-01
1.302604879642772218e-01
2.606878671669788372e-01
2.388768163269922029e-01
-4.908479901442347471e-01
4.642479194988512470e-01
7.951656190478770259e-02
1.521352195106940863e-01
-5.285185067873804377e-02
-1.438103219476804806e-01
-1.584537415874408273e-01
3.526331034434337930e-01
-2.160415759866726459e-01
-4.870554852450043049e-02
-6.961812009693654768e-02
-2.424940146957858811e-01
-1.319424468383356974e-01
3.177717280986573356e-01
2.779471210092885336e-01
7.052314212413532402e-02
1.043813205725489246e-01
3.184743354528093984e-02
4.806512504494943050e-01
-4.705685152583402586e-02
-5.387674990743004377e-01
-8.619885760568130051e-03
3.603678257052205236e-01
-1.172129013621012183e-01
1.180274522300951145e-01
