-1.681491068225931529e-01
-1.826730148573253165e-01
4.875044410037956966e-02
-1.440184822775908424e-01
1.659163508141393295e-01
-2.265651805017032394e-01
4.742878346279072455e-01
2.267342914772559337e-01
2.572608454264428690e-02
2.669098234140702131e-01
-5.300922189078245694e-02
-2.532065253231822188e-01
8.843334007746729564e-02
-8.654801661631859877e-02
2.567507280524676250e-01
9.286883102372653007e-03
2.361614896730557939e-02
1.558474010762490869e-01
2.371861255474376762e-01
-8.866310175403326055e-02
1.676292137445480335e-01
-4.493416854423389062e-02
2.811417201906911689e-01
-3.386884884138583462e-01
1.456851192710994503e-01
-5.255162279935159386e-01
-3.503554237344677080e-01
-2.552974915374549569e-01
-1.772902178947009105e-02
2.487511954491191668e-01
4.852313622987806663e-01
3.923273270232181531e-01
-1.144689174973135756e-02
5.812626306096405626e-01
8.253658016032731914e-02
3.310189316348443045e-01
-1.524137522930775757e-01
2.237744144661552720e-02
-7.370855816386273629e-03
9.057506173414417439e-02
6.115411554135188332e-01
1.620389734439308949e-01
-1.990785423469864507e-02
8.955740023569077474e-03
3.764447020079472184e-01
-1.164877608863292141e-01
-2.368482147588033826e-01
-9.412748329580250539e-02
-2.794225557652064706e-01
5.421377470012755939e-01
5.992012515933482497e-01
-3.213843970046442733e-02
-9.638568988357784639e-02
7.184198689762852363e-02
2.230007771342167044e-01
3.310708546648651884e-01
-1.911292550177092209e-01
4.107103986217719438e-01
1.391654377412656629e-01
-5.012235631352132681e-02
-5.392652789180930883e-02
-1.755824195214349126e-01
-2.344774747377804669e-01
-4.781840440588289165e-02
-1.374728727939499018e-02
2.230963484974020361e-01
-1.692855636885154946e-01
3.500662284271094382e-01
1.050263577936649817e-02
5.910419111031685324e-02
-1.365332938534442528e-02
-2.841782076692222006e-02
3.520251917881032089e-01
-2.811469498301519265e-01
-1.304352975093746869e-01
-1.051797344250746807e-01
-1.136831397092770979e-01
7.051139693265720543e-02
5.143151019865323942e-02
2.489790091134670424e-01
-8.135881659806232236e-02
-1.633786114582504445e-01
2.963923376670254406e-01
7.240151943723224792e-02
2.373329424642549035e-01
-4.103309610400725504e-01
-1.342238957837298685e-01
-1.714358543399240875e-01
2.435759174178119268e-01
2.324466703395364764e-01
2.907437962583002133e-01
-2.152853764966017325e-01
-4.265885879857600482e-01
-1.114625396213052011e-01
-5.303803253400600493e-02
4.333607257419495040e-01
2.841972333384767263e-02
1.334774534016618108e-01
-1.571573872061909904e-01
2.534487861182326829e-01
1.269233048546827280e-01
2.711574541698188456e-01
-4.494168716189688717e-01
-2.083282256573839031e-01
4.925637037484146274e-01
1.050245874420237813e-01
1.498031422596601651e-02
-2.147072075861433949e-01
3.661743474591434011e-01
7.910938490252092392e-02
1.882618797322203608e-01
-1.113391666987521567e-01
2.278031740673110428e-01
-9.349333141867552377e-02
-7.404693811226767397e-02
7.236820730668119817e-02
-1.093622074934154781e-01
1.170294691917752178e-01
1.303337241946720404e-01
2.955160395391129846e-01
-2.611507524432451488e-01
3.039124762596108198e-01
9.077149003807551131e-02
-9.013919525778110731e-02
-4.804371626593982869e-01
-3.866906111121356376e-02
3.675200426416732613e-01
-3.403698894488798032e-01
-1.340006678903107873e-01
-3.664963228656449301e-01
-2.414819218705666071e-01
1.266391308315673037e-01
3.141442506162613890e-01
-8.836326699426759468e-02
-3.909535786445338112e-02
-2.557278287226020241e-01
-1.219688168839199172e-01
1.179049369976216399e-01
4.586178739229028745e-01
-1.065484887435835804e-01
-3.460475381670715112e-01
-2.368532313883187357e-01
1.810434027870964080e-01
2.090274689456592394e-01
6.341696792305777375e-02
-1.739122617368240031e-01
1.850389416775943263e-01
1.377943641959918364e-01
1.239464149735852172e-01
1.195349586703944311e-01
-4.568982762214934268e-01
2.166559546934651581e-01
-4.978991940417920592e-02
-1.411175454033729570e-01
5.620326451468697915e-01
3.378857434120388081e-01
6.193755838657594159e-01
-2.220077146329996198e-01
7.896857435160228866e-02
5.189654089165657291e-02
-4.256288054183458014e-01
3.562844209872755297e-01
8.759237545611847642e-02
2.771252288395080754e-01
8.474392025045379695e-02
1.931374850806084897e-02
-3.325088376839920867e-01
-1.063276326122293558e-01
-2.479369839825176780e-01
1.232262436945411044e-01
2.471393405062440318e-01
3.549976470052960131e-01
9.982583429590893842e-02
-2.548289667358706254e-02
-4.761306275657360421e-01
6.913365646029936973e-02
3.223446155919612588e-01
-3.428376248074503918e-01
3.467525604250102367e-01
2.019720784579563388e-01
-4.088943192096800017e-01
-7.148356249136217366e-02
2.688632131019113025e-01
1.177511087385293559e-01
-4.095088486817483608e-01
1.709668884062376937e-01
1.226853236724764346e-01
-2.073086999931096630e-02
8.609955446159506254e-02
1.705950594130021813e-01
4.483544972138200357e-01
1.486966782761524886e-01
1.860420491048195291e-01
-2.582713346762736256e-02
4.770173754411227707e-02
2.861889675104874464e-01
1.304180054964567542e-02
5.126300479281427347e-03
-4.323799135443338881e-02
2.997811501717614346e-01
1.330207784816963279e-01
-7.429183255250622342e-02
4.532114701823829889e-02
1.422586904510766415e-01
2.406748872108052106e-01
-2.171501890586486072e-01
-1.121431206696954855e-02
2.845946929602811287e-02
-2.523969317743683313e-02
3.801076962499435052e-01
-3.120857188419885464e-01
-1.623292004309161429e-01
4.186596446566223095e-01
9.072819911451367181e-02
1.541037321862308296e-01
2.568785335582133289e-01
-1.347843041194057845e-01
-1.444168856548616042e-01
1.716784382172646117e-01
-6.627614037134846314e-02
-1.185154285739117436e-01
-1.687591518448421923e-01
1.574638989814634571e-01
8.755596874272067454e-02
-2.402395993785602646e-01
-2.584006905492705619e-01
9.915023139169238872e-03
-1.646865886590555550e-01
-3.338998398289536595e-01
-3.578043885744345287e-01
-2.026782997498697281e-01
-2.506597126815658383e-01
-5.033420943438120521e-01
1.295313376290104235e-01
-4.931509888681067100e-01
2.938654687836552704e-01
-3.786303346254023539e-01
1.752727202106863502e-01
4.827694222114777833e-01
-1.795644024610667383e-02
-1.454314155297341815e-01
5.671949597284933753e-02
-2.007564141448127393e-01
2.962988976743921032e-01
2.580175440077718194e-02
1.769610728005981681e-01
2.042861494630300867e-01
-2.099402303814364990e-01
-3.163585908064966978e-01
-3.351761232999627693e-01
-5.732354905082638987e-05
-9.760541365351958765e-02
1.360505222878722054e-01
1.787795155956652948e-01
2.594760953706839457e-01
-5.694691285594828400e-01
-2.057419206143996926e-01
-3.340300924850765907e-01
2.535688759687438343e-01
-1.434324912655509689e-02
-2.943186696084249543e-01
-2.945362828202762184e-01
1.987138927414881517e-01
2.406071780918344061e-01
2.124968058590027409e-01
