-5.130102786177264118e-01
4.097080387496352394e-01
-9.492234682063269702e-01
-7.875856919084134322e-01
-5.004337344232072660e-01
-4.372587876838736065e-01
7.354792064824735576e-01
-2.472758299079411692e-01
6.467124082211093139e-01
8.486798776590798177e-02
6.061517402918135122e-01
-8.036063432177709132e-01
7.371687753752276251e-02
3.838226003081994797e-01
-1.293716710836727568e-01
6.799383314437528192e-01
-4.433501321844131038e-01
-8.928794186879938088e-01
-8.224771013129121844e-01
-3.831024186259774922e-01
-6.687690250316229434e-01
3.630845123621615489e-01
4.050010325999784389e-01
6.594629894920907009e-01
-6.451449503554340659e-01
7.818189227259118024e-01
-3.836979737613406272e-01
8.773008049748385329e-01
2.784339113070897209e-01
-5.271473527414283211e-02
7.851056725832401550e-01
-6.604079480476965358e-01
-8.891333672057994963e-01
8.510864460944262966e-01
-5.922253393101652996e-01
-3.081215585528982448e-01
5.144484796048935937e-01
-4.937389927706201664e-01
6.140299137307203559e-01
6.250653172632174570e-01
-8.250624995073403412e-01
1.090847657556102135e-01
-4.666266517280048820e-01
6.478951759976385727e-01
4.558743731565462198e-01
9.287141369199845009e-01
8.280458445841798465e-04
-4.078572342789674732e-01
9.429027485185061952e-01
-8.364005792354745061e-01
-3.875231065035436018e-01
6.757903575572914434e-01
4.122059884922011364e-01
6.675640480485400818e-01
2.152591396338185969e-01
2.747410344581848740e-01
4.639192317881404293e-01
7.776308608035704673e-01
2.467799596526840666e-01
-1.402131298338060716e-02
-9.139564017047727695e-01
8.929262540745466215e-01
7.207099559720160364e-01
-8.068249238626561404e-01
3.985896721731951864e-01
6.305553809819728350e-01
8.952169264070923838e-01
6.541598688462915145e-01
-8.171405363227659535e-01
5.412941135968816209e-01
7.872709170215383967e-01
-2.663306221121153339e-01
-5.739672399174264861e-01
-8.793975770009012649e-01
-5.348577921298041105e-01
7.080294538592060150e-01
5.714664171759258338e-01
4.637201095635696824e-01
-8.647950959048902320e-01
-3.979420044534522916e-01
4.134849921766392544e-01
8.228077727020961518e-01
7.377645658220963742e-01
1.224256089055060226e-01
-3.882743177736596163e-01
-9.524439155941992752e-01
-9.162847457288390007e-01
-4.566875255909654818e-01
-7.570121168227310626e-01
1.628380301416443299e-01
-8.186945014532747145e-01
5.428312622867383919e-01
-8.060392530053774873e-01
6.303641361220138073e-01
2.135168504249249644e-01
-6.570126204745336818e-01
6.059996877818263350e-01
-8.841210699815833518e-01
-1.427613226959794090e-01
-1.708725594767694922e-01
1.113790940915253547e-01
-7.579361152905916832e-02
1.502542988408981373e-01
-1.769066237358654092e-01
5.464553804313208030e-01
3.788384161981801501e-01
-2.467358853662577900e-01
-6.305456262238968712e-01
-5.966668129222796324e-01
-9.514409494768745201e-01
-6.456337368769851093e-01
6.118621909835197936e-01
-6.464459418431101057e-01
-3.602100100730389887e-01
7.676745942000129386e-01
4.779371428417251710e-01
5.238938924463536484e-01
-9.156680596143140782e-01
4.766749150744509222e-01
-8.716412939436157803e-01
6.559260776294963957e-01
2.933127626616185424e-01
-9.862646687562173220e-01
3.443973017935766379e-01
-8.297699724484273176e-01
-2.911027106092878292e-02
-2.475177844054183840e-01
5.262464377703015561e-01
-2.568896230577280004e-01
9.001286760756870287e-01
-6.949755255732221748e-01
3.719990683830407541e-01
7.715581961462345539e-01
6.380337888049856243e-01
5.732802599185300441e-01
-3.478337179419743741e-01
4.420530258184185435e-02
1.160142998078761423e-03
9.417227478820886510e-01
-2.150293856843776830e-02
-8.455570902841516023e-01
8.541585790277204104e-01
7.293347950168544980e-01
-8.211404396164534436e-01
-4.419929384661727134e-01
8.927599656318958576e-01
-3.148172383837528621e-01
5.234138986097038870e-01
-8.594074035225940378e-02
-9.238743592355802559e-01
4.948511082922335547e-01
-6.594670939842079971e-01
-9.748846558816544050e-01
5.909302208700117909e-02
-7.358673135020972200e-01
5.253523377700530794e-01
5.855052455501079667e-01
5.305947849673551264e-01
-9.426412204187228916e-02
1.505210369304326168e-01
4.517914662171416129e-01
7.755476501616458407e-01
-4.009933760129376079e-01
-9.956029114684072923e-03
9.925416977488938919e-01
8.507373136892981691e-03
-8.574369306378959443e-02
1.559867902395251082e-01
8.770912656265872354e-01
-9.812462444537275452e-01
9.907191906787686797e-01
2.987835903807973814e-01
-1.661595083947808860e-03
-6.753806161826036991e-02
8.400228300234175993e-01
-5.649421559622600508e-01
2.364247847856473239e-01
-8.011327283300540003e-02
-6.091277233088654430e-01
6.336465059263238775e-01
7.043490324127978930e-01
-9.498908150533773576e-01
2.152144267403386380e-01
-9.926062302185838515e-01
3.589369614576505274e-01
9.677881798231073862e-01
8.057711721366844770e-01
3.359018400870248389e-01
-1.693550936576471155e-01
-2.476752502999990391e-01
-3.265528552072916035e-01
-3.669091858044375432e-01
9.102606249630211810e-01
-7.122631338451137495e-01
8.656397459808509165e-01
-9.286806632504975845e-01
2.347257486790530479e-01
-1.270604380935183020e-01
-4.166447957543366609e-01
9.715016423179310134e-01
-4.926505255269328920e-01
-6.691861453401484194e-01
-9.040532419978783985e-01
3.587155908296504325e-01
1.873595564620975651e-01
2.775885608526711401e-01
2.095669105435040702e-01
7.844545278419474688e-01
8.252791591092587531e-01
-2.707972925532446951e-01
-2.946061713537071469e-01
-7.142365590580723733e-02
-8.422288774714647985e-01
8.088975069841088938e-01
2.322015486132757989e-01
3.725835516543030135e-01
2.874413084576239452e-01
1.948612102369742249e-01
8.388639784554685619e-02
-5.209027691729173348e-01
-6.475335279643701369e-01
-4.062140397228322097e-01
5.580826910356622150e-01
7.924884805858412040e-01
-7.246830996308484263e-01
-4.019887070565502096e-01
-8.766816775003505313e-01
3.478295688107593264e-01
-9.690313316948853117e-01
7.154746278018115913e-01
-9.623278455579464818e-01
-9.576344446074758210e-02
-3.671053903662659934e-01
6.094272379849168253e-01
-4.127688630803634240e-01
-1.255182427901202491e-01
2.966869347091161124e-01
7.964555138325033479e-01
-6.244583056428412160e-01
9.795449164860929869e-01
-2.070050802422993552e-01
5.664129175527174986e-01
6.756179195607721066e-01
-9.981432466643076484e-01
2.569449939820269702e-01
9.452261996932518340e-01
-6.839300126259639789e-01
3.595290642051531815e-01
-2.950180805242119675e-03
2.363834577120416114e-03
-7.864723634258801166e-01
5.762736407067592381e-03
4.811764405172096470e-01
-2.776328671987737806e-02
-6.906902937884575877e-01
-4.641666293807171773e-01
1.315580998326375539e-01
-8.132367720209057183e-01
2.855476725581507225e-02
4.189009145828925806e-01
9.774045076241966168e-01
8.438522165723520985e-01
6.235920420663920716e-01
-1.157229108493620373e-01
-9.847520717668396539e-01
