-5.512232102328487038e-01
-5.024319998648718588e-01
-3.239502270100593218e-01
-6.577888086705483417e-01
-1.457455108641738106e-01
-3.185122140152724102e-01
-1.550992341294605836e-01
1.592991195281931102e-02
4.256305377619202246e-01
4.609394747209544785e-01
2.535230673367714349e-01
1.667988897486382682e-01
-3.744420453690843753e-01
-6.796556243218527804e-01
6.644045170757433283e-01
1.326462071269667864e-01
-2.845610949213918106e-01
3.305173395000965408e-02
-1.002993216164994594e-01
7.089384311721702581e-01
3.535593364154878682e-01
3.316662536363621516e-01
-6.688600907747058733e-01
-1.899324733348242006e-02
1.159111649599351840e-01
-6.401905407135345394e-01
1.619673771140156537e-01
-5.049655429248081084e-01
4.565821766012091443e-01
-1.123451640171933552e-01
1.195336451493877461e-01
1.881273415945745597e-01
7.994145027271137849e-02
2.079132736283685612e-02
1.079683084068700505e-01
3.715529643300308216e-02
-4.535472694063400478e-01
1.842058817628022815e-01
-8.838744731302139446e-01
6.183104460813099862e-02
-3.624861665904104413e-01
-1.254067083506586189e-01
-3.684027611232256749e-01
4.511698242490405630e-01
-8.988342490563683285e-02
4.695750162395847527e-01
-4.525575238935510280e-01
9.534450582851194955e-02
-6.134830001005597833e-01
2.380116917454257464e-01
-1.025701035906904923e-01
-9.041369120303361512e-03
-2.340565814513643761e-01
1.937497454158148072e-02
5.940642163177245472e-01
-3.838742841383007698e-01
9.305583362374714174e-02
3.888256233192009803e-02
-4.889726171394467857e-01
2.957542337859762061e-01
-5.906972084388376412e-03
-1.081862909228144820e-01
-9.054484750831963413e-02
-7.053660841306608198e-01
1.203925396270930648e-01
-4.240862526687310119e-01
5.494796032244156914e-01
4.434884676095839362e-01
8.027690885821245348e-02
-3.416954830287694672e-02
3.027507562250818518e-01
6.027236829551276820e-01
3.041492057722531284e-01
-3.155423968888020347e-01
-6.924227947787406356e-02
-3.298394410802364951e-01
3.232224801925292490e-01
-3.403330733217198034e-01
6.914849360093716646e-02
-1.829537221410848513e-01
3.863493080993679052e-01
2.909072913603177185e-02
6.542190572039867646e-01
4.253254425709372399e-01
5.694748575453307746e-03
-5.893484130561712497e-01
-5.087281481879006861e-01
4.471284067919639726e-01
-1.540069291762861114e-01
-1.563725878867667229e-01
-2.249025254440170929e-01
2.697423084164946028e-01
-1.491769675981327314e-01
6.155979334620298449e-01
-1.041721391717116418e-01
-2.125929147274961684e-03
-3.200336520195060652e-01
2.416582571312644867e-01
-5.622789179831153006e-02
3.371869091248654859e-01
3.356280983372534332e-01
-1.624434867923021664e-01
1.531508226481300694e-01
-4.988849803311212749e-02
5.509582350072301793e-01
1.237999455133602517e-01
-2.998863303598111041e-01
-5.034397052819157281e-01
-1.134721851095108272e-02
-2.970286558696759727e-01
-7.516220291198094650e-02
-2.495888736296564547e-01
-1.170204984910737378e-01
-6.689521838556264921e-01
-1.442881062772367606e-01
4.812662945704250794e-01
1.327882393376822179e-01
9.319882129743826960e-02
-5.298817272231272080e-01
7.603300186237918479e-02
6.879785816431798207e-01
6.919094750258152349e-01
-2.488174680454028481e-02
-1.396003917546344009e-01
1.829774841695765430e-01
-6.968201667114549969e-02
-6.284903053973620590e-01
-4.720835256903597177e-01
-4.246945232087380728e-01
-2.367670631488874855e-01
-4.701849165301950073e-01
2.998329255075621314e-01
3.519204763554985016e-01
-3.363651266912850990e-01
-4.479042134600065284e-01
2.962423128218517610e-01
5.784729691881188574e-01
-2.901454286439382191e-01
-3.178390528215223054e-01
5.090848681544444254e-01
2.953189081973829344e-01
-8.342442120043336296e-02
5.482783927150309822e-01
7.958274807208665091e-02
2.029477301731323347e-01
-6.802171915454038320e-01
-3.174609064073085074e-01
-5.648627599444796532e-01
-3.899147496159978410e-02
-6.491599085906297750e-01
-2.564648574931001068e-01
2.064154384972058109e-01
-1.323840581405184569e-01
-3.534076193127619336e-01
2.577327471207829235e-01
-8.283622890190966981e-01
-3.252048865935172062e-01
-2.144185300066710487e-01
1.790748526044884381e-01
-2.417272176633692982e-01
-4.442462462087328756e-01
-1.732732951819457856e-01
4.239897722265987268e-01
2.735022246449188010e-01
-1.690120481137490083e-02
-1.363769393758977322e-01
-7.481901458865457266e-02
2.088719891571807763e-01
8.879790299367880113e-01
-5.638684544936195531e-02
3.823468398351629882e-01
-6.128912305811676786e-01
7.533304622445986531e-01
2.430227635496411132e-01
1.171470208056904216e-01
-1.452407245148555071e-01
4.072489068475123597e-01
2.799813538122265522e-01
-3.610426733945575062e-02
3.670946123141491380e-02
1.578509373938452032e-01
9.450461052697786690e-02
-2.015839501064755623e-01
-2.791518897545788302e-01
-3.315039505583787238e-01
-1.324057819817778814e-01
-4.303853516503357013e-01
-2.539418760618371573e-01
-1.715870840804938069e-01
-7.634847283950167707e-02
-4.555408725738984144e-01
3.077005680532579057e-01
-2.634834857727033075e-01
8.006411777646252337e-02
-2.184660352467718836e-01
2.830980232516735334e-02
2.923408067628643359e-01
-1.617228619200113959e-01
-4.561233937528891280e-01
-3.040651232156740824e-01
-5.758059580388627530e-02
1.181460052421648976e-01
3.444675454429846906e-01
-2.267646801536478685e-01
-4.145064588020610889e-03
-1.214694093951022569e-01
4.232192995824989312e-01
-6.195613809500626068e-02
1.476998875406253520e-01
-4.406945318738277328e-01
8.855462414692170936e-02
-6.963704937651121751e-02
3.253314577742010272e-01
5.226546112380684450e-01
4.674967232191769018e-01
-2.105693192899946858e-02
5.648573836197126052e-01
1.280058052146248460e-01
-3.664398656555544198e-01
4.413497578141782896e-01
-3.815970494245279898e-01
1.408535136980677005e-01
5.911763769576021399e-02
5.553344553961301333e-01
4.714146364904558961e-01
-6.018108818770868673e-01
7.594694877141597994e-03
-3.046856490657363081e-01
-4.864708026041675293e-01
5.117081696578944239e-02
2.177678789536983128e-01
-5.393452187740648274e-01
-9.230881981260360969e-02
3.068483772636851903e-01
8.030696837795864296e-01
-1.083756314416723932e-01
2.518110657317724765e-01
-1.018285345557107535e-01
3.272363918975015884e-02
8.142585696649047300e-01
1.474987001893261207e-01
5.753572591099754413e-02
6.334816110514165377e-01
9.123063307328562388e-04
6.290763059365811483e-01
-5.964249682654119145e-01
-1.450408833626571359e-01
-4.294050442792978761e-01
-1.666016242943802739e-01
1.863483936852126932e-01
-4.363466075471117422e-01
-1.521486874872348960e-01
5.650181585184843591e-01
-3.280096454191711031e-01
-1.232000896018472791e-01
-8.293602493369815754e-02
-5.129505560489620031e-01
3.662091938701424465e-01
2.194908578747262751e-01
5.095891058091205350e-01
-8.961203284838807626e-02
-2.441354293142845022e-01
1.293984254995499128e-01
6.174281611990338758e-01
-3.052989716197846565e-02
