5.656942583762147869e-03
7.088122921173449498e-02
-1.246665380060810180e-03
-8.181724512085430945e-02
-4.957064262028827717e-02
-1.992989630313200533e-01
-2.050548937945910755e-01
-4.220415669403043690e-02
1.490182005009597910e-01
-1.742196360197209304e-01
2.556171769359092197e-02
-2.739177827894221373e-01
-2.942088990952771987e-01
5.326764844617164207e-02
4.861445239023093334e-01
1.364845217504770947e-01
3.900045382802137806e-02
-5.880157318339782058e-02
-2.327470473681353680e-01
-3.165729024252669221e-01
-1.093443238342149543e-01
1.426691620060455967e-01
-1.872737639940108001e-01
-1.567604883434137453e-01
6.200651812709245120e-02
-1.042991852306145578e-01
-9.719076753424814308e-02
-1.394994754311520424e-01
-9.824922613154708773e-02
2.813240547001452652e-02
3.708197733404166446e-02
-5.840126137041309895e-02
-1.700635068825975815e-01
3.235554485432126648e-04
-1.827192363611915837e-01
3.344720693896162111e-01
-9.342992207824102335e-02
1.062382009496256469e-02
-1.325588645914325681e-01
-6.672587199702859073e-03
-3.735184108098971723e-01
-2.117156791320765619e-01
2.537473442894963016e-01
1.583394763855265341e-01
-1.126712340759753600e-02
-2.358711903277479482e-01
-9.808782762815305978e-02
1.912073261041386252e-01
-5.844312542566552915e-02
1.141958622729126183e-01
-1.817164400906694510e-01
-4.508005674042658145e-02
3.001129395075478046e-01
-2.791801301784282985e-01
9.494323387457823116e-02
7.848882116987351831e-02
8.171661973249837174e-02
-6.488798649406091190e-02
5.330924961393503914e-01
-5.388771293323091349e-02
-3.161306768163917313e-01
7.125015024392217233e-02
2.325534310617978495e-01
-1.745503146515144377e-01
9.309316984816090601e-02
2.450730872396850724e-01
2.369059497435389849e-02
3.746967319360595960e-02
2.541684698379955698e-01
-2.446309038845437545e-01
-1.695931599793914779e-01
-2.673612101940541635e-02
1.322938062442305385e-02
-1.778208549311051656e-01
3.631380260070370125e-02
1.829458366799484037e-01
-1.596685355614699264e-01
7.822789513365836778e-02
-1.468239654007364170e-01
-4.091257495083102658e-01
6.759446736478980089e-02
2.206234774424927214e-01
4.190298750096589642e-02
6.295342541697865335e-02
-3.060753685047728490e-01
-4.055565948845200053e-01
-1.897456085694719172e-02
-3.836610435726256485e-02
6.952584620268179028e-02
-1.311354924985013992e-01
8.517673691879115716e-02
-8.654572097073177928e-02
1.500108273097510228e-02
1.796558331252715857e-01
1.592983948705275488e-01
-1.656157355450187940e-01
-2.813057773244830029e-03
-2.104111141568428683e-02
2.255321649072667134e-01
-1.409699936548350907e-01
4.578426354173850132e-01
5.805401522927138708e-02
-5.260463458821455773e-02
-1.590860780977357003e-01
4.161146505644835458e-01
6.877100668475788492e-02
9.381875819145256423e-02
9.280693038775243708e-02
9.485525948930170759e-02
1.863326421976592151e-01
-3.790042910380830160e-02
1.752335778192474769e-01
-1.965815717118069572e-01
1.046181759687748736e-01
-1.505772638249396750e-03
-2.821939191410918202e-01
-2.900778104228373122e-01
-2.899080157642372826e-02
-2.323147277320035675e-01
-1.369606545981745527e-02
-9.973404402596426632e-02
-2.966405853733757869e-01
-3.042215991057688473e-01
-1.391721489023591551e-01
-4.040186359716371189e-01
-2.781429610812001241e-01
7.114482698250894355e-02
-2.052502875936497093e-02
1.830028947546964990e-01
-2.151647147651621420e-02
-1.401952386615917812e-03
1.749345564688973564e-01
3.531648209388799087e-01
1.451644789285118642e-01
3.462350734008207143e-02
-4.714855418800847908e-02
-6.276707138251851059e-02
-2.425141363325557520e-01
-1.556991584877653878e-01
-6.000180385916416975e-02
-2.310649892821450141e-02
2.880906617628703481e-01
3.600929744249396491e-01
-2.854711975950993130e-01
-2.246982768389850851e-02
2.829265800128504676e-02
8.179896743254536084e-02
8.687877747705005649e-04
5.016561541608413610e-03
-2.343761720920899960e-01
-4.450928945196579167e-02
-5.251527452887704006e-02
2.138336407730537791e-01
-1.119092755935993527e-01
5.625820188905363006e-02
-1.193515613571907441e-01
2.477497804423337557e-01
-3.618169597339650212e-02
3.593397010421810200e-02
5.864441232214196581e-02
-1.182204909289623074e-01
-1.090697514606311647e-01
-1.426616901315684305e-01
9.254330154106460427e-02
-1.561773346201537904e-02
-3.060921517053896146e-01
-8.882647547195228477e-02
-5.364293142299846051e-02
-1.799612042831510439e-01
-6.480360540310654838e-02
3.930319644142436092e-02
-1.625674213927125536e-02
1.304866181924305146e-02
2.535860419897075779e-01
2.018590650120337671e-01
-7.698365235688431341e-02
7.152624781753101624e-02
3.189080956811646966e-02
-6.552123098316259275e-02
1.779525773623407692e-01
-9.345239122304510593e-02
-2.527386912720347434e-02
-7.558754885155644088e-02
-1.855907082460884483e-01
2.838195305212691880e-02
2.059419274874578487e-02
-1.257693330752452932e-01
2.054167834167087703e-01
-1.489536601262838322e-01
1.906066696185048370e-01
-3.001505058301463524e-01
-9.999026847238320914e-02
1.048796424623456708e-01
6.067363787284452137e-02
5.665914313378827005e-01
-1.321436119055429126e-01
-1.743458804897714265e-01
-3.940945060992847027e-01
-2.989931109832032474e-01
1.305172456146680982e-01
5.151169050648361780e-02
-7.150129857046419457e-02
3.319723776703356610e-02
-2.783845840276638617e-01
9.341312932244660860e-03
2.186922863766282421e-01
-6.445549559932350556e-03
1.239279691600632671e-01
2.374428234662897819e-01
4.369319227483005053e-01
-3.739860041920496370e-01
1.785727999993932391e-01
-8.533988058188532455e-02
2.202827774080887702e-01
-1.645306286200139689e-01
7.517796941234509978e-02
-3.808445119564931591e-01
-3.827909296374286396e-02
2.626856565200444971e-01
-2.002708014859398700e-02
-3.897536784643096386e-02
-3.447048391611838847e-01
-4.733303624259480591e-01
2.835408514392839807e-01
1.816975446094756252e-01
-6.600891574403967843e-02
-1.236524506920963357e-01
-2.889763709160284022e-01
3.516951836698888334e-01
-1.731621156910866932e-01
4.491064450800330565e-04
9.848253287168227954e-03
-1.093826962413274595e-01
9.887743090955498915e-02
7.312386829370985664e-03
-2.999435285808593199e-01
3.490704945061034459e-01
-2.348118075456667037e-02
-2.743940374421240808e-03
4.384744829507996045e-01
-7.978149887765087489e-02
4.574204817441686333e-02
9.487153589354690997e-02
2.557413382021997417e-01
1.806821675584508180e-01
-7.243901825486162571e-02
8.438516582262632626e-02
1.432013099591967209e-01
7.869550204522640646e-02
1.656659864052109632e-01
-4.244536166336009830e-01
1.081396050850903373e-01
4.249699519752550003e-01
6.280430189380126205e-02
-6.168592011847154333e-02
-2.230062992575800040e-01
-2.717017196567672599e-01
3.602915949379789096e-01
4.515991912957651767e-03
-2.600424377038302454e-02
-2.805319159657176376e-01
1.485668856133837423e-01
3.138719155063217636e-01
-2.165546824384648530e-02
6.635606100821489495e-02
