-8.530312827239872053e-02
-1.635080714003946945e-01
8.132300990364883797e-02
-1.764738263534225138e-01
1.684392241424626513e-01
-1.187351214816586426e-02
1.898294028114232423e-01
1.736900898194275178e-01
-1.399385069226027900e-01
5.799813249987857688e-02
-2.638685352936330775e-01
1.032976046168007367e-01
2.850479712997554954e-02
9.946412108501782867e-02
2.076082847620800975e-01
-2.363293700921225704e-01
-1.107669544388566879e-01
6.804199112236683500e-02
4.161760178202695837e-01
-2.068948954710525534e-02
1.029129349974962221e-01
-1.480184467581609209e-01
-2.599297671253135711e-01
2.161915623009023069e-01
-2.355447094479226899e-01
-2.501199751858668163e-01
4.569545708613945156e-01
-2.868895241261456563e-01
1.725290642770658245e-01
4.372277625312097626e-01
-3.322686852163092008e-01
5.138995686907570082e-02
-2.075993756646268285e-01
1.749736996012972723e-01
1.439671034634782132e-01
4.036764526872895775e-01
3.548585042664713640e-01
2.188249434438407082e-01
1.099705807892563947e-01
1.884898006848517993e-01
5.483081738505481834e-02
3.959274617733599989e-03
-2.887851066973432749e-03
7.235438407193056642e-02
-1.251771429715708428e-01
9.404809788447181240e-02
2.070467148848875172e-01
-4.554441857746102107e-01
-1.136176691847163439e-01
1.451593405203790432e-01
-1.958752303733232170e-01
-1.287233783127088027e-01
8.047722807534023193e-02
1.455498497264062219e-01
-1.271129534403632466e-01
-2.771848314894192339e-02
1.452845103287301043e-01
-1.833932730356799268e-01
-1.352363960960230593e-01
7.634817688084047371e-02
-1.991590386707752791e-01
4.909292060564571236e-02
1.615607482365105096e-01
4.952606033026960702e-02
-3.443244692332037005e-02
2.876065744090754162e-02
-1.832738917909677023e-01
-1.327693651050256829e-01
-3.644673489155505486e-01
-2.566333074302061812e-01
-1.696043513208604359e-01
1.577732790105187966e-01
-2.005621935704461622e-01
-2.092805005061043611e-01
3.206047642020736221e-01
5.151107414055821135e-03
1.687285414360634173e-01
-5.753218896982113806e-02
4.437025568756560595e-02
-2.845826708917606473e-02
1.579762573291584038e-01
4.259956225864473534e-01
-4.310418261403019535e-01
-3.617055028666973371e-01
-6.321806435818831671e-02
-3.082311772741802569e-01
1.812267164359895530e-02
-1.759877174015251344e-01
2.480187740078502179e-01
-2.695260785423058691e-01
3.260372162996528211e-01
1.601511211628038334e-01
-2.461438608911246662e-01
-1.087059481412555595e-01
-1.578213768731103750e-01
6.223666770217180233e-02
-1.429037745259439385e-01
-1.053810241233215650e-01
-3.947403259579049806e-01
2.054833570390251357e-02
-7.699311790188127780e-02
-8.324254071397180210e-02
1.794991104463922738e-01
-1.824158927554239140e-01
-4.074345291213268827e-02
3.173178339860707187e-01
-5.428227935199191057e-02
-1.025477181101999841e-01
6.815907799656810429e-02
1.473021102130751825e-01
-2.051532385629746824e-01
3.279515174645006859e-01
-1.437687735873454109e-01
-6.140359521349554595e-02
-1.102795965987060089e-01
-7.387593025861802221e-02
1.052763350342981741e-01
-2.959992288520193471e-01
-5.140352846053078406e-02
-3.677575480232236904e-02
1.433035810672853849e-01
-1.297929925163910647e-01
5.549536890130919373e-03
1.317218957466181894e-01
-8.424567805683084998e-02
-1.532574087131344798e-01
-2.948452617598166237e-01
8.580611129435301854e-02
-1.429731490363542468e-01
1.016422699202132740e-01
1.545651576620895584e-01
-1.885911796239432836e-01
1.460909135710676543e-01
1.477620425415910599e-01
-1.636221957350272871e-01
-2.409327783508664195e-02
-2.495250720198057340e-02
3.433726842372438609e-02
-2.991531337440689331e-01
-6.061604154440613373e-02
1.511149437732813017e-01
8.882981373714665674e-02
-1.801624525225172524e-01
3.713587360780984392e-02
5.524370870322594523e-02
-6.159084073213984961e-02
-2.260155145855889947e-01
-1.496498706830741154e-01
7.107967173857820953e-02
-2.051699648161006695e-01
-4.546344225547617468e-02
-1.077010714962350346e-01
-1.441688404156367675e-01
1.165965225807996941e-01
1.411926149263812436e-01
-3.242065574432150855e-03
-1.511625254444980415e-01
9.553945413671141584e-02
1.024065795346512653e-02
2.315541882496202630e-02
-2.923571593584431971e-01
-3.869478587219162824e-01
-3.586281021067656560e-01
-3.013082720939356252e-01
6.224354052409931254e-02
3.255746491545739030e-01
1.381336091349155137e-01
2.610187679083364465e-01
4.696591855915778491e-02
8.407355136142356800e-02
-1.894506526370992039e-01
1.063959750106161783e-01
-8.089480233407879417e-03
9.293885978533483749e-02
5.133157739618541271e-01
-2.155168521187948438e-01
1.953984377438081760e-02
-1.176714863456509025e-01
2.304855721531644530e-01
3.352263399821108630e-02
-1.116294167110077618e-01
-2.500720334832150504e-01
-6.162765801542857691e-02
2.025118539265075568e-01
1.525275271069300997e-01
2.384184881099933317e-01
-1.269985675281176674e-01
-1.396090309602172064e-01
-2.145408034539436348e-01
2.537075342252841370e-01
-1.096560820170467410e-01
8.733296358243561319e-02
2.144363952181883026e-01
8.339162054816225134e-03
-8.388550339236650055e-02
2.649075502002903315e-01
-9.300507548978674544e-02
-2.145033160129576066e-01
-2.811710974432729548e-02
2.161710166518134371e-02
-2.660718540404392596e-01
-2.609117653033589113e-01
-2.085034119138624020e-01
2.598607910065418025e-01
2.395354209684267821e-01
-8.299469330120393118e-02
3.444154639719310129e-01
-6.583031876980152686e-02
9.418633678965132594e-02
1.564520343281225745e-01
4.635477203090078435e-02
-1.301151635932037143e-01
5.156858329170405097e-02
1.132765745353753184e-01
3.232110993326894333e-01
-6.784535125586128868e-02
9.509799116482844927e-02
-2.224973396260156167e-02
1.327799512309905117e-01
-2.195413071739949484e-01
-3.861644972257297637e-01
-1.649968873142387549e-01
1.790657923400486018e-01
3.781189186306894157e-01
-2.768634586881362214e-01
8.571579703829682040e-02
3.920196576048119719e-03
-4.380496773892615936e-01
-1.434059970638547621e-01
2.075548833904563850e-01
-2.065463388787157004e-02
2.514258392863349956e-01
2.372667246308791666e-01
2.543802713941047296e-03
-4.305396236915665781e-02
-3.493771132552751513e-01
-1.356220814674804209e-01
1.105352793176814230e-01
2.890405425656554783e-01
3.862914003638146659e-02
-2.429978760780351632e-01
-1.826215341566050365e-01
-1.936812529690496998e-01
-1.644986974944075836e-02
3.871400447589876670e-01
-5.484419833569960379e-02
-3.604199590320771029e-02
1.810385937056681882e-01
-9.034355147835253230e-02
-4.486819784000889988e-01
-1.489774554356690928e-01
-8.413773323074563715e-02
2.066135370938431137e-01
5.382065637090231724e-02
4.189093188288002534e-02
3.261718099043570129e-02
2.566167201306331774e-02
2.017196148569690428e-01
1.577245906688910515e-01
-1.801543067676346366e-01
-3.662665012705211831e-01
-3.442585728000880918e-01
3.227886240053858824e-01
3.899424316296136728e-01
-1.022943379785807572e-01
