-2.343439246109267349e-01
-7.689919343467962465e-01
-1.331750972274693690e-01
3.014203632508537511e-01
-4.534651230603481409e-01
-1.619547050994286086e-01
-5.586523321963938749e-01
-1.604788185120107138e-02
3.943514166868394843e-02
4.005002560599333350e-01
-6.489826627856457586e-01
1.193480537554336973e-01
2.434202284022115026e-01
-6.529736291556325067e-01
-6.459315349603989009e-01
-4.179928825401821868e-01
5.839271053150625335e-01
2.310240375429130633e-01
2.303202852288752447e-02
-5.784755069432112595e-01
-6.052102368081670181e-02
-3.419322023445873215e-01
-1.445296118999537249e-01
-1.355443233829646023e-02
-2.381225065865653634e-01
-2.367617319984910429e-02
7.652525733321882684e-02
1.435032753294945285e-01
-8.021579821192381665e-02
-1.534189870110378440e-01
-5.873302527200885415e-01
1.955982566261864266e-04
-2.442319167845995731e-01
5.298306728145050215e-01
1.962024441119586959e-01
-1.192850530039748225e-01
-1.339215190170884306e-01
-4.636037443686621407e-01
1.594192235475750397e-01
4.712995219545951936e-02
4.684604051292181603e-01
4.311251935663405477e-01
-4.041591201573266900e-01
1.507339023640448250e-01
1.033551933255423549e-01
5.214568907882890514e-01
-7.778707594272193937e-02
2.213506630961425276e-02
5.633106202972145704e-01
-7.753278827352714231e-01
-1.963013306129907654e-01
1.150725012982151685e-01
-5.160717853778158393e-01
-3.930005596118558465e-03
-2.138215047198260277e-01
3.983192081415459773e-01
-1.493752966382322911e-01
2.547986599205660507e-01
-3.469493091005617091e-01
2.518851025895516016e-01
1.776414919965840222e-01
-5.290198658173939084e-01
-4.027699226634568475e-01
-1.944242642082181019e-02
8.426499213885384476e-01
-5.226480888124771518e-01
-1.006576307378810736e-01
-3.798730821317497508e-01
-6.557425611409162247e-01
-4.552153378131863493e-01
-5.112719449004562433e-01
1.147252011979533470e-01
-3.368523072033662302e-01
-6.108520475204884392e-02
-6.839629669979592208e-01
-3.097729800394001254e-01
-2.717971337596973846e-01
1.403444624147423721e-02
-5.746794911977832765e-01
-2.584446317919210090e-01
4.979622583013534332e-01
1.388645805441461323e-01
-4.717330725680285997e-01
4.273773561255474196e-02
-5.831193874219351425e-01
-2.587342177633563112e-01
-1.503594183991204536e-01
-4.256073444636461756e-01
2.260751032555495810e-01
3.274230660320226471e-01
-2.506898891944897567e-01
2.157355335571807253e-01
-3.968170437748816948e-01
-4.442794972638949291e-01
2.901172698943094153e-01
-2.230044563351906983e-01
-3.946224581259208386e-01
-3.497979927940593203e-01
5.037281768793926418e-01
8.128245394387062506e-02
1.029324042163957120e-01
3.733598499663257075e-02
3.691179703550399038e-01
-3.802142518475916388e-02
-3.976399610739905222e-01
-5.944875092623558288e-02
-7.898882556093039797e-02
-4.330514753295636732e-01
5.751530344117650184e-01
-5.721937834115784494e-01
-6.629734635486703165e-02
-6.391206056652216638e-01
-7.046191906916711156e-01
-4.803818650710349747e-01
6.835311613108752127e-02
4.345751031945788156e-01
-1.786137832935541514e-01
5.235270554897647477e-01
3.891132341974423703e-01
7.518648902870168627e-01
-5.976685778796028137e-01
6.220369992045751140e-01
-7.183739506225497173e-01
-2.808294705053112628e-01
1.417665155381959419e-01
1.477943822172347321e-01
-6.836706307601365940e-02
4.407167369930943823e-01
-2.477735784563726562e-01
6.332288422626737578e-02
-1.434981658348012112e-01
-1.345161536667860425e-01
-1.081203746094531043e-01
-4.484011650194993370e-01
2.313035702766903789e-01
-1.491215527505823472e-02
5.926895296867227270e-01
-1.413065173217381218e-03
-3.487273249835672051e-02
-1.267024032093432284e-01
-4.249624744182175506e-01
-7.822212212588960933e-02
-6.852946673636969854e-02
4.497251200778699665e-01
3.011547239714473800e-01
-5.766191634826285384e-01
-2.682239284491351183e-01
-4.439915853109075439e-01
2.635088553578777137e-01
2.040763465411731814e-01
-2.492195404923555346e-01
-3.636223641639645815e-02
-3.084030813773545043e-01
-4.385498242372966315e-02
9.457779950496802285e-03
4.669894438809890636e-02
-6.042244184866120138e-01
-2.579994498484521337e-01
7.749454125225116452e-02
4.208249623258704109e-01
3.164443535309753586e-02
-2.571070312696338567e-01
4.212251080371556267e-01
4.870975262361573743e-01
8.643839599892226833e-01
-2.768705944596241419e-01
-1.803118546567947234e-01
-4.474003493329012926e-01
-6.194510389189167299e-01
-3.573978908013460964e-01
-1.249689542642390960e-01
8.879211281199866912e-01
-3.656062905187141276e-01
-1.807474161897260345e-01
-1.878595469651522798e-01
-7.374298268956174240e-01
1.599192243879876685e-01
2.359494393183213801e-01
9.526843213878970207e-02
6.227811891967958147e-01
-3.362392226300328635e-01
3.858440068680768498e-01
1.480853679568195358e-01
4.774408006600070475e-01
2.195286732189042356e-01
-8.175213650321790093e-02
-4.671529096923790481e-01
-5.880366838958058784e-01
-4.995464509648099849e-01
2.436443149898065708e-01
-2.872709037737552484e-01
6.490844605729226280e-02
1.272707751838412227e-01
-6.661421434584444690e-01
-3.705721239715632498e-01
-2.995354736418883723e-01
2.209040206171604126e-01
-5.484245401722427360e-01
1.999892243470312025e-01
-4.517243972153051068e-01
-7.449850488725835440e-01
-1.178424978612083729e-01
6.300952437721044075e-02
-3.878709993303477988e-01
-6.076326334963595421e-01
-5.334066874139778980e-01
5.337657884099004102e-01
-9.979800984308803344e-03
4.972869508975115149e-01
5.023716967824123358e-01
-7.460894217454832056e-01
1.172016526757911903e-01
1.105595485297378444e-01
3.062781827986514327e-01
2.522766972490885218e-01
9.436209262398601028e-02
-1.519001772655358962e-01
5.686022907545804639e-01
1.036190501511406320e-01
3.574103418526057285e-01
6.239941619494996372e-01
-1.501730918743853782e-01
5.075159449077818602e-02
-5.559366747037232381e-02
1.641851106549366557e-01
1.415458743969642552e-01
1.445327577681098860e-02
3.671876193518003872e-01
-2.168355299586603446e-01
4.815119183031111305e-01
-2.148000484290397624e-02
-5.354299312412185152e-01
-2.942923225360145612e-01
-3.644691747714462471e-01
-6.575778454748055779e-01
-1.776947958993096433e-01
-5.462229715764034266e-01
2.686030498311521297e-01
5.739518316675604748e-01
1.272759639963758072e-01
-5.261583569647645953e-02
2.512199073745722266e-01
4.491779740068122528e-01
1.176034088586767890e-01
-1.560561549058330777e-01
-5.351337311438481015e-01
3.833492868210713334e-01
-1.154378539461021064e-01
-4.045610470091579591e-01
-3.496594951232269155e-01
-8.448131256097016206e-02
3.127945217004824974e-01
5.727095504568413542e-01
1.266680157927751460e-01
-4.315645621666615306e-02
3.352812305099510670e-01
2.943149597332564860e-03
-5.295217465084058883e-01
3.602447003337705400e-01
5.143575440498537876e-02
-3.023518633538546663e-01
-8.533935014573730549e-02
1.438141915173586916e-01
7.701356401836619847e-01
-1.888489037637264278e-01
