4.643153217288774615e-01
5.944743269589759099e-03
-4.583000413611908463e-01
-1.645653618733864954e-01
-7.004161468054070916e-02
-1.463876385197426244e-01
8.181530234246241207e-02
2.608224248176992388e-01
-4.038458089406224971e-01
-4.397391270365449412e-01
-8.112953638469831696e-02
-2.855962136602660517e-01
-4.246012240391403014e-01
6.623059400351735855e-03
1.081261352988148738e-01
-3.283610871597146819e-01
4.831971722272147551e-01
4.600803147752449695e-01
-4.181706151297289731e-01
-2.746106443083502491e-01
-2.574214372681319363e-01
1.947850595882910096e-01
-3.010215221077137127e-01
-4.404330960647564464e-01
-9.623597134007415635e-03
-7.815037937178681560e-02
-3.021423725949530861e-02
2.841151199451426024e-01
3.852701659565380132e-01
-3.092787767498562587e-02
-7.654375432667848145e-02
-3.252279320907056626e-01
-3.802389424105428462e-01
3.487021591570991785e-01
-2.182894316429117021e-01
1.833803429646501393e-01
-1.391257180709051799e-01
-9.837725768028096618e-02
-4.302877598803677150e-01
1.407910929058187599e-01
4.080547790951114528e-01
-3.620179544870588129e-01
-1.179533235046262285e-02
-3.649643413917528223e-01
-1.375653022219181787e-01
1.745739290328068849e-02
4.603251737708206059e-01
-1.345830955931367201e-01
-1.901957691151006102e-01
-7.853475383713917624e-02
-6.752006459984730147e-02
-1.412622842267696466e-01
2.864825503247563354e-01
5.741484950396286147e-02
-5.474031688203990359e-02
-1.306351173994889092e-01
1.296722336786418905e-01
3.080147794842166831e-01
2.326680041159917556e-01
-4.505554238944554646e-01
-1.718269320272058920e-01
-6.843492289458463773e-02
-2.076983013708534054e-01
-1.989412364519969056e-01
-2.499226144586857434e-01
-2.647541278209913918e-01
-2.083050224610778767e-02
4.394196207983245839e-01
-2.665496924507978482e-01
-1.020365131024664057e-01
1.617133284061827297e-02
1.225776896957510437e-01
6.556146211297063375e-02
3.799482619707762465e-01
1.760919766990777791e-01
-9.751119191048887580e-02
-1.104078316435170432e-01
-2.806705663151722874e-01
-3.868386777236511309e-02
-9.317487589520487279e-02
-3.654426713449149267e-01
1.307036336859643821e-01
1.217617568214809376e-01
5.381481153167329001e-01
6.933220860222612247e-02
-2.570369234620331067e-01
1.364252204070175722e-01
-7.180195175657211326e-02
1.141334532320755213e-01
5.758955770053494905e-02
2.352939517464750774e-01
-3.731597447807989687e-02
-3.238675313781204657e-01
-3.651709266239966389e-02
-8.489364195819151804e-02
3.491258763714836372e-02
-2.161272068179551087e-01
2.819601118955297192e-01
-6.220554713254769497e-02
2.349426828046490834e-01
2.213186266612063302e-01
-3.471073278278199448e-01
-1.844203474346221006e-01
-3.476620196213489611e-02
2.639485154771668007e-01
1.321268942373866884e-01
-1.219070516688526978e-01
3.793784475759390262e-02
-1.216946765278836551e-01
2.156314912608073286e-01
-4.620022169177116500e-01
2.522645678864660068e-01
3.163871798468652630e-01
7.989361152689547496e-02
6.858844943982603248e-02
-4.023727248861751205e-02
2.476288240508435767e-01
2.553676657194274210e-02
2.536492566697926554e-01
-1.686931247129658806e-01
-4.553600047374437021e-01
-2.187318906804956442e-01
-5.238441420410537563e-02
-1.917222463203456795e-01
1.586667636880927934e-01
-1.594374692908435698e-01
1.206749160377603436e-01
2.399013638728923065e-02
4.669130397603776794e-01
1.445661318697221420e-01
1.275658708198057767e-01
-5.567286641273652692e-02
6.833804732207087174e-01
1.633094403419900198e-01
3.324208027114845532e-01
-2.214729944421128804e-01
-1.550920298693926891e-01
7.124003608000802068e-02
-3.795303203714062157e-01
-1.157579816242702841e-01
-4.405933044519841912e-01
-9.712035900979174019e-02
-2.370400236851293307e-01
2.375486631337605792e-01
-8.864690718196345520e-02
5.614694586737334348e-02
-3.664897639322996226e-02
-4.007628195684222461e-01
-8.237398313000101474e-03
1.715034797251835386e-01
1.536365875622360544e-01
-2.681807058635938407e-02
-5.567055041361684831e-02
3.476139687243138265e-01
2.918624989191224706e-01
3.656530687403524715e-01
2.817106992639263341e-01
-1.224879647090235529e-01
1.990503688552854589e-01
-1.764843474839617454e-01
2.821933870571953773e-01
4.482668091361632356e-01
-5.049589341957358424e-02
3.899886549113263934e-01
-4.848300316620447054e-02
-7.826882781589562799e-02
1.537552206485332251e-01
2.231904570901999119e-01
-5.136030750154343405e-01
2.446696327933099019e-02
2.086974698024610664e-01
-5.505774852386281504e-01
4.790235724395665029e-01
-3.005771189267489318e-01
1.302424804290353566e-01
-2.544376963801904812e-01
1.759762718182329710e-01
9.949982883544439272e-02
-4.441015101078673588e-01
1.896397773840901024e-01
3.663219808859726756e-01
-4.231265123139682505e-01
2.876382164508747286e-01
-6.276964495794916388e-02
-3.048914952222343544e-01
2.866312418537869666e-01
-2.660649811524917197e-01
5.076818885881013710e-01
-1.239824125463767114e-02
4.452567857934128237e-01
-2.969086551786351280e-01
-2.667936576385163683e-01
4.063045498769788377e-01
-1.012348151541243857e-01
2.214462483095473444e-01
-2.816777777606932487e-01
-1.549786767838142176e-01
4.348147189604592011e-01
5.346013248619325697e-01
4.795575629052616778e-02
-1.144548906418348805e-01
-1.963528137527583151e-01
1.164010518680171496e-01
2.916072228569217550e-01
-2.947888083316622665e-01
-2.761247537875253233e-01
4.148722262942003414e-01
1.380456566777116256e-01
2.844679607799491805e-01
-2.191063910799978531e-01
-3.002802236562140403e-01
-5.921026271128998486e-01
2.752498303352493014e-01
2.019143054783255897e-01
4.046002344247917049e-01
8.521173922887784191e-02
-1.804098976921211239e-01
-2.143788989768079523e-01
3.389884133771314811e-01
9.506547202298620824e-02
6.396162233055309454e-02
1.040727687930006057e-01
-6.078796071614320923e-02
1.562331271323811888e-01
-2.799527573110111023e-01
-5.873146097263428622e-01
9.463907506708948980e-02
2.103391034157418016e-01
6.331584242345406066e-02
5.374327852399934935e-02
2.064699339712360859e-01
3.949946399689905352e-01
-4.615008055929660236e-01
-8.251709711605409447e-03
4.250547642723746522e-01
-1.587279745132439968e-01
-2.611406778524253958e-01
3.546324844853384617e-01
-3.142009080609771410e-02
4.276990134442882896e-01
-1.241369107632274704e-01
2.845899111166119710e-01
5.398840158085033147e-01
8.189577456211455950e-04
1.992284044615646454e-01
-7.333466355077358778e-02
7.377397952218267552e-02
-1.704730798955800264e-01
1.737690160138280204e-01
-1.532270670091875342e-01
-1.063743621989271249e-01
3.519587655035967266e-01
4.187264705374627027e-01
5.384768514258230221e-01
2.170235610898043344e-01
-1.216690266342730364e-01
2.543289902930669921e-01
-1.147148918539578066e-01
-3.408823039800340515e-01
6.596514536128804396e-02
-1.002371615752856160e-01
-4.192939529617015215e-02
-3.398828036630501676e-02
2.104108132657796504e-01
-3.755694443329871124e-01
