3.123085159721986637e-01
-6.691777084224534988e-01
5.509017921061478695e-01
1.357395845475617979e-01
-1.732870806161106517e-02
2.681349029956604513e-01
6.057337768716065662e-01
1.526379551881050234e-01
1.099629515555415327e-01
-4.235806273503059938e-01
-5.436969765611519012e-01
3.338725795965329923e-01
7.582673209028628625e-02
-5.839207026449022564e-01
-2.142821985438309040e-01
-5.703304294671907027e-01
7.978001035950363362e-02
-5.072631118717672027e-01
-8.280531912102626069e-02
1.784428766393746646e-01
-7.629213819465872903e-02
-6.103138734303223956e-01
-3.033798344476424935e-01
3.730665850087104829e-01
3.215299107905277287e-01
-3.013847892173873722e-01
3.040944205699909197e-01
-1.557421870047125956e-01
-3.197175713004061226e-01
-3.138131462055480103e-01
-6.591261818404503536e-01
-3.183074894477775363e-01
-2.722845751872569053e-01
-4.222743597523131998e-01
-5.196041270742921547e-01
-5.074423567425730142e-02
3.930007363765726236e-01
3.727598311594663150e-01
-5.069975891403141199e-01
6.276157215580224769e-03
3.790012196161452462e-01
-2.779366003837732135e-01
3.490761285065362429e-01
3.726301339661609036e-01
-1.204303043836065790e-01
-6.988924023817028736e-03
3.393420493209061695e-01
-5.197328779600778048e-02
2.325869580669641390e-01
1.734404284249065342e-01
-3.439992880538790265e-01
-2.518362037862095226e-01
-9.776384081718911961e-03
-5.700429129615259827e-01
3.994857495551059623e-01
-4.968147262820854504e-01
9.862297517099921640e-02
-1.336243205836772363e-01
-4.589337541953285582e-01
-3.671471494905595989e-01
-4.253907305694355490e-01
-2.092010447786932514e-01
5.182037016309611888e-01
-1.160019858579371538e-01
3.007970410930178584e-01
-5.360392743815480809e-01
-1.717720941588992134e-01
-8.476835281078476392e-02
-9.117342264654754169e-02
3.435326523629408935e-01
-3.320251347306305695e-02
-2.166559156342676151e-01
-3.676924156880517769e-01
2.822320825292338742e-01
-1.950396222377656086e-01
-6.364107708795765372e-01
4.705402321196119897e-01
-7.159515805283928058e-01
5.700560726601475725e-01
-3.454667964925680623e-01
-2.771757219748098855e-01
-4.763803535681379597e-02
-4.517219869824152800e-01
9.914438702378754187e-02
-1.036922124345716900e-01
-3.593528720860914571e-01
3.221514172232561313e-01
6.286404272107066760e-01
1.280462034591413056e-01
3.296418126664523163e-01
-2.833105834490333708e-01
-4.755870914070359778e-01
-2.859900854561010508e-01
4.328022349988110418e-01
4.934723182586636669e-01
-1.727407673690544709e-01
-6.830121233391334146e-01
-5.250962162459691385e-01
4.332932575137748987e-01
1.645276260567298532e-01
3.841729252880445866e-01
1.072681706623240666e-01
4.159594947856297686e-01
1.984780551840575891e-01
-4.918543595925621847e-01
5.616428791931336040e-01
-8.339850564350968776e-02
-8.519466592143927486e-03
-4.418050672867283035e-01
-5.618932124349826918e-01
5.430206541444888568e-01
-1.449850787705117827e-01
-4.412614223362877897e-01
4.896689988723201825e-01
-7.156494573465549403e-02
3.617114326641034383e-01
-6.729120276462265959e-01
-3.930189537781640929e-01
-3.880060892070832379e-01
5.199822755507845784e-01
3.979190571075418292e-01
-4.013800681791352409e-01
-6.238671017632518856e-01
9.256994817978755896e-02
-3.698929980265666106e-01
-1.895861707946391028e-01
4.704801817203351638e-03
-3.115195919242260691e-01
3.321526132782001151e-01
3.076642481076389823e-01
-5.385757266963306922e-01
-2.670171447498128625e-01
3.615653333454897367e-01
2.381885976756497880e-01
3.792299290733996409e-01
-5.062115090237563619e-02
5.333482591105679349e-01
-1.002004677486756090e-01
-1.041465999556207001e-02
-7.082525450388538202e-02
-8.519294502381902223e-02
6.389386279721076534e-01
2.598710389271364218e-01
-7.346104500177397245e-02
-4.001188651214128145e-01
2.315161994638427201e-01
3.850009596884628182e-01
-4.256058602817178738e-01
2.671091538174751312e-01
-2.291016325355124394e-01
-4.940607135049127630e-01
6.249590116319612143e-01
1.274142733479774470e-01
-8.061964159267155650e-02
2.227795799744457794e-01
2.281786278082786334e-01
4.905336521722327703e-01
5.520701174785245247e-01
5.195102028941057659e-01
1.297828091754018309e-01
2.472695007671147499e-02
-5.205542602168299338e-01
1.946754091830750766e-01
3.971983696971924660e-01
-2.759755013445885224e-02
4.567587793466479917e-01
-3.390012839118408117e-01
9.186773314350724084e-02
-4.242723918848109177e-01
-2.004478587437861503e-01
-3.647130488303900742e-01
2.130776202338513781e-01
-4.478230691902237992e-01
5.102970202452650206e-01
6.067791941745110940e-01
5.099550690378109596e-01
1.024103889404844314e-01
-6.330223756400342738e-01
5.206181491637019709e-01
1.290687623819047891e-01
-4.720003371547203397e-01
-1.603672970613867488e-01
-1.262360793903191669e-02
-1.154766692302308662e-01
3.954956193437442202e-01
-1.261152407423115074e-01
2.399348532535053313e-01
-2.974468861669374853e-01
-1.251890389106575519e-01
6.862911752706739588e-01
2.308824021965099615e-01
3.640514827442301593e-01
2.703565936448775742e-01
-2.062110379066524335e-01
5.559418859302783789e-01
-6.951299717355149954e-02
3.214245409229642969e-01
-4.568259151068763124e-01
-4.803271012062898526e-01
4.878137756791762203e-01
-6.608305915148601217e-01
3.608135309339660646e-01
2.875035009690668497e-01
-1.872235345456947919e-01
5.142482089914177656e-01
-3.248982064199714692e-01
-5.141199875899421512e-01
-5.621733956828374457e-02
-2.277638603997314271e-01
-4.367008313243335715e-01
-5.957716001010128215e-01
-5.443301693007068787e-01
6.295399086552710965e-01
-3.495712144543300370e-01
-1.999012846249756392e-01
1.981319284166102590e-01
5.660304606944273065e-01
-4.901096942913528154e-01
5.341029793784994872e-01
6.678880612261445249e-02
7.362257479090403289e-03
-7.585674320194499276e-02
5.341025416386111502e-01
-4.481772335382452344e-01
-5.261359110038559272e-01
3.274382341730351365e-01
3.973016078381585992e-02
-4.768201741498940271e-01
2.093824769971212030e-01
3.859147833836353847e-01
2.462075194757669394e-01
-9.627424847887436354e-02
-5.458900739048119233e-01
7.759647110756794086e-02
-5.860810810171325214e-01
-2.608232030775452515e-01
-2.020411740152104896e-01
-3.626056821846940781e-01
3.185655212069325448e-01
4.636705221495525386e-02
6.609652193876867921e-02
-4.978758473670014117e-01
4.013662180511977651e-01
2.115489139696619114e-01
2.393884080208656673e-01
4.475001058548144783e-03
2.709249873005356232e-02
6.255330970079839847e-01
5.825006164250972063e-01
4.180795167823807973e-03
-2.980822074156057044e-01
5.392374688193301013e-01
4.858135188475249944e-01
-5.439353832388083010e-01
2.176111635805391686e-02
1.044131277352782286e-02
3.470365337424503038e-01
-2.161069530925678606e-01
-2.015630183151683186e-01
1.952252303899424946e-01
-4.660153845864902777e-01
2.148847255316952420e-01
3.374965061349595175e-01
-1.393383658788409640e-01
5.454758157682573216e-01
