1.252892265833060459e-01
1.872012055147480591e-01
-7.317239639225112113e-02
-1.865296886914903363e-01
5.601503641726714999e-01
6.329715800101187728e-01
-3.380495085011413492e-01
-2.744175136520834446e-01
-7.464311716527002177e-03
-1.849364459304378983e-01
-2.679762822511134734e-01
7.451894118884433427e-01
-2.933841921340334391e-01
-6.429471263485861954e-01
-7.396761971871913532e-01
-4.207165094137889638e-01
5.949639249381091233e-01
5.919466584399705328e-02
9.632405735593654872e-02
1.889648036517900254e-01
-7.528777399041408636e-01
3.775894021024348013e-02
-1.104527262184151759e-01
5.525059190854173519e-01
-1.851621641222388481e-01
1.137077423172623558e-01
-2.058956785116188362e-02
-4.255570107749775954e-01
1.456141854634347976e-01
3.854519115504663196e-01
-2.093062174290962751e-01
-4.783281410839014189e-03
-6.182161931411371825e-01
-1.655656144819857845e-01
-4.713100022116709087e-01
3.413636113755644796e-01
-5.521168784884000758e-01
1.280444258075907893e-01
5.083490619481495498e-01
2.881837053725636588e-01
-4.782671842146382080e-01
-1.573455116552281430e-01
-2.952532758390296608e-01
3.132278268631912832e-01
-8.045737562390242736e-02
-6.375233603814696171e-01
4.224017481475826896e-01
3.560196007308032984e-01
-3.504667463540361849e-01
3.155062346606073431e-01
-6.012701089888652373e-01
1.980044422459407427e-01
1.755296673153722009e-01
1.431243893101820375e-02
-2.206735693095953632e-01
4.033210097807312100e-01
-6.121626306587771293e-02
1.043399981232157603e-01
3.255431166172000346e-01
-1.744487010715440323e-01
-3.840670508753596391e-01
-9.096685156832151620e-02
1.583572320793035781e-01
4.673808158301168136e-01
1.520555488931168986e-01
-1.754795940339199944e-01
-7.378077040541952680e-02
4.375425990306168744e-01
3.893565117977357826e-01
-5.762721359934878107e-01
5.868741993549084768e-01
-2.439582985105088475e-01
3.386846910922037407e-02
6.631231439214114731e-01
4.826898225895596972e-02
5.955531198145779248e-01
5.426110555567875693e-02
-7.379204490308614028e-01
5.755996122087272404e-01
1.856296127470475343e-01
-3.363646292288893225e-01
-2.456539749707160325e-01
-3.223278173084554998e-01
3.666021667103409043e-01
-7.828893404014701796e-01
-6.852182981875669654e-01
-4.137572463229158837e-01
2.053980632072215096e-02
2.185713047460670355e-01
2.743540485479731283e-02
4.566635974608599380e-01
4.272877724557837542e-01
-4.461322084060617144e-01
2.301089879555840989e-01
6.067456364864429741e-01
6.400239211806191264e-01
1.683689589999392555e-01
-4.024748261529413618e-02
-4.511058934479657279e-02
2.724744205819830123e-01
-4.740908034594686349e-01
-6.958066801806825907e-01
-4.758973412806385417e-01
5.356679250886005050e-01
6.392980858973419389e-01
2.015227612853321415e-01
-3.949509044602068086e-01
-5.898245118809832821e-01
6.317125155500802336e-02
6.472139837887301850e-01
-2.122119173259479352e-01
1.669867833889433495e-01
4.909510293973738948e-01
3.553476137763587062e-01
-4.289342754426587190e-01
5.339825135752322982e-01
-4.513951014794931327e-01
2.508816959512282230e-01
3.015284067997765494e-01
-5.361178605385552576e-01
4.541427677721586731e-01
-4.681921723962387816e-01
4.151691766111598736e-01
-6.249596108218347101e-01
1.080779810442790145e-01
-6.651039212499210151e-02
-4.924297858468543732e-01
-3.821096581148802906e-01
9.801258190534595238e-02
-4.394251948205025737e-01
-4.416877243546539211e-01
5.695192402085633709e-01
-5.801585244233873340e-01
-2.209805039942075722e-01
-7.329711709410271503e-01
-2.575749987661934970e-01
4.087386322770992231e-01
5.356985833623721938e-01
-7.099103358067534453e-01
3.787197606886545942e-01
-4.441339151140302755e-01
8.341135479074452963e-01
2.556639551262093746e-01
-4.831087585797665396e-01
2.379278278054611784e-01
4.310580189514355842e-01
2.738923013261274630e-01
4.336718893341849901e-01
-4.958866055950459373e-01
-4.987516952536156234e-01
6.351283230528076418e-01
-5.535871161140879515e-01
9.436876703136625189e-01
-2.709900435629087889e-01
-1.659051619776421016e-01
4.480137392927409090e-01
6.148650073006031169e-01
-6.029988757610420524e-01
-2.800983012642106473e-01
-1.632154393384795815e-02
5.152494243835148424e-01
-4.369598853594407473e-01
8.200057282772288403e-02
4.785926950583493378e-01
-2.287804604077273152e-01
4.362380796449288889e-01
4.300694269061818842e-01
-7.999658187820131161e-01
9.037890387383834545e-02
-1.877582261155488763e-03
6.303091288030737704e-01
2.642128148730981119e-01
5.200473870394804743e-02
5.777490387733736910e-01
-3.725171569187771259e-02
-3.476067282865292762e-01
4.503657854605143118e-01
-5.406607053689096443e-01
3.421678633638731704e-01
-4.883608579797705795e-01
6.520072593151449158e-01
2.210617517523774944e-01
8.120174954849160298e-02
2.845397407173610449e-01
-5.780432709121825496e-01
4.925313311501856584e-01
1.088732174491682247e-01
5.729319140846271530e-02
-4.000443933919404227e-01
-3.794316448943777509e-01
-3.647264100980788792e-01
5.602634685414857874e-01
7.056009208643556629e-01
-3.537699549247732556e-01
-9.680550841311585941e-02
-3.179738841952744477e-01
3.969464874216455108e-01
-3.976104349184008679e-01
1.174168373109266000e-01
5.728477637584872273e-01
7.359951056739282294e-01
6.152442008854452915e-01
5.081246567224935173e-01
6.092595667273095761e-02
2.354058675392944333e-01
-3.623016392365472349e-01
-5.399686487914570066e-01
1.544722810641155353e-01
-4.843860734203388474e-01
6.364228445185162730e-01
4.033761154972248519e-01
3.605698217083354029e-01
1.282108419351891682e-01
5.964912931625553361e-01
-1.909226697345883794e-01
1.061343176199865124e-01
-2.770918124068840194e-01
4.287392621652039715e-01
-8.058438219597192642e-01
-1.140450507552090847e-01
-5.956532419607042383e-01
-2.537405965991758605e-01
-1.423022765286556801e-01
-2.879618726891605140e-01
-8.409881165963831173e-02
-4.378336154807895286e-01
2.494217265302416386e-01
-3.863430605154816178e-02
3.645780368126775861e-01
2.431252860836651819e-01
9.784806177286535511e-02
-4.290605739826994225e-01
8.701370783788138219e-01
-6.439004372797936526e-02
3.464021571577639014e-01
-3.309329521958407350e-01
2.943357713669880749e-01
-7.992342076803091167e-02
-5.748707537046408023e-01
-1.950001286943552348e-01
-1.023070037978350555e-01
1.294716576561314170e-01
-6.508643564168262730e-01
3.459813008143848290e-01
-5.160407247150409216e-01
1.918131488029246046e-01
-9.058815782185992982e-02
5.682919959883101502e-01
-2.465906835831028765e-01
-1.960985286654224335e-01
-1.615732567771634154e-01
1.199483113385671207e-01
-5.301062060134953402e-01
-2.751448453549885653e-01
1.506364981973645489e-01
-5.497022642560930178e-02
-3.990208411860650117e-01
-3.037512221785415578e-01
-2.228883614166214666e-01
3.234809344800027575e-01
-5.161078980380419123e-01
3.869775919435347600e-01
-3.859330640506414278e-02
-2.746849582977598653e-02
-4.632777228119634993e-01
