9.934253165107970185e-02
-7.895709329234804064e-02
-3.168640337342589763e-01
1.956373322344576726e-01
3.751998229905132431e-01
7.948899628528668937e-02
1.526594052292656878e-02
-3.110390800107947634e-02
2.019361906661258921e-01
1.947053143533311603e-01
-7.993044455154964256e-02
-1.929429010029302671e-01
-1.553501763183288975e-01
-4.649678656409482469e-02
1.690114133023640913e-02
6.661513601941440599e-02
-2.073142269994005527e-01
4.937418145677463510e-01
1.781409268633348253e-01
-7.401283997881455412e-02
3.291899769690028593e-02
2.905451258844636286e-01
-1.081917718051178534e-01
1.425190267352272055e-03
1.303722298084676046e-01
-1.141002446512021096e-02
2.229975190260359841e-01
1.455138542461317797e-01
2.567452813425029623e-01
1.472055031395741453e-01
6.151858880102907545e-02
1.700458480876726464e-01
-6.411504040181045805e-02
2.083388413744836909e-01
-2.034148363304133511e-01
2.935182710155949115e-01
-1.910014369502445741e-01
3.914984811380266549e-01
2.278035559368727370e-01
3.764888785760237000e-02
3.550451199542453695e-02
1.493698518453809576e-01
-2.997441938387382376e-01
8.618209743815818946e-02
1.781292368656196834e-01
1.151933923047296360e-01
1.348709040859305541e-01
3.855179627829297823e-02
2.963299032363703178e-01
7.355157817830465516e-02
-1.951360615461426584e-01
-1.739752611187009856e-01
-5.774886384108554038e-01
-9.385540935092136910e-03
-2.752582885982328698e-01
-2.656691711383896704e-01
1.577679885543660232e-01
-2.545940380660631774e-01
-2.486959065168329319e-01
-3.700817335419283038e-01
-2.788970700818060519e-02
2.249601164060543446e-01
1.357153864426362266e-02
6.046579123327178173e-03
4.419065700649094652e-01
-1.633979514712438630e-02
-1.098519121232101603e-01
-1.280406474612470202e-01
-1.064253949099613211e-01
6.417544398589372645e-02
-2.459138079919797604e-01
-1.543586455686825343e-01
-9.388175507540569287e-02
3.395008483404027277e-01
-2.320117338078787894e-01
3.242887613057066076e-01
9.768240671945574438e-02
6.666575266032190306e-03
5.174229759920285776e-01
4.929548349631032167e-01
-5.348731900360825797e-01
8.488820618997022782e-02
1.130180974057609228e-01
2.361829119982950670e-02
-1.946555562183301391e-01
1.980995641163534327e-01
-3.924718849468187276e-01
5.840948332389490905e-02
3.233481927092242136e-01
3.371923112174866066e-01
-2.449134461774706562e-01
3.222821494300027179e-01
-3.200112358117744860e-01
-1.800822552600046811e-02
3.595027796904714523e-01
2.203106118600095531e-01
1.898551679172589268e-01
1.089994442826651422e-01
2.667166552721475514e-01
-6.575103627015610464e-02
-1.005157715856050543e-01
7.906784071230968380e-02
-2.993638396007480273e-01
-4.428019350466972925e-01
9.844874299279911256e-02
4.358577120070221134e-01
3.372474608505157123e-01
1.115343835395538608e-01
-4.419430817688511232e-02
3.623644849486656327e-01
-3.150424986357098223e-01
-5.754627608083152414e-03
-2.425362813123789207e-01
-1.241133277134299495e-01
2.284973781542757598e-01
-3.922061921845944599e-01
-2.823389497840280704e-01
-2.695003203134798131e-01
-2.863566494050026057e-01
-1.920293682424224491e-01
4.292699003672727220e-02
-3.784084152678076629e-01
-1.392589339138817772e-01
4.816144187183266645e-01
-4.226271186433684379e-01
2.577042176782704530e-01
-4.980214754710918235e-01
1.516501075957051303e-01
1.076533631079322068e-01
1.164305560338287915e-01
-1.173230939354106966e-01
-2.397593209469507936e-01
-8.319763871342593375e-02
4.100976628824230114e-02
-1.707210137392850546e-02
1.646904522043054694e-02
1.497428636100639199e-01
-3.100207982134118856e-01
-4.698917453088066187e-01
1.489330955956419122e-01
4.810390759564560637e-01
1.065617902013213797e-01
2.025119489936570427e-01
-2.016847161846455072e-01
1.037522830381736039e-01
-4.049844012098386542e-02
-3.452567253930561852e-01
1.747121746099650208e-01
2.075458180142240039e-01
4.305951909928754096e-01
1.556147072289921218e-01
-1.407871443946456247e-01
1.633006971330456525e-01
2.617620136778933126e-01
-4.327096763870996732e-02
-1.447899654697825944e-01
-1.345380420443965941e-02
1.473889505451612958e-02
8.102150980459021934e-03
-3.286154405891458796e-02
-2.020849094756628772e-01
5.122388467102675369e-01
-1.704909721447170345e-01
-2.463942737096981861e-01
3.187204298797882696e-01
3.779453352463054694e-01
-1.978251610631054924e-01
-4.129532330804636109e-01
-3.634336186189775497e-01
-1.495441729187690222e-02
3.160900449123233424e-01
2.310996665926189353e-01
-1.245962296174291384e-01
1.784214233066832300e-01
-1.945744486145487007e-02
2.449334518051290988e-01
-1.377897724626021558e-01
1.977221491043544555e-01
-2.310492981510319233e-01
-2.202935203067486469e-01
-2.434895604357440457e-01
-2.787216227236087307e-01
9.742852730670310824e-02
3.142115277644738636e-01
6.114001292520645503e-01
-1.250825668862295403e-01
2.645990176328012478e-01
3.319462166346683896e-01
3.659096470251288480e-01
-6.765130747059117100e-03
-1.390039414332323586e-01
-2.627472858420072388e-01
-1.853731578719953754e-01
-1.109598029096955096e-01
-1.016100752391180945e-02
5.304632909749982250e-01
-4.320425800617588852e-02
-1.487402835642458176e-01
-1.316096416545970704e-01
-3.842702052267042978e-01
-1.953273848958294867e-01
-9.187548986760900316e-02
-1.612038115227773794e-01
-1.144221529034276097e-01
-1.846945369607672915e-01
2.204411016412253232e-01
4.532495533883331151e-01
3.197614631230422111e-01
6.669576757250553767e-01
3.519630160145535980e-01
-5.505877308831991224e-01
-4.055868852702625427e-01
1.310580364586160784e-01
3.032084761062693312e-01
-1.498533319112480555e-01
1.866701305383189902e-01
4.026626952538700510e-01
-3.487847071096952245e-01
1.510874358044028420e-01
-2.093378752121799746e-01
5.159066110858891996e-01
1.642623832402146655e-01
5.495155645598981398e-01
-2.528355529399106683e-01
4.457063695739782450e-02
-4.822037289884245626e-01
7.590769221988476201e-02
-1.328295417131814538e-01
-8.664034397487534178e-02
-1.910246358424911861e-01
-3.150960041425263092e-01
-3.281855660011807896e-02
-1.600616291105114442e-01
2.653867512438846110e-01
2.105343972557042753e-01
-1.340359181780404474e-01
1.385908765664073394e-01
2.756336299940068679e-01
8.657607895803332010e-02
-2.236452404831858476e-01
-5.125526618998617057e-01
2.922797967546219566e-01
-4.230372734608975338e-01
1.444401756765372746e-01
-1.920059042510834368e-01
-3.611665675498387795e-01
-6.370172481009296617e-02
3.549078435366108120e-01
2.824953476549546538e-01
-2.297998608296533962e-01
-5.270670898842794161e-02
2.191457243335775407e-01
6.666963179724845479e-02
4.994282464741120475e-01
-6.273468438714768780e-01
-1.619857679995926891e-01
-6.636048248774761849e-02
6.114289415585641430e-02
2.089174343178257232e-01
5.252526671875926145e-02
-8.381112435690270257e-02
-4.505365164411511136e-01
-4.513489851422605725e-01
5.258764126254393823e-01
-6.880312433116522741e-02
