4.868178483301920101e-02
1.109036204017122274e-01
3.277310753522888476e-01
1.778590735205233531e-01
-2.911684408431129967e-01
4.268486158719672074e-01
1.115112557592317366e-01
-3.344002299106700882e-01
3.167522603051146080e-01
5.972938519190846424e-02
4.153021555277613963e-01
1.672260215590191113e-01
-1.591570593744166540e-01
1.576943485002831880e-01
1.945586885035631153e-01
-1.520247344201899609e-01
2.780318833937228673e-01
2.230911868610816612e-02
4.730686290255466803e-03
-1.838985382866318297e-01
1.779466309921534650e-01
2.584585876850935618e-02
-3.104673657699039135e-01
1.635859733815264727e-01
-3.003532813043305882e-01
6.481625642681049237e-02
-1.942346689745518828e-01
1.926832130718111324e-01
3.462537276022136790e-01
-2.411307932576313706e-01
-6.020694768471564901e-02
3.388114288438495714e-02
2.685935138449848103e-01
-2.265613362203083292e-01
6.068234742867655296e-01
-2.052945934580390763e-01
-1.340408895953534296e-01
-9.419049769811471684e-02
-7.420950846972221293e-02
7.532391076274277952e-02
-3.403275817715517571e-02
5.597790193923234126e-02
1.978034801069760429e-01
-1.124480249003315530e-01
3.329204291556529458e-03
-7.725733397185820250e-02
-5.600410457450012702e-02
-3.801187131213762949e-01
-5.231558304281180849e-02
-8.191193625343073936e-02
-5.300364326994917719e-02
9.732084140254518290e-02
1.317904589088502720e-01
3.079751605256367819e-01
-2.400148366553568335e-01
1.667326946256304510e-01
-2.842839521498300437e-01
-1.817099088890030689e-01
-1.585262736015983775e-01
-2.843175593466627515e-01
-2.177564709693316503e-01
-3.278571035061721983e-01
-6.007356145081240578e-02
-8.560530059652434257e-03
-1.449971611994842480e-01
-2.038956412501251036e-01
2.297149956624903733e-01
2.137682611986610193e-01
7.224275329715401303e-03
7.070520069647744099e-02
1.299916269539305169e-01
-7.496312059682404272e-02
2.078072607315008535e-01
1.934756079996955563e-02
-5.266787690288725343e-02
1.680207718765358849e-01
-1.329955057058652690e-01
1.509629301312885308e-01
-3.169741087248622025e-01
3.485713194162098384e-04
2.355298683105352120e-01
6.231764019042615455e-02
3.550216894901485620e-01
-2.159301831448759423e-01
2.175361625022477832e-02
1.163631280306525739e-01
-4.897920048580834407e-01
-1.835547186924056107e-01
7.878654620494821015e-02
-1.867101607590015977e-01
3.485842068471358551e-02
5.144711305009806723e-02
2.013192058645489266e-02
-2.925875641522091564e-01
4.874476104764120105e-02
-6.494474235188571476e-02
-9.856963898168032839e-03
-2.633598550383997594e-01
-2.235433152043359017e-01
1.999766897905436158e-01
9.812503886362433647e-02
9.200025884691644118e-02
-1.125215465040309004e-01
-1.646354761513059428e-02
1.920931305935130035e-02
3.813840545297231266e-01
-6.196093163941406023e-02
3.108107311712688791e-03
-9.329310654621064680e-02
8.197237486344804980e-02
-7.639534003013905006e-02
-3.492357930841456792e-02
1.249678796161928507e-01
-2.691917028908686893e-01
2.442331216964236662e-01
-2.662142862328638060e-01
2.844440730200254452e-01
2.832403555219029090e-01
5.169461149994850069e-02
-1.430561927557607860e-01
8.702890823845052526e-02
1.487113745548799271e-01
2.100049193226947164e-01
6.901531960311626038e-03
-1.721079985035777610e-02
1.070159289901471134e-01
2.613372152717322594e-01
9.665468673714139314e-02
-5.112361818043299061e-02
2.781704083683134154e-01
5.298295015497112015e-02
-7.768539229126121375e-03
2.531780658347810853e-01
-1.670242161149178561e-01
1.459555598070282345e-01
-1.305038124322228654e-01
-6.714753136728132676e-02
-1.447476261647192564e-01
3.484906122802759743e-02
-6.845103608609831580e-02
7.178219667304311380e-02
-9.229410186921525525e-03
-1.025541774795004357e-01
-6.591195718385953195e-02
3.727383039554519328e-01
5.354129608447671940e-01
7.077101860683104873e-02
3.598754456653829870e-01
-4.133627926629027116e-02
-2.381286464938524305e-02
1.066764791617223762e-01
3.304843035508903681e-01
3.760207949215890744e-02
4.242652325944712421e-01
-2.349403022623722942e-02
-1.039272582179353588e-01
1.997128660412073042e-01
1.482761572484873613e-01
1.196946830460241529e-01
-1.625395379703639120e-01
-2.052413590709485924e-01
8.456127245338314335e-02
1.250462755193767345e-02
5.228955326550278546e-03
-1.897329988860190775e-01
-2.806676864196280263e-01
9.240363537361576118e-02
-7.166609656316739671e-03
-1.158018227635893016e-01
1.732984374807623462e-01
2.425529420804731773e-01
2.595002114341870558e-01
5.903168518095735368e-02
9.343650782776100061e-02
-1.837407351096574659e-02
6.942262199791328359e-02
-2.123095191494876466e-01
-1.664244430537801800e-01
-7.102556549343935766e-02
1.484836515419312719e-01
-4.051748081011515845e-01
-1.335306532595367628e-02
-1.862042829142847578e-01
9.303580537234565351e-02
5.527844970193782626e-01
-2.983336266822663729e-01
-2.533627700526419058e-01
-9.833672871799373216e-02
-5.165525758503933251e-02
-4.065900183121196609e-01
2.791492056870188421e-01
-6.692794118965665617e-03
9.047297978728166545e-02
-8.721879609720627202e-02
-1.133802855735899229e-01
-4.006495155433141830e-01
-4.748381933900668733e-02
2.465597350422176447e-03
1.583128504715811957e-01
-5.984599738488055598e-02
-3.099929053720131694e-02
1.659370174114862539e-01
1.555748270459383908e-02
1.942581753375469678e-01
-4.174131274567192962e-02
-1.127605025170897238e-02
3.939279033251418261e-01
-9.604208655016144985e-03
-3.670831961669980270e-01
2.126709484681591489e-01
-1.981730329572706506e-01
-3.108786919029059570e-01
-4.158720177598518308e-02
1.974423578652683697e-01
3.653815414524143046e-01
-1.236767505479946516e-01
6.998060197572186780e-02
-1.465208788058149358e-01
2.890446371914711099e-01
-1.246089453705537670e-01
5.845269564728522438e-02
-2.175166349244869735e-01
-1.330757773963502921e-01
3.552597028814327151e-01
-2.203945676569504797e-01
-3.900498518768055201e-01
-2.161906993792625520e-01
1.103828871875979639e-01
-6.199791782374144966e-02
-2.960796551595604731e-01
-2.360588317531517044e-01
-2.180071939338890444e-02
-1.790451023421475163e-01
1.519096363810701067e-01
-1.998827948204082716e-01
-1.308108705545660833e-01
6.556983960172299564e-02
2.799436089545588313e-01
2.238702106857750826e-02
2.700807864037012562e-01
-2.018006708244053371e-01
-8.789109458613886261e-02
1.161528378206200945e-01
-1.036209861789857273e-01
-1.422999789947608229e-01
-5.267400494707747960e-01
1.540582315325593650e-02
2.690234576332736216e-01
2.437524828224113538e-02
4.228001794924048096e-02
-3.775822493501996280e-01
-5.226504324331013862e-01
4.875537997493364917e-02
3.182035809498639511e-01
-5.929098907156101772e-01
-1.039217515849885816e-02
2.877487257658087882e-01
-4.826562092959347794e-01
-4.394920541314741858e-01
-5.285143867019130581e-02
-1.507877406723979741e-01
-2.200552121439896397e-02
1.379249664361818783e-01
4.494679494490275706e-01
2.327566080791661218e-02
