-2.793825356170147045e-01
-3.380899029865636618e-01
-7.437049898861823605e-02
-1.016049418763815271e-01
-3.661661068710382327e-01
3.169187731843984834e-01
-2.870749046417995221e-01
3.598083207852684762e-01
-8.433060498883042377e-02
-1.732051719965620462e-01
-4.524865047609381574e-01
1.061195991912909364e-01
-4.581370581775825457e-01
-2.582594791888761510e-01
-2.968231777831727980e-01
-8.333450132269505650e-02
6.694404609002917172e-02
-6.694946694265778431e-02
2.863082238232386167e-01
1.722366479665761729e-01
-4.475562865907382615e-01
3.625081804672451724e-02
-1.127416962395727806e-01
-3.774737219110395614e-01
1.126285047432304398e-01
3.992337790057568503e-01
-4.350234021232954884e-01
-1.112261647207535981e-02
2.601276464155065360e-02
-3.933097078646408812e-02
2.847307460601218865e-01
2.026412576286364120e-01
2.723087029201601839e-01
-9.347348091825491423e-02
7.064614344516498279e-02
6.062954750413712679e-01
-1.319973260401275383e-01
5.963010744012787745e-01
2.688711612169608720e-03
2.601857861120405180e-01
2.776841725433838448e-01
-1.176045601321153433e-01
1.667032527580173396e-01
-4.069267565226197814e-02
-3.638548603212443666e-01
1.165491601296109875e-01
-2.505836588946787069e-01
-2.642860580713594087e-01
-1.154457898286010142e-01
1.403335609312621191e-02
1.669061497710863928e-01
2.930300191587338343e-01
-3.440586210544837042e-01
2.592504668058668305e-01
1.465982094462703056e-01
2.916905652648971170e-01
3.249565484417698547e-01
-6.067065273313045765e-02
5.291305206303382747e-01
1.563394349443219811e-01
5.149167692408679331e-02
-5.118967526354503139e-01
1.617392057504435099e-01
-4.948130231133698875e-01
-7.547975529061970446e-02
7.063573736313863982e-01
-4.002895624212238213e-01
-7.080841918925737666e-01
-8.636021557649314895e-02
-3.376239886105192323e-01
7.265233905335479747e-01
3.587408169893144261e-01
-1.964202910000711899e-01
2.143218973430444096e-01
4.479271668950716156e-01
-2.761942683354105532e-01
1.424762097956227547e-01
-2.224219573593949062e-01
1.672640899093139899e-01
-3.816593837961202440e-01
2.873722168012726730e-02
2.049227309891958060e-01
-3.362893695770051705e-01
-1.057572951892197244e-01
-1.270059193627564587e-01
-9.480867360776688846e-02
-2.779502015192557990e-02
4.319667746057122004e-01
-3.473544400470477411e-01
4.573083849577140869e-01
2.954791045869690214e-01
-6.600081696227410033e-01
3.252293990436493365e-01
-1.943266030890211660e-01
-2.190485612074190569e-01
-2.972810338160362109e-01
5.320392527623207801e-01
-3.213112709494369001e-01
3.998172124363689184e-01
3.709018350642547812e-01
-2.648332630583587477e-01
-4.448734592713582403e-01
-1.765928059193684341e-01
-3.876400811137835078e-01
-4.136010552882096181e-01
1.250262870275487548e-01
1.087079927217175779e-01
2.596116283796831015e-01
2.506811608874210395e-01
-6.308426733183369883e-01
-5.692538216455326205e-01
1.546704217655295588e-01
5.563982533317606283e-01
1.461281412853755041e-02
-3.749774116956997583e-01
4.133176825050639547e-01
-2.297428597862870570e-01
-2.166397824946080242e-01
2.809893728061885199e-01
3.334288051080459558e-01
3.654041761151424761e-01
2.575233640389669176e-01
-3.389683502927168801e-01
3.597139671596576438e-01
1.873222754683620539e-01
4.603164991087694280e-01
-8.169478979873517899e-02
3.951313844313716350e-01
-1.015218745717325066e-01
1.240391518811230914e-01
-1.625908815891552728e-01
-1.343206683833535475e-01
1.522640008863848649e-01
-7.616903817883471928e-02
3.677889632679585130e-01
3.200563121359632501e-01
6.258658545354806035e-02
-6.322119583820604016e-02
2.093455753913277539e-01
6.963771458851081286e-02
1.796708916614995211e-01
2.017113311298815090e-02
3.747501872277911872e-01
6.825780822932114855e-01
-7.208123370611958791e-02
-4.533674733597905515e-01
3.436945764558475835e-02
-4.004094374782894983e-01
3.161131496058087187e-01
-4.825195604111427450e-01
-1.631299358043768188e-01
2.045867600088023819e-01
1.875974270890465149e-04
-2.572484473772582714e-01
-6.933148905812172025e-01
-1.073144816298549770e-01
-8.881290067301356173e-02
-1.001664647666378194e-01
-1.960282402596169038e-01
-9.061498484884436544e-02
-4.610846532012385368e-01
2.115608717065328714e-01
-4.376041828180742277e-01
3.877394620613845988e-01
-1.271903522722386271e-01
9.606547732103097592e-02
-2.785349582945053082e-01
-2.984403599291411968e-01
-4.505025092596242065e-01
4.355265194313535648e-01
-4.163220315582152886e-03
-5.334335093523399213e-02
7.026407635320240652e-02
-2.745222778856402090e-01
-3.728417472793359999e-01
-3.622452183966355932e-01
1.962404699568700006e-01
-1.317317239742688550e-01
-1.069065733262435924e-01
-6.115200130677811430e-01
-5.375503535691227297e-01
5.321205730296619807e-01
2.364898011341805550e-01
7.585900007484856940e-03
7.876086297574276529e-02
6.004894075552003746e-02
1.415865426593527765e-01
6.900178126852138383e-02
2.173764325879399828e-01
-4.584335671908342791e-01
8.048869195564317680e-02
4.302222935339777843e-01
1.167205087931135182e-03
-2.565404968865096502e-01
6.217252924839300476e-02
2.428334454956107002e-01
2.544700017814853776e-01
1.525051656705860015e-02
3.893235639746245313e-02
3.386413668774546082e-01
3.106182094020105700e-01
-2.551112601899668264e-01
-8.362709274179479235e-02
2.327729499497677990e-01
-5.011647745874844295e-01
3.659640050788506294e-01
1.865276579343806418e-01
-8.276036229301049485e-02
3.065608227907460348e-01
2.030669248642150981e-01
-6.602181630816129632e-01
-2.372745205884362885e-01
5.841292429902189554e-01
4.385852251923115230e-01
1.578741131530493336e-01
4.574937750965462069e-01
1.751337079038500222e-01
3.437488137983120140e-01
3.993869505550251553e-01
1.681188231305753011e-01
8.878844698830719306e-03
-2.382422781700377357e-01
-4.038770506554041628e-02
8.566930044541025413e-02
2.635185035517639274e-01
-1.242652368188884304e-01
-7.000451599912786704e-02
1.223007915083722530e-01
-1.038577241465459960e-01
-4.758901299967933651e-01
2.192795725240487825e-01
-1.742870155018579614e-01
5.875324785669339134e-01
-3.804468574340020282e-01
3.854976758112131363e-01
1.520475077765205685e-01
-3.117905256937756331e-01
-2.833926000545529678e-01
4.129890525728777129e-01
1.901298179424831258e-01
-4.746052901829772019e-01
4.353050654593165203e-01
3.513274765746673411e-01
-1.672235617617688908e-01
-1.242458583381557402e-01
-9.385957889406570942e-02
1.197769378455265099e-01
4.172115114736651281e-02
1.112045733746668402e-01
1.679593519167639215e-01
1.266853737271935454e-01
-5.709260474689881182e-01
-5.182241952989597583e-02
-3.644872803472741785e-01
1.477051057252881661e-01
2.426245360183001964e-01
1.295850495574848993e-01
3.465014901805473641e-02
-3.197886584222169870e-01
-7.492315343563878127e-02
-5.000202034109514360e-01
3.029499154647945502e-01
1.820356535400451392e-01
2.190200938183093360e-01
2.758889637243080450e-01
