-2.017664785242579417e-01
-2.159791850740945263e-01
-3.363744684219774905e-01
2.883535036313386590e-01
-2.762976156861616794e-01
-7.746033003890706592e-03
8.216712426883265863e-03
3.165029160384928986e-01
2.201774081230017943e-02
-3.806261739644471453e-01
-1.891395934666276757e-01
-3.409230576140142577e-01
-1.992904039489379331e-01
-1.592460057172683241e-01
1.154647184650368086e-01
-1.487945057712218300e-01
-5.111045382841159501e-01
-9.229656304041444770e-02
-2.174258215203812017e-01
1.246605884824316113e-01
2.680170609033826756e-01
2.271905993952231251e-01
3.003314715651346223e-01
-1.954792502824649891e-01
4.275796163699517871e-01
-1.379654637617905300e-01
-2.714959567163943710e-03
1.134079742887724729e-01
2.716313551278983218e-01
-3.858820650967159649e-02
2.036107089181045104e-01
-2.071505582852833927e-02
5.658508612846582242e-01
-2.548879655456892657e-02
-2.272654867504116938e-01
-1.414638623897725989e-01
-1.523724610912885469e-02
-3.669604469172899064e-01
3.172399880244377579e-01
4.504867593064199038e-02
-5.401324066480450714e-02
-9.768886637725460176e-02
-2.956500506913651294e-01
1.635890924753755082e-01
1.474924825193992817e-01
-1.445833510432181779e-02
-2.663611204726774040e-01
1.217929279614258786e-01
4.035783326430419926e-02
1.670136365646887611e-01
4.443041326665481683e-01
-6.334133504658621128e-01
-2.526021757410484292e-01
1.212759225876747227e-01
-4.054759349555326908e-01
1.717013913409945469e-01
4.679953240429814976e-01
-5.011062650126071327e-01
-3.449547041265750291e-01
5.881729878421726454e-02
5.168372091333055529e-01
-3.469645776103701396e-01
2.642588120959160070e-01
-4.613796097506596694e-01
4.883766045310903303e-01
3.611248404138781565e-01
-2.793445988857563012e-01
7.348660873762000723e-01
-5.856312596075539112e-01
-2.228983268416311891e-01
-2.751839224586856703e-01
1.609410921942698858e-01
9.437700993708025843e-02
2.276162079056582854e-01
1.734753051506646715e-01
1.765438930498449133e-01
2.772391577577284494e-01
9.562782455531171344e-02
2.510043452371855666e-01
3.993691145199224080e-01
-5.704602471062208968e-02
2.367397713861918995e-01
1.215206689224216374e-01
7.962328494123025457e-01
-1.694726545104098814e-01
-1.014961814923476258e-02
3.055926227132010342e-01
-1.834972267042587757e-01
1.482621417035593359e-01
9.463909267222508914e-02
-1.042062563593346147e-01
2.884461333504621527e-01
-3.141503391532022849e-01
9.567527708585166213e-02
-8.545042521374318634e-02
-5.501512012836535792e-01
4.527355050898294042e-01
-2.805656680429060579e-01
3.832997101078789437e-01
-1.791057505539807027e-01
-2.490255424137779450e-01
4.703482655725566008e-03
-3.012403540430264037e-02
-5.172299929840695754e-01
1.988740477625972058e-02
3.511985192134425837e-01
-1.556413137499749189e-01
3.583702694166778224e-01
-1.806439994060179965e-01
-2.948906598865302930e-02
3.070599492375092332e-02
-4.386986389468780501e-01
2.149460977719714894e-01
4.559659297521047594e-01
4.796207862604023320e-01
-5.660227180143007075e-02
-1.147503450083839915e-01
-1.349371478381975464e-01
-2.311181035258590422e-01
-2.061364899929459260e-01
5.735648651403119080e-02
2.311776483890555234e-01
2.882648716572427383e-01
-2.541290904483314850e-01
7.866816864798997777e-02
-6.016522306242468865e-01
1.053856216102871945e-02
2.656236373233711312e-01
4.455921763838147642e-01
-3.256169308758529168e-01
4.905978881285268378e-01
4.739645537593362157e-02
2.869695141979294872e-01
-3.458647821830292401e-01
2.417291232418432023e-01
1.201185633401057884e-01
3.621094006829786438e-01
1.909532073385122874e-03
-3.189973575907079639e-01
-2.331915740416013461e-01
-2.773458389841076954e-01
4.979837359843253264e-01
-2.562107808192504166e-01
2.024536776807916993e-02
-4.032178928199829371e-01
2.300051654089466102e-01
-5.819677027008650638e-01
1.775783545429017729e-01
3.136490626051253727e-01
3.584552980001190492e-01
2.845330972436878048e-01
-3.280757704187958756e-01
2.347788723244474407e-01
-2.435632804020611553e-01
1.603713510108529250e-01
2.625316031158979047e-01
2.201575591916872798e-01
-2.625664602528473557e-01
2.206555856443717101e-01
1.338710847921818492e-01
9.796983837929551520e-02
4.433510786171617757e-01
3.204072748723506558e-01
-1.156624979569826350e-01
-1.752004443561285818e-01
-5.024302841635860384e-01
-2.121045168953555882e-02
2.522000823728647312e-01
7.546393818932844999e-02
5.012752745971951196e-01
2.150308537434906242e-01
1.764425211156506190e-02
4.229548505873201858e-01
-2.755192828212170708e-01
7.388279972051065014e-02
-1.270365159632560470e-01
-2.163532227055198209e-02
9.460969220632087229e-02
-2.022536452430476750e-01
-5.099125186134210175e-01
3.094414673599019672e-01
-2.114704741105457031e-01
4.564564870688468390e-01
-2.037017945769774019e-01
1.322683793186146817e-02
-1.367513289297735968e-01
-2.368787637023069270e-01
1.006606673886967784e-01
-7.260739130370229555e-01
9.977167086805666107e-02
2.707331661186556104e-01
3.198328500308125766e-01
5.551568135475742904e-02
-8.910465263250400003e-02
-1.798643840829959872e-01
2.526116497163120589e-01
2.476372583750370282e-01
2.069214650263092592e-01
-2.047574347894903779e-02
-2.337418274289091991e-01
2.681994416222880928e-01
1.573642827625071905e-01
1.100693499917155815e-01
-2.101714434163899914e-01
6.783201550982600470e-01
-3.881622184841623246e-01
7.483127206438677792e-03
1.040350162944047585e-01
-1.747981894509815226e-01
-3.742855434904646117e-01
-2.697657180749627459e-01
-3.069204864169679525e-01
1.173044784519704509e-01
1.576455607111870716e-02
-1.425783510124165043e-01
4.968708253830883548e-02
-9.516021757745457554e-02
-1.849833519789479963e-01
3.093267714825460590e-01
-5.804462682959936615e-01
-3.443566039509604049e-01
6.239884427603824557e-01
-4.251777487257596411e-02
-1.692769940974687692e-01
-2.560131138137830553e-01
-3.732732688246355179e-01
-4.961437456766716880e-01
1.179907950564350605e-01
3.843058463618049814e-01
-6.921646625562727362e-02
6.499200286344064548e-02
3.688257954726420484e-02
-3.854492325012455201e-01
4.353558681996831381e-01
3.934468187926676297e-02
-7.587075219729572106e-02
-4.582835687344251063e-01
3.731238608172969262e-01
3.007764600426109936e-01
3.229707398578706701e-01
-6.960680047034878415e-02
4.413190382855455285e-01
-2.638988344962522881e-02
-4.725022974618633964e-01
3.365372925229689893e-01
-3.137152895140685183e-01
-3.355121905660050641e-01
3.922236493624901565e-01
-5.600210863868859690e-02
6.069397140050415418e-01
-6.806685518537671786e-01
1.553179567178745168e-01
-8.519417136452234196e-02
2.661375074064680213e-01
-6.333958379766435609e-02
2.904154420701268169e-01
-5.698585261727023843e-02
5.431846740643347937e-02
1.474908292541038390e-02
5.061648127358582272e-01
1.363905888361328089e-01
-5.280108562652144899e-01
1.247237465678939228e-01
5.535782801859416846e-01
-1.927455047968366086e-01
