-3.822265282847656653e-01
4.041537635280820218e-02
3.678562866716467150e-01
-1.679174077202763571e-01
-5.469176403054500923e-01
-1.261388784327092116e-01
4.212559758056421133e-01
-2.578955624749678099e-01
-1.305766454008769895e-01
-2.712531335063096405e-01
4.888368578760396432e-01
1.071014146740427997e-01
1.194951512754217210e-02
-4.591392868603360045e-01
2.265392481757378396e-01
1.396072237525202153e-01
-1.154861024841702666e-01
-8.109964844798611683e-02
2.696566226765614305e-01
3.673322051327631566e-01
3.090786235502861468e-01
-2.867921088945929453e-01
-4.438675570321148900e-02
5.187346577126288327e-01
-4.871314850626051740e-01
-3.201560957208071656e-01
5.534271907859000805e-02
9.399060804635168270e-03
3.980618125511441521e-03
2.742746416227404872e-03
2.517178169501717022e-01
-1.165386569315374626e-01
-1.208338361710678960e-01
1.246997998542012376e-01
-1.932033881804392783e-01
5.970033374894159195e-01
-8.183057056048612110e-02
-1.053046886015375216e-01
-3.243405227809831315e-01
-2.469581317216361094e-01
-6.152789796373288045e-01
-2.236479602295563529e-01
-7.668317095568845387e-02
4.691187470562156459e-01
3.706975446239871852e-01
4.166734723367906956e-02
2.951682010524404598e-01
-2.995201265196435481e-01
2.081700502917362139e-01
-1.092894914772905846e-01
3.167176194337381623e-01
-5.438582859067681019e-02
-3.570507753370460446e-01
-4.212511624729374793e-01
7.350584685722955092e-02
-2.001269644665891745e-01
-4.632086436536888563e-01
1.198494510765532551e-03
3.827789548937494679e-01
3.006846585012926676e-01
-2.057498034072360316e-01
5.888176323887984731e-01
2.366438967095168266e-01
-2.234514963734855475e-01
3.830995773563178330e-01
-1.438417334843711259e-01
4.932616793199955108e-02
1.514789855086586326e-02
3.260612997110197142e-01
4.740248771625102386e-02
-2.323330722857275266e-01
2.061292286331761481e-01
7.384240050460874616e-02
-4.324668306647689864e-01
-2.108734215328947337e-01
-1.261677622241179075e-01
1.289092917274934913e-01
-5.395087281261259915e-02
1.866854720503619003e-01
-2.707520534200246742e-01
-1.047631094344171759e-01
-3.142033754978003357e-02
1.799870455433686400e-01
2.290457951071563636e-01
1.993960812148943412e-02
-5.309769972369164925e-01
-3.172363191132751004e-01
1.496567347164993733e-01
-3.977382784897166568e-01
-1.363860752501235840e-01
-2.112289139849115038e-01
-3.699324664836296517e-01
-1.045134937232422567e-02
5.205300358496410817e-01
1.692524583583904507e-01
1.379305912759325459e-01
4.423117655001079784e-02
-6.295225099124022172e-01
2.191385088716547858e-01
-2.988049382949830579e-01
-4.059129090531536921e-01
-1.773338431328980447e-01
2.475434606309189489e-01
-7.080210090900829201e-02
-3.030261080033950227e-01
-5.510471892128929738e-01
-2.330947748924763752e-01
1.565893899199518324e-01
3.815739468262993039e-01
-3.261385305130986567e-01
4.240097051094372516e-01
1.321789375454831550e-01
3.249458136156397337e-01
-2.719567877884999652e-01
2.558778138566103477e-01
-3.760567054138264642e-01
-1.136986767618276481e-02
6.222952005062363234e-01
8.199812617484078525e-02
-3.628090490207380725e-02
-2.863403148329004555e-01
-3.670686145599844630e-01
3.334105733575630226e-01
-1.462000641136893819e-01
3.206619208850413072e-01
-3.847147565411416226e-01
-1.478451099111486589e-01
-3.486192718096287751e-02
-1.658973731913557792e-01
-6.994362978817506571e-01
2.798827689356065962e-01
-2.592132599773910862e-01
-5.216233435538217833e-01
1.753094630772864537e-01
2.458481245813226579e-02
-5.486738326475201766e-02
-3.392720686621004678e-01
4.793792637031216858e-02
2.987875527249430618e-01
-4.232813188840033325e-01
1.243948572359606652e-01
3.771034686152379689e-01
4.951997498292556310e-01
2.392315853353119137e-02
-2.724688398968979075e-01
1.512290746809166753e-01
-1.207630450490899676e-01
3.932681759561406643e-01
3.768209465777041522e-01
-4.307742738524918125e-02
2.359647177903275161e-01
3.611163761602761979e-01
-1.011543713656417737e-01
-3.656874622419940546e-01
-2.210283500698707049e-01
3.477122832482795745e-02
-5.704060286953475251e-02
-3.053747225829822609e-01
2.203602070638878696e-01
-1.519686251700142626e-03
5.778400398072025546e-02
3.386337983825587483e-01
6.080089857577430923e-01
4.278163410328826299e-01
1.006873929283045310e-01
-2.026085152570117898e-01
3.928911883127172988e-01
-3.754611991126231008e-01
4.975408977777427411e-01
-1.778279715439962660e-01
-3.015151885367419737e-01
8.778869244506232183e-02
4.434005778445614110e-02
4.122705378587822045e-01
-3.304001930226712069e-01
7.884153714702732407e-03
1.310360650771023594e-01
-1.018778967390688711e-01
3.824612165359085325e-01
1.925593966857525596e-01
-2.756923274175862026e-01
1.491855928546376164e-01
5.581481973314935674e-01
2.873200639028451464e-01
4.455982425765852573e-01
7.191898133393703763e-02
-1.970621260159505228e-01
1.473127232741421877e-01
-1.841523076427610539e-01
6.610660718014656212e-02
-1.479011544522885746e-01
2.903348375390659153e-01
-4.267283296869420206e-02
-2.448976482416351796e-01
-8.756656411948805785e-02
-3.756146363463439553e-01
1.809300769424407040e-01
-1.713553157011760419e-01
3.058961291148961648e-01
-1.182070144770331482e-01
-1.298602363241552760e-01
-4.034846447165761907e-01
1.876518471811496891e-01
1.155715045876953839e-01
-2.061089304749474382e-01
5.803894693852781339e-01
6.120272375040428092e-02
-6.198567584340934911e-01
3.445882812073413626e-01
1.725029291886494565e-01
-9.124508142754597650e-02
-2.533219256156848953e-01
5.517040296544211131e-01
-2.826438539045582066e-01
3.752224122529707606e-01
5.059076924093844907e-01
6.642722704143912138e-02
4.984931470456276104e-02
8.621248813276299883e-02
1.577375669080124387e-01
-1.154890110652704999e-01
3.192318595487904642e-01
-4.457138746730193724e-01
-3.295060241221738351e-01
7.652215844756304897e-02
-3.891792160436514658e-01
-1.661056170040843827e-01
-2.923868100939022163e-01
4.689349498872553701e-01
-6.897752193499240292e-02
-2.836271135699366952e-02
-2.343110763400014229e-01
-3.615517964084863922e-01
-3.991315514876133536e-02
-3.465409312168915568e-01
-7.165899471961251210e-02
-4.599144665198195425e-01
4.163977069087639871e-01
7.926185928003970371e-01
3.421178793746006974e-01
-6.005675471476597249e-02
-5.750385706209525383e-01
7.255750096566353502e-01
2.121818354857331335e-02
-3.411972527873677885e-01
-5.813561432813842966e-01
-8.089600632511885492e-02
-8.949848261226578394e-02
3.882727704339647978e-01
-3.308935384070055274e-02
-1.416298721525643678e-01
9.224631658628368314e-02
5.280833623555110101e-01
6.302202858071097591e-01
-3.423346204045444319e-01
8.070203716667299909e-02
-4.510916483494995521e-01
9.104416804594861468e-02
-1.453790910415532212e-01
-9.843707428169687357e-02
9.696134796147228008e-02
6.606187404634739080e-02
-3.120962398379405478e-01
-3.575733805973771995e-01
-2.379795648314170231e-01
