-2.792937646154767251e-01
4.878402527962706348e-01
-2.621942710357667017e-01
6.605561790267375777e-01
3.483925019779903209e-01
3.867976067723037370e-01
3.021331777446860656e-01
4.360913325171206778e-01
-7.474559133179053960e-01
-9.533052460329219380e-02
-6.788965155552243447e-01
-3.178426779894405474e-01
-5.063545099293493834e-01
-9.891874401305442710e-01
-6.003527589094578287e-01
4.408891692782405669e-01
1.042561366169778014e-01
6.912386538271367287e-02
7.975424957991718022e-01
-8.384564795209437094e-01
-3.470741721013644865e-01
-6.756557021743524460e-01
-1.109315609355649851e-01
-6.699881787120427479e-01
1.342480486793865002e-01
8.017497257337163896e-02
-6.342854388273089228e-01
-9.134952397719646733e-01
1.543871920263362174e-01
6.490275104707317055e-01
2.092649699281853293e-01
-3.682144061630962528e-01
4.377524561603666209e-01
-6.790613555984557070e-01
-9.750473073296946902e-01
-8.396445892365768104e-01
-7.703623093206748429e-01
7.899737498273998737e-01
-5.766842934649609731e-01
-3.025930607636480585e-01
7.164567143915661074e-01
3.558785505057452392e-01
5.399113087380471576e-01
3.480328614990992886e-01
-2.847547985896860534e-01
-3.203834345165069708e-01
1.022462986061070112e+00
1.075141588272327864e+00
8.021986745219911175e-02
-4.824075096174577637e-01
-7.289443202093964791e-02
-1.835437682715380381e-01
3.412828412126706068e-01
7.243992773298857379e-01
9.481341525987191377e-02
9.925613991554843585e-02
3.659792631424862996e-01
-7.796852194973202810e-01
1.960404472108718821e-01
-1.133772383084850621e-01
2.902704014345141581e-01
1.636888420441865166e-01
5.240270993688492251e-02
5.730189827114631207e-01
-3.688860785960876298e-01
-6.721364999278527097e-02
1.800168388422651589e-02
-7.058553114436723064e-01
1.066691342462927350e-01
5.238577343178775214e-01
3.369496559616620424e-01
-1.331365876118223157e-01
4.608802492928097683e-02
7.103545936515036352e-02
4.449515458992185923e-01
-6.296773744797594663e-01
-8.850446044330201323e-01
-5.398013636952654348e-01
2.200847869674359414e-01
-6.881997068161586073e-01
3.072642381718522220e-01
-5.866217165472853434e-01
-7.531463354388082676e-01
7.768875036434882420e-01
-2.703220704691420284e-01
-8.178774408890382430e-02
-9.577612782931168578e-01
4.028707515895043056e-01
3.221833943420895907e-01
9.421619511468198871e-02
2.218374923293764123e-01
-1.514655071541744502e-01
-1.452522777304244561e-01
5.084455900678154228e-01
-1.178454107167783288e-01
3.344002125530970426e-01
-6.745727044068176026e-01
-7.200030825113665767e-01
9.049314991551006271e-01
9.620297990626534013e-01
6.213069674218786309e-01
1.086490505434711817e+00
-3.053924931750909844e-01
-8.568627731286506677e-01
-4.680218018873825714e-01
-7.800798527843394448e-01
8.160670881076778072e-01
-7.545842957501762704e-01
9.483635955508208648e-02
6.099772136500825059e-02
4.396727795439551167e-01
2.279986740603074935e-01
-3.388659193764958499e-01
5.226587407591315459e-01
4.591303749802631562e-01
-8.774350052612887030e-01
-6.606111221712983594e-01
-5.028904973841966664e-01
2.010093571742528062e-01
-4.321542316923072669e-01
3.832576557105231152e-01
7.118091109847490827e-01
7.473258943494023865e-02
-6.562245869049397606e-02
3.615923288271422065e-01
-5.480683846865908038e-01
-3.832773385412697742e-01
-6.066180653496051622e-01
-4.618280272501850692e-01
4.719866376439009192e-01
5.922362710357245152e-01
4.334932958588159080e-01
2.860927473399158538e-01
-2.088820404017229238e-01
4.294173744689300243e-01
-1.173564903463065467e-01
8.291747255293296925e-01
-6.916058123553751047e-01
-1.393323632822965341e-01
2.253403613515416459e-01
3.406633361103893476e-01
8.513141695471307946e-01
-9.021643134116893448e-01
4.133341852627792079e-01
2.072050867318441791e-01
3.646495550365942973e-01
-2.659469725110655824e-01
-8.409060798325205255e-01
2.043516767646964272e-01
-7.090726403620730700e-01
-6.547052637263238717e-01
-1.092717507537106780e-02
2.301625520586958462e-01
2.402103180174954833e-01
3.851031864719769993e-01
3.328936216059950048e-01
7.859206385910898485e-01
-2.668463570937948948e-01
-1.733130767707089792e-01
5.210931455345585439e-01
-1.181092345495808882e-01
1.985352397425537707e-01
5.926691389481229810e-02
4.814843573213052341e-01
-3.662194477420264160e-01
-4.943214777466459209e-01
-2.833729046664031914e-01
5.681454446749054088e-02
-7.512348017244269149e-01
-3.551782893542920760e-02
6.393265305819283428e-01
-5.436012798361647969e-01
-8.844679000463847585e-01
-2.833507809330425564e-01
9.439037913883205899e-01
4.260906306460905402e-01
-6.950549518482098676e-01
5.694724494324764352e-01
-8.744251218573065865e-01
7.199831293643057517e-01
-5.090877497788526274e-02
4.363969435307868960e-01
6.256994681562906280e-01
-2.172814577370526523e-01
5.975709047815014330e-01
9.047511446538112345e-01
-1.113537675455955750e-01
-7.507814762772958561e-01
6.935259844887281533e-01
2.440576777036709832e-01
-6.782531954768199478e-01
-7.361712634604330452e-01
-3.552897072314228910e-02
7.548756165850386557e-01
-5.033569149753023275e-01
-2.059100863698502537e-01
-4.343196393156603663e-01
2.988265431137700212e-02
-7.759794896138803022e-01
-3.011547365233036011e-01
4.787532042985964131e-01
5.832698023914537622e-01
-8.753817412688096322e-01
4.905079024924638986e-01
-5.356922903651739620e-01
6.055460549878098897e-01
-3.677836284114235910e-01
5.140658814485481454e-01
-4.049147949119740186e-01
1.697053799283401443e-01
4.170852082642285685e-01
-1.513265111421771003e-01
-1.163331613943970333e-01
-4.684488768316826257e-01
-5.711112527710208164e-01
-9.200367305688997299e-02
2.726141833814380022e-01
6.762256879756302075e-01
5.007334362322041210e-01
4.443451493281606046e-01
-6.209355761547256103e-01
-1.320156451104242956e-01
7.084803398172957456e-01
-2.229762093145753743e-01
7.369670847654169465e-02
-1.050849385140601583e-01
-1.000397227788875520e+00
1.222979074679630129e-01
2.746195891680585643e-01
5.170438426441973379e-01
-1.029949811448951091e-01
1.477361012704054427e-02
1.045494467262942706e+00
3.386519095863381734e-01
-1.948458009873487162e-01
-4.107949597882085691e-01
9.608342657314360158e-02
5.173831911884426704e-01
1.114820750955234807e+00
-4.043494908349085093e-01
-3.433583774126198751e-01
3.080085069374355888e-01
1.397422814198086838e-01
2.103893066991045502e-01
-7.198738001644648943e-01
3.862448299379414585e-01
3.275502004735283412e-01
4.548354271435030571e-01
2.341346362191601416e-02
1.018482153406552015e+00
-6.057474174384428478e-01
-6.378085050468245143e-01
-8.262801320908599312e-01
-9.804064550348716711e-01
-5.600273087147789042e-01
7.428218539168480739e-01
-3.907883196014590443e-01
-6.841084058997543016e-01
-5.799412438819724347e-01
-3.109951468476840897e-01
-6.015508203502092366e-01
-1.449105021396489834e-01
7.382597937694965196e-02
-6.713132606558350757e-01
-6.358585001809953230e-01
