-2.814643082762214865e-01
9.600981838934188883e-02
6.497647551877483441e-01
-1.827094029134133935e-01
-3.337529920837136177e-01
1.907680042689384736e-01
-7.157239312872053227e-02
-7.505408902921922865e-02
-6.811228035823252425e-02
-6.198617173058093566e-02
5.016651869017416665e-01
3.718150440690832781e-01
2.845541597422717728e-01
-1.603365225329953514e-01
-6.869890786988766540e-02
5.053039814884880965e-01
-2.438848261529607542e-01
-1.461692414364827892e-02
-2.094163378466306347e-01
-4.686776919542197661e-01
-2.988603508281730825e-01
-2.812834488157851531e-01
-1.049594077509164169e-01
7.032411954107621599e-02
4.517819016104014374e-01
-7.598649673725435538e-02
-2.991096416891608767e-02
1.043271572182380147e-01
-2.087529667188116334e-02
6.680564508393924683e-01
3.824002208762168620e-02
2.972785802566504931e-01
2.576230444171513367e-01
5.739985594921395151e-01
-2.846627987006310478e-01
-2.408755344697641188e-01
-4.702808831416501745e-01
3.074626454955247112e-01
-5.965858116119133747e-01
-3.704573102453331823e-01
2.797121614654665134e-01
-2.741609184405684463e-01
1.131905144973546495e-01
3.790784607143236062e-01
5.110180879875636517e-01
3.550985628242508407e-01
3.408343083380603322e-01
-4.106338907942491123e-01
2.051490440266070525e-01
4.978375509852723813e-01
1.148696526842550719e-01
4.035603368870831487e-01
-2.508203608477020952e-01
1.176044649398524933e-01
-3.298708167160704363e-01
1.238978105837847676e-01
1.306892860055755001e-01
5.358699303327306707e-01
9.041705728299184730e-02
3.450829381242873778e-02
-1.748859977754869122e-01
4.350461061167001375e-01
2.098715089954364676e-01
-5.101269565486127311e-02
5.941583186187944232e-01
-1.356382161734082104e-01
4.980537422915012891e-02
4.092584679209890913e-02
-1.822219708080374811e-01
-3.231927725134456919e-01
1.646464899485831634e-01
-5.017746412148644392e-02
5.978486136464639805e-02
1.120630268831279974e-01
2.277144292573818618e-01
-1.329901078969046302e-01
1.595957695334424692e-02
2.404048540268908241e-01
-3.108164452863704241e-01
-3.618454714273940387e-01
7.784510383713590109e-02
3.520273057560107666e-01
2.319463025008186574e-01
-2.904684652595379557e-01
1.331434546852637291e-01
1.697088733362873136e-01
3.819488636154426686e-01
-1.652003928465005933e-01
-1.278826521540368799e-01
3.756986540074656045e-01
-6.403498257612992850e-01
-7.847597709294266977e-02
2.197953277157060903e-01
-1.995581452979366954e-01
2.075635609770926926e-01
-1.575710022563880652e-01
-7.425209675211640048e-02
-3.044386266432957955e-01
1.360957897451873788e-01
-1.131227664387841336e-01
1.272185637052449247e-01
4.448999974181819805e-01
-1.833293774609133162e-02
8.213304358270952232e-02
-3.078680646281294342e-01
-5.637224108829115565e-02
1.588894971121539990e-01
1.679781188880070109e-01
2.912969348553987037e-01
3.988402431764803691e-01
-1.938191629345511480e-01
3.530159074963643562e-01
6.390759751530211696e-02
1.934116586918697934e-03
-2.695911776290643713e-01
2.966134343567300435e-01
1.545678371510237625e-01
6.848702374197626064e-01
-3.609684706041023095e-01
2.010813025847770774e-01
-5.259442275637320474e-01
-4.274861639153942905e-01
-2.957219732804968748e-01
-8.459184604749961367e-02
5.939601959209983573e-02
-2.325424323303235674e-01
4.405556451080304137e-01
-1.097339131422728903e-01
3.248860067165804111e-01
-1.120602613024409278e-01
2.385629931264384718e-01
-3.473985916855191203e-01
2.824101142843004064e-01
2.100999685734922240e-01
2.063583899601774754e-02
-2.219590556523376446e-01
-2.080652068809808464e-01
-3.998715376628938500e-01
-3.676573260484146677e-01
1.263450600275727309e-01
3.482534989621337562e-01
-8.065569717215805706e-03
-3.323473397930412077e-01
-3.793742353018680902e-01
2.143921563634203775e-01
-7.453123335740938216e-02
2.552027645095692465e-01
-3.464568850642226749e-01
-2.377533645767390125e-01
1.079303415630592788e-01
2.095336836556749294e-01
-9.479510194114373900e-02
1.982095938439759619e-01
2.369314387943746436e-01
4.934103212918495851e-01
3.373210681704374436e-01
1.585485747010395852e-01
-8.519256015440751506e-02
3.097705586932313349e-01
-2.707870100285943438e-01
-2.111712869414717961e-02
-3.378460040642330409e-01
-3.407948998861594636e-01
-3.029791742635652985e-01
2.478494423081790132e-01
-2.171383066724692223e-01
2.194087761398242908e-01
-2.688948983378383062e-01
-2.810952052691109149e-01
-1.634806392113601903e-01
4.582165189084725920e-01
3.737186473471861281e-01
-4.918526566839157010e-01
1.122251983792960789e-01
3.037293704816353968e-01
-2.550350612208978837e-02
3.169645624610117896e-01
-6.749408009444377576e-01
1.619297439816254625e-01
-5.919212433054561462e-01
3.610950049852245103e-01
7.457422978693799553e-01
-4.337264341604886164e-01
2.039451528277356207e-01
-5.456772848749380511e-02
5.463875231177137692e-01
3.835111664313188284e-01
-3.458799960535853257e-01
1.250139654938599576e-01
4.378479007375056520e-03
-1.809265031381478428e-01
3.540820307699698022e-01
4.041420886241103849e-01
-4.313454268336636699e-01
2.571686597325816281e-01
-1.433515831175650179e-01
-3.264821065651447030e-01
-2.413047584772618770e-01
-4.319302350857069928e-01
-3.508115812281591417e-01
3.650699631538122381e-01
-4.625942603728034896e-01
-1.710624907599205824e-01
1.972449991898565791e-01
2.953113226406285652e-02
4.943528173103615975e-02
8.381344126692399921e-02
-2.115138032606236063e-01
-3.816968750184436543e-02
4.391749771424126592e-01
-1.771142979618135493e-01
-4.380788134067028494e-01
3.743488244584922825e-02
1.337024006064013448e-01
2.867834828040515260e-01
-2.913515712490485216e-02
-3.286863799937073671e-01
4.203170803797274813e-01
-3.827618328684958549e-01
-4.273925965520974923e-02
-3.546806743028947384e-01
5.003289488804711915e-01
-3.087820871837234638e-01
4.407839753212372536e-02
7.413512259669859106e-02
-7.943814124158934953e-02
-4.739149368248717353e-01
1.088661416728625431e-01
4.789428352182088511e-01
4.193814104649488672e-01
-6.404603549594434231e-01
-4.309556955211359952e-01
-3.417017066258382085e-01
-2.942757513436939157e-02
-6.618534108342939426e-01
-1.525550454597904282e-01
-5.953762644814730720e-01
2.554748206735077964e-01
1.886711099624931998e-01
-2.377227270052074681e-01
-1.810254163912151104e-01
-4.178228990673518717e-01
2.868757525062216596e-01
6.234538643749314435e-01
-1.762348792349138771e-01
-4.540569447777976358e-02
-3.047107709556653443e-01
1.367969044261286293e-01
2.376030622163688988e-01
-2.567229013225496084e-03
-1.835607697213827161e-01
1.989538506160376530e-01
3.567595775514963985e-01
2.202534408766892438e-01
5.907400345077260528e-01
1.775184941378537551e-01
1.799037193649486444e-01
4.043743425029852623e-01
1.883238469486770983e-01
2.833123117955405057e-01
1.668785132935975968e-01
3.820405872431974492e-01
-6.326921437462071918e-01
3.898728887656144337e-01
-1.069885897212737302e-01
