2.041513733767905125e-02
-5.697230388797362710e-02
1.239550712406948668e-01
3.743331729889285420e-01
2.061044923110548488e-01
-1.446396431243585079e-01
-5.062894300029584516e-01
6.812468685424525328e-01
-1.657503693627511709e-01
-2.778273482068159828e-01
8.787197977937807880e-02
2.476209183595952101e-01
5.706865778003735595e-02
5.102055900088077189e-01
2.783400636029662589e-01
-4.609921688772931625e-01
1.731236269777016723e-01
3.209937455412514851e-02
-2.864605569117782968e-01
9.811177843191729031e-02
-1.521885566405002388e-01
-3.933936665167526714e-01
2.451190194108566756e-01
-6.637014841811586519e-02
-4.631188732615875159e-01
1.175753110444351657e-01
-2.728950479130113349e-01
-3.168008842591197305e-01
7.671556070308702124e-02
1.665135562014279647e-01
-2.187138365781534644e-01
-1.190855033008913211e-01
-3.845601729250499451e-02
-2.699744325622134289e-01
-6.454391014185729691e-01
-1.542032325886797117e-01
5.079922162413135212e-01
-1.879007606541873918e-02
-2.479161343049010591e-01
1.465675219924974376e-02
-3.976873144020311446e-01
5.202295225989319594e-01
-2.450460493996675926e-01
7.340825633347088097e-02
-2.958347751286212746e-01
-2.487641291654683340e-01
-3.234847319117503672e-01
-2.491107282921278809e-01
-2.281691442254298596e-01
2.784182348438841714e-01
-3.034808437634712863e-01
2.828003444239888808e-01
4.826397315381370512e-01
3.481079377863627311e-04
1.557329458750387474e-01
2.251981007586222883e-01
5.288201163401254346e-02
3.604258137067881118e-01
2.185467385556272846e-01
4.370269180711554569e-01
1.447818615412613252e-01
-4.546216857083864582e-01
-1.556560212635115653e-02
-5.073720727939511344e-01
-4.207961615899782348e-01
4.091337682693092781e-02
-1.029276918934093760e-01
3.027731991817979307e-02
2.608910283944931852e-01
1.337648253679271371e-01
2.233884896660221775e-01
-2.217801712326692987e-01
-1.484444129625849679e-03
-7.008289527593398738e-01
2.832076715502898079e-01
-8.057792250571582660e-02
-1.547761533936534428e-01
-1.128712764955651926e-01
-5.428452575203814023e-02
-1.316060230548698473e-01
6.642591347814075231e-02
3.415805161458260741e-01
-2.480891966777265811e-01
2.039709826026561007e-02
3.195077630514137068e-01
-1.914251384673127387e-01
-1.410020325151109810e-01
-2.272320427748478477e-01
4.449714414820922226e-01
2.726009998506546683e-01
3.225110747302573078e-01
-4.068590205753303685e-02
1.841256561913334477e-01
-4.123043216318601767e-02
-2.667958595869490690e-01
2.662381047705653092e-01
-1.576544936725499668e-01
-4.338534111628919443e-01
7.868932860995178635e-02
2.427075128525651992e-01
-1.196788423740942631e-01
-1.894681452679547462e-01
3.513943670834702715e-01
2.286801998680861037e-02
-5.667541565373870327e-01
4.840521348248593148e-01
1.909749201974275667e-01
2.162066820030157932e-01
-2.177719614974993334e-01
-2.529342190047438321e-01
2.066371900197850123e-02
5.621741328429860629e-02
4.771045598576247743e-02
1.756579102355483868e-01
-1.646571047734468052e-01
1.399492877524074197e-01
4.180770907065585185e-01
-2.663905262578259991e-01
1.662001220654894529e-01
-3.620269115061925391e-01
1.715280535660907157e-01
2.651153425965208088e-01
-5.882099893138896529e-02
-8.726403282100061998e-02
2.023183486981421919e-01
-2.014981946650003519e-01
-2.912448392815691553e-02
-1.757225499731848994e-01
1.657684091999298004e-02
-3.757825143224453046e-01
1.428563248775186097e-02
-3.251913989857370124e-01
7.239862531996424377e-02
4.662185746094814620e-01
-4.236611606974015343e-02
2.503460396489191053e-01
1.313043037187130307e-02
1.503850915585829180e-02
-1.406190023332950789e-01
-2.248331464362629539e-01
-3.886008773881528544e-01
3.420259679752169629e-02
-3.906100367458751332e-01
-6.028919944646715656e-02
-4.041438629917495917e-02
2.075139431695027514e-01
3.062736505476107984e-01
-3.078379756747609552e-01
2.523942382319872557e-01
-3.791510035845324089e-01
2.336277413079373699e-01
-4.555073759358756469e-01
-4.561519434951458729e-01
-2.955525390206010378e-02
3.247574160370440555e-01
-2.023576675955481019e-02
-1.737456883744427083e-01
3.602519521789142032e-01
3.659429272067422911e-02
7.123660136639971274e-02
-3.571390229890338275e-01
3.585986637786856557e-01
-5.731237644450278834e-01
-1.937424467312119925e-01
3.865320797278552767e-02
-3.418230037498397045e-01
-3.489492265671636506e-01
-3.225923523956073513e-01
-2.954303154170978551e-01
8.446307611381285996e-03
-4.884765375229342954e-01
4.476847936910498954e-02
-2.453476358990512030e-01
4.616292696677224416e-01
9.831299816794131230e-02
-9.699542223470790370e-02
-6.805365858206899321e-02
-1.371497694110423160e-01
-3.541981530879654283e-01
5.718112402952110207e-01
3.387371320861952695e-01
1.811043835513532763e-01
-5.726166812399200445e-01
-1.440752887779264413e-01
1.610278742851644629e-01
-1.418772366582981836e-01
-5.991950287971099104e-02
5.911642026831906982e-01
-4.692344384357444859e-02
3.197935902184441126e-01
-2.391388970898016275e-01
-6.185441591436979802e-01
1.124940578388505669e-01
-5.024126485896007743e-01
3.134266240524431757e-02
-6.334589420066233378e-02
-2.043185669054309594e-01
2.826348717059548599e-01
-3.633703228392897167e-01
-2.186736038524336734e-01
1.633450625449693883e-01
2.956067828306482501e-02
-1.430831152466939815e-01
1.253129032409653620e-01
7.746706094379512963e-02
1.474642974009199858e-01
2.652876821145677688e-01
-9.321268358501678952e-02
-3.789372765180241132e-01
6.764789234528026940e-01
-7.741434063638245044e-01
-3.297677226381968696e-01
-8.679027714930975801e-02
3.818259372103413596e-01
2.471074724251934307e-02
4.673948287362386100e-01
-2.825924400851597129e-01
-3.284731076110446873e-02
4.787421928517433534e-01
-2.490343790229245236e-01
-5.416954925456657355e-02
1.012211170354197776e-01
3.034728387178752818e-01
-3.887684237725139158e-02
-1.013377839208925435e-01
-5.218272105565153751e-01
2.091362649288639464e-01
-4.042087231532519032e-01
1.517854895261959991e-01
2.631268973296356853e-02
-1.748945621516162507e-01
-4.911565292707634894e-02
1.843950725967980764e-01
1.761192100067210387e-01
-3.191949277367940319e-01
-1.861467864503927039e-01
3.107219165813594475e-01
-5.824665028522705429e-02
9.064993530861181759e-02
-8.119090323628744277e-02
3.165248530810506056e-01
4.414160047071966630e-01
2.702025732075166164e-01
5.247943300908500947e-02
-5.034643483366725292e-01
8.647066010381943002e-02
-4.031610237086269422e-01
3.128021769038397126e-01
-3.205971856959168864e-01
-2.615602359333997207e-01
-4.033473735645999314e-01
-4.172833567358814610e-01
-2.769413235576069221e-01
4.625808352978114657e-01
9.871133306921642259e-02
9.730691623436163451e-02
-5.631083264075968930e-01
5.973033498385935669e-01
1.931489592921860343e-01
-3.217359599886228105e-01
-2.902487230546581601e-02
2.559859517711158064e-03
-3.546332145505729505e-01
2.070018199558327013e-02
-9.848303171189309868e-02
