-1.500078451550348468e-01
-2.827049771539101863e-01
2.575672492328288654e-01
-9.449216028445739379e-02
1.636618230821697620e-02
-4.111004317910899597e-01
5.551534096122204276e-03
2.274268488702880786e-01
3.673973099779655471e-01
2.336190140353597844e-01
1.192164772975160165e-02
-2.076305012553916751e-01
8.101310815947637689e-02
8.809579812082175831e-02
-2.732871222045398785e-01
-1.231312205299466556e-01
2.048701700762152189e-01
-9.870089435111589760e-02
2.102764674857797167e-01
1.513957018709918834e-01
-1.677223019640534246e-02
1.047337722475238792e-01
1.419314993861218732e-01
-1.466359212534772971e-01
1.392325969066761648e-01
1.849530274335434155e-01
-9.511845401238346043e-02
-1.414949584521597026e-01
-2.622938759635628503e-01
-9.384114960432395069e-02
2.157906742112853660e-01
-6.341603415011053124e-02
-1.078227565892612462e-02
8.574631619885822453e-02
2.347462769887314893e-01
4.652813337813183070e-02
-6.689331336726542232e-02
-4.682604747074965712e-02
2.074242908187150930e-02
6.710774049798962082e-02
-2.002769682364005654e-01
-5.875645915802076846e-01
1.223213025342347604e-01
-2.000535492136479854e-01
-4.166186850307940226e-01
1.736298555427641666e-01
4.220881339626800927e-02
2.957620905514087850e-01
3.608496329559207072e-01
-1.300915046436478539e-01
1.408843684693430846e-02
-2.255917551474825589e-01
-1.029907953291140515e-01
-2.180474804465466487e-01
3.215097512594422557e-02
-2.900999756582546829e-01
1.734121602128053663e-01
1.028713318342853456e-01
-3.622783215300718895e-01
1.188509334111432780e-01
1.810972636357643939e-01
1.281652886725437868e-01
2.854174523093794269e-01
-8.666271635068811818e-02
-2.875376751702206080e-01
-3.769509951315597879e-02
1.016167215486492859e-01
2.378646906093052904e-01
-1.245145592442457039e-01
-1.408023674526009683e-01
-1.043902812425240439e-01
1.001878380768610466e-01
2.454598889602965239e-01
-7.688170493570656294e-02
3.697182797166474466e-01
1.190664988956950839e-02
-2.323169560226017172e-01
-2.651883691101871235e-02
3.501129379134435560e-01
-2.879575971312194893e-01
1.307247083417860944e-01
7.591421238705201024e-02
2.252938599811381837e-01
3.697997570558456820e-02
-3.712422063061587840e-01
-5.172338299100738557e-02
-1.411747469797736410e-01
-1.046107043333275588e-01
1.327408901721057743e-01
1.733992371765375462e-01
-3.649468320244821928e-01
2.030317036103790329e-02
-3.104806740475792859e-01
2.205995596310111606e-01
1.036980256511277898e-01
6.759766204681980084e-02
2.400005279843394068e-01
2.068464391806063007e-01
-1.701666015340168592e-01
6.981811224678901445e-03
-2.966309120980153424e-01
1.395393728318442550e-01
-1.237878587246479985e-02
2.971042714159992659e-01
-4.988970224508169904e-02
2.102881549645337078e-02
-1.407689391780346799e-01
1.635479203834088735e-01
2.357977967714588452e-01
1.250719070842673530e-01
2.100864357519627856e-01
-1.026753950120158076e-01
9.620365343595085883e-02
-1.018833560140278288e-01
-4.513926964710177070e-02
1.618084503005495778e-01
1.114243119644308250e-01
1.138955354974825196e-01
-8.876782953866570181e-02
2.001069703296635416e-01
-3.398304855216775777e-02
2.826040616143762341e-01
-7.859684236675922031e-02
-8.596540589988117820e-02
5.540459385446797058e-02
1.834372064220698550e-03
-1.184077167310343265e-01
-1.713062297835556413e-01
-1.095301077237365583e-01
1.890656806205642804e-01
-1.391598525094340788e-01
1.226051994712760163e-01
9.216525082173351174e-03
1.952490239562194030e-01
-1.145708574817686509e-01
1.217667279478953785e-01
-2.357674015583239580e-01
-2.244633562780098957e-01
-2.639082764211370113e-01
-1.286283970150718312e-02
-5.279815762204238816e-02
-3.940578325667073306e-02
-8.092699317106399892e-02
-1.040449356347177001e-01
6.433745101616978115e-03
-1.052839447558405195e-01
6.596888352398475042e-02
3.565858234214538958e-01
1.851194506253915906e-01
1.066288284903892103e-02
-8.654646969472370999e-02
-3.185592406601545079e-01
-2.083608717466963745e-01
-2.212568421497604354e-01
1.780351207889654397e-01
8.721104367881399311e-03
-2.298769665562553949e-04
-3.311259051040748025e-01
-3.465508293586028743e-01
-3.061676496009727716e-02
-1.624660770594123504e-01
-1.016877644883182746e-01
-1.312721307510564817e-01
1.183385586985775395e-01
7.558793032188587668e-02
-6.936202718323272731e-02
-1.127637261894905707e-01
-3.409649937648003004e-02
-3.372557546852017474e-01
1.488865909415311439e-01
-1.151704491895982896e-01
-5.078740793251136643e-02
-2.144948365320601957e-01
9.055960759654718695e-02
-2.512024355181744495e-01
-1.815480555161193277e-01
-1.011082647054174360e-01
-1.954819884350537940e-01
2.857512691755906969e-02
-6.186292668532231143e-02
-2.535672522415846064e-01
2.898624909304176739e-02
3.357713713255540133e-01
-1.980924911475449579e-01
-4.673326973468751311e-02
-1.660912291266040675e-01
-2.285829878620407873e-01
1.523851686906731520e-02
5.596387288897759077e-02
3.981192042009507048e-01
-2.485394067751783009e-01
-4.137456737419351049e-02
3.368338769438732339e-01
-1.078173573456024797e-01
-2.887819912314508741e-01
2.638678026888691130e-01
2.578901138751977795e-01
5.845578052240645028e-02
-6.318845787018104176e-02
-1.454458313251936752e-01
5.579089460092811342e-02
-9.852999854817721948e-02
2.038700246743785915e-01
-9.312892098073753677e-03
7.166757534792246587e-02
-1.731633813807163524e-01
-2.025775821081908790e-01
-4.101257050877941263e-02
6.384828129223391047e-02
-1.116502979148366152e-02
-4.222005914672350979e-01
2.777185068697138881e-01
2.714034183876376516e-01
3.183689266925490147e-01
1.151199671906137298e-02
2.370076068680650530e-02
-2.078245573338639574e-01
1.012284958239774157e-01
2.377238695959364989e-01
-9.072914121508005025e-02
4.300674491964513735e-02
-2.364905744152223654e-01
-4.158435463601070636e-02
-7.941996225589484371e-02
-3.201762482538086235e-02
2.302539224266111351e-01
-3.408927802962685716e-01
2.764544236361157759e-01
2.038015177546926848e-01
-1.979300595373817973e-01
-3.074762185703148742e-01
2.028705774048755184e-01
1.621471483150898341e-01
-3.755558361581427113e-03
6.015125567288502617e-02
-3.168574921471841721e-01
-2.865290755935960276e-01
-9.407136304899613166e-02
-5.236145204828302618e-02
-2.086991210440909683e-01
2.657647495753221456e-01
-3.415218424925772212e-01
-1.163045771876729528e-01
2.627520704219140635e-01
-4.194982373619239591e-02
-2.046495769118956698e-01
2.345421829582891027e-01
-1.683003391428304907e-01
1.792282308880719655e-01
1.883612369087776517e-01
-2.527835313831456876e-01
-2.786496751083842316e-01
2.960043176843824564e-01
1.194184473404707458e-01
2.045545345180235786e-01
-2.295202611698342055e-01
1.207122690995404146e-01
-1.589239448622991602e-01
-3.326615102714212124e-01
-2.770935037912294202e-02
7.097791725852103939e-02
-2.009452905296403857e-01
-5.739021871458650781e-02
3.150839259218425614e-02
8.471599217825863393e-02
