-3.814627924551401428e-01
2.258347724511447496e-01
2.839688618255034047e-01
-7.101598647540484366e-02
3.997717460902997649e-02
2.149196445344200845e-01
3.963579630774988205e-01
-5.822494205151120816e-01
-2.583974618060985717e-01
2.590802468134809078e-01
3.420766570822156294e-02
-4.202638893601644554e-01
3.740054788922454465e-01
-3.820866786070221122e-01
1.010144768882958594e-01
3.920706424187139078e-02
5.177400286149147490e-01
-3.064691965960945064e-01
-5.921453051935614553e-01
4.573267007361412895e-01
2.598243223522074541e-02
-3.247094293217580585e-01
-1.592946447623339867e-01
-3.619024662662174707e-01
4.328583794298943577e-01
-3.498230820770936722e-01
1.142701223019235574e-01
-5.447862917391288473e-01
-1.135400530999850777e-01
6.542678645534020232e-01
2.067581564590883492e-01
-6.893005518570688439e-01
1.719252320097553188e-01
1.393908750145715636e-02
-3.761787071557091688e-01
-1.603658516178899096e-01
2.221665490164699552e-02
-4.657041964738040107e-01
2.885115780407939701e-01
7.416028674804560072e-01
3.501015146641163756e-01
-2.418656844219460311e-01
-3.113335913418471268e-01
-8.363266385002346426e-02
3.687096245284007257e-01
-2.503927783725514722e-01
-1.564887253802713096e-01
8.031343452254018356e-01
-4.129222145988596937e-01
6.146271757967769478e-01
1.730367580848627962e-01
1.628329476179792290e-01
7.033137636960027361e-01
-2.125019755137419475e-01
3.626151477941075285e-01
3.172347130232369000e-02
-1.093242391008515842e-02
5.325678072898363258e-01
-4.149207645650335868e-02
-1.597372983525768009e-01
-3.008997876130155014e-01
-1.382419737962208572e-01
7.302170036616165150e-02
-3.649975319155575049e-01
-2.357136557906081842e-01
-1.117356697194153980e-01
-3.407984927323532420e-01
-4.963860405286980582e-01
5.258430584667020957e-01
2.073712345657597461e-02
-7.082775927899249702e-01
-5.788064231479339572e-01
4.929911076674606818e-01
1.585793814939433499e-01
-2.516174355944577057e-01
5.914550005045398073e-01
-2.927041838514814476e-01
-3.550854048860567769e-01
-4.744169982326429391e-01
-3.520649785814249366e-01
2.484804998652315883e-02
-1.642199268646222371e-02
-4.127596346131087029e-02
-5.801081380946017385e-02
7.665308006307428590e-01
-2.809696956270635870e-01
1.012559458154560776e-01
3.083572389790779633e-01
-6.510124920478041477e-02
-2.769936741044161654e-01
4.729725001078083357e-01
-3.007422009975782018e-01
-3.980767424538880217e-01
9.692717758048793875e-02
-1.530052372440539876e-01
-5.539661929552502917e-02
2.966470399393117061e-02
3.729790341064913306e-02
-2.574235812296186143e-01
7.831591280133811672e-01
-4.549832370381786673e-01
2.997094863720036750e-01
-1.970956232429980914e-02
9.653214872578530503e-02
-5.418949171320681657e-01
-4.619549899203216903e-01
3.339293995743216059e-01
-2.707776484472710354e-01
-3.888196789148933297e-01
9.589541804192087959e-02
-2.461048351670619971e-01
-3.732839906264461272e-01
9.451907853523565384e-02
4.684273940516231471e-02
2.854346466354725775e-01
-1.867170563430860242e-02
3.059544250028474188e-01
1.644301873274257308e-01
2.762445576648542636e-02
4.711380292105994683e-02
6.286647707160340770e-02
-3.209014231641841297e-01
-5.531635599152178173e-01
1.745179624739015209e-02
5.144937163480134412e-01
-2.611133944243446137e-01
3.794210444493612000e-02
4.639254727509873888e-01
-3.471595124107516583e-01
3.863150145195514140e-01
-7.041102457432427131e-02
3.787770625127128699e-01
9.046744675209247855e-02
-3.935228031084782030e-01
1.345132053598320221e-01
2.725076759058616682e-01
-3.887443397747092910e-01
2.368981902930370476e-01
-4.511662551530293275e-01
-4.783615969028763848e-01
9.068649342592352558e-02
2.439566882108456722e-02
1.937815662214534274e-02
-5.816147214209498040e-02
-3.917628877753147332e-02
-2.274355436383028450e-02
2.241229423092725437e-01
1.359786077119373160e-01
1.897462431847515563e-01
3.731403275829784372e-01
3.269878852741038289e-01
5.772910619248594610e-01
5.572319675052421484e-02
2.305818437253847331e-01
1.088049272440920201e-01
6.266149245247960575e-01
1.973496369690829200e-01
7.495511932160692226e-02
-5.174113762394520755e-02
-3.103087269605313558e-01
-3.781481626587197137e-02
-7.883689687954478220e-01
3.099066827596891338e-01
-1.421434687768283744e-01
-3.438941217007140255e-02
-2.236743941786823453e-01
-1.484583732904779796e-01
-5.799722022212555617e-02
4.273125513206882387e-01
-2.923116603993120011e-01
-2.497510383211293955e-03
2.578200280518007093e-01
1.230230631814300049e-02
3.721126833316626970e-01
-5.956991391991663942e-01
-1.339114253934577947e-01
6.147040451755046014e-04
-4.043054009580429597e-01
-1.514617454745600944e-01
2.446935418179998489e-01
-2.383746619153194468e-01
6.341649313267867794e-02
1.279481464221430553e-01
-3.760362020259923610e-01
2.109079347517212599e-01
4.943164376252707770e-01
3.066689600872989363e-01
-7.604463434322112914e-01
-5.901859512882316749e-02
7.032366769452594313e-02
6.541181416746458810e-01
-3.314446910649490041e-01
1.134845008009496142e-01
3.346489018075092248e-01
-4.612908908887777271e-01
3.102015465328811228e-01
-5.801857049283680734e-01
-2.679938940986221763e-01
1.449559627379957798e-02
-1.533495072363887379e-01
-3.848335384649341773e-01
2.635235132851870277e-01
-1.146090501491758840e-01
-3.250625846784657158e-01
-5.060147716098339910e-02
-2.168361905814252810e-01
5.357907770026938410e-01
6.367966641551401352e-01
-1.476457312217674747e-02
5.042236491346492322e-01
6.353755573631711395e-02
5.998169327680198393e-01
-3.539637420148956659e-01
2.603680396422765331e-02
4.414771129624772694e-01
-3.431122873597426959e-01
-1.334036574664219654e-01
6.866461794093214888e-01
9.642629879199524079e-02
-1.102959519488274226e-01
6.374930624303226743e-04
-6.250510745471574148e-02
-3.826807350516722717e-02
-4.365214767680418162e-01
1.818101072953438313e-01
6.712372583585379804e-02
-8.324290285044746440e-01
-8.449602744796939902e-03
-2.643562859359792072e-01
2.731500023327698701e-02
-6.990993914956864508e-01
-1.892897810422922156e-01
-2.761761343597927132e-01
3.826865364114743762e-01
-5.006102640572573925e-02
-2.803672549377588252e-01
4.618417624799978777e-02
-3.447684780687658435e-02
3.727577321023904933e-01
-3.353256445177082989e-01
4.315197861765567300e-01
-5.291578691862800637e-02
-1.550238007754560499e-02
-3.463891007566841651e-01
1.406529386014305771e-01
-7.760917162275030035e-02
-1.949499612792129355e-01
1.449110542373051591e-01
5.739334317665154561e-01
-2.558364810439036630e-01
5.335228179692506900e-02
-4.773714838210378897e-01
-4.870608518415809884e-01
-4.722654943648276205e-01
-2.000692279782462224e-01
-1.283653531528540503e-01
1.240661640813061906e-01
4.899370147991509161e-01
-1.353601416274099467e-01
5.292229130875051313e-01
-3.653952145760543946e-01
-2.904782085939031644e-01
1.989713600487484912e-01
2.425488543402182229e-01
-1.629830391673281753e-01
