-5.758450041143413634e-01
3.238408377104380620e-02
-4.151720315987169618e-01
-1.887383567111186600e-01
4.265335123366781334e-02
-1.175487381276355547e-01
-2.743684820685777792e-01
2.674680834685437825e-01
1.895742663814360962e-01
-1.630602006707292384e-01
4.488665992550526229e-01
-4.115211594292855074e-02
2.917973989147042840e-02
2.528408428282101772e-01
-9.806463067348175633e-02
-3.088762462993384084e-01
-3.690401769736477433e-02
4.008457807620001423e-02
-1.784561283100490059e-02
-5.877415775531494857e-01
6.407906363987863063e-01
4.761315848971017783e-01
4.694968496545988135e-01
-5.427475487087292383e-02
4.728099194229132829e-01
1.120810923945132348e-01
-2.513593407146190728e-01
-3.424048761067511326e-01
4.680329009455521105e-01
4.399378201864081461e-01
-3.520171668681127963e-01
-2.772454056951164092e-01
-1.941764041100318139e-01
-5.652565633801205358e-01
-1.090876182618034235e-02
-8.284901020460057330e-02
-1.083915716867153156e-01
-1.142424677000854483e-01
-4.060718381028407403e-02
3.692535019355278059e-01
2.296374029621459090e-01
-3.541036020113356303e-02
2.574611108204103438e-01
2.255393692660460636e-01
-2.812567070175544526e-01
-3.456085294192816626e-01
2.559071416437285196e-01
5.909882697766981607e-01
4.906734996919134839e-01
-1.090207741120196444e-01
-5.040862538081816169e-01
5.918943108855995172e-02
-3.632928931739880518e-01
-2.524070497509051658e-01
-3.149709172664326429e-02
3.153231704395361712e-01
-5.249955982759226814e-01
2.151650732634224905e-01
-2.789275455425619388e-01
4.040969858961630107e-02
1.917669057333595273e-01
-2.366193122331362586e-01
-2.666666042816974169e-01
4.102479884957228873e-02
2.618249578967287716e-01
3.917978370627227536e-01
-4.212281353713656085e-01
5.275361502700841587e-01
2.165037233290140750e-01
-3.527806285023067645e-02
-1.520328851473007337e-01
-2.561025400328679202e-01
-1.352802913370402746e-02
-1.810067210727521192e-01
2.490978126716981295e-02
2.820127423671577732e-02
-7.832184496269781193e-02
5.440051716541322024e-01
-4.383616026560802625e-01
1.850405188823607550e-02
-3.847194852114398378e-01
-7.471952260423715686e-02
-5.183775584363197186e-01
-3.395598307678094341e-01
-5.824967962821150924e-02
1.763722327453129957e-01
4.454197084978177290e-02
-2.163631054840868262e-01
9.528438309333925327e-02
-1.213915247639747175e-01
6.425269271594787890e-01
-2.939666344455808544e-01
-3.155184425087089739e-01
1.417332184967558528e-01
5.275747619242092679e-01
5.318156535223581005e-02
3.615693951653189409e-01
3.191283271599463234e-01
2.910000904918621512e-01
-1.340395765482334522e-01
-4.874247496856090045e-01
1.745753455384128072e-01
-3.186384790780619758e-01
3.384339222831098115e-01
4.095325081178908394e-02
-6.202655937403617203e-01
3.885638154773436437e-01
-1.319127977029518339e-01
1.815591537772417441e-01
2.569823357829509325e-01
4.604031798511121903e-02
-2.268946837627845436e-01
-2.090949471456593767e-01
-5.724042343671623123e-02
-4.444780962588861239e-01
8.016465289822566342e-02
1.957566478147836075e-01
2.543495874052449923e-01
1.042368585041961171e-01
5.632296654209207470e-02
3.446632700299271379e-01
4.641112892349587987e-02
3.875999654227640923e-01
-1.563281915802760148e-03
1.559480413634489193e-01
3.894295320075585876e-01
2.393173267021809214e-01
-7.365708403609003141e-02
2.744187717997134332e-02
5.213483424305068170e-03
2.593508404303864201e-01
-3.837886842908674878e-01
2.993251285133741724e-01
7.641734796177168665e-01
-4.529383906793865017e-02
-5.811998337501865508e-02
4.792669859229621576e-02
-3.848814542584721304e-02
-2.414775326267200040e-01
-5.120073091140917021e-02
9.854006758145206560e-03
2.160631070342424742e-01
-5.569577532167913070e-01
4.886532253647526414e-01
1.840068771323111751e-01
-3.270131917706814995e-01
-2.142582124454621428e-01
2.171877461517710550e-01
1.907281623068629028e-01
3.553110321270471217e-01
2.365744566744790167e-01
-2.090170723859284541e-02
6.831732176519117461e-02
-1.339314385978062072e-01
3.935643497594575324e-01
3.004533901388344308e-01
-2.315751422898735812e-01
4.578899816668287048e-01
-1.942934700147813665e-01
2.457316138281063767e-01
7.268739060666691565e-02
5.720275631472386824e-01
-4.686196400886483149e-01
-3.068359085072156489e-01
6.723749107352701426e-02
3.969735045099107018e-01
6.433629315985364694e-02
-2.929630565758919447e-01
-4.149542185677962403e-01
-3.443554486818554139e-01
1.728003930557867052e-01
1.719943926453957050e-01
-2.781089166013757108e-01
-5.095059392407367410e-02
1.042070251644814510e-01
6.902525845011268923e-03
-3.873438594864673790e-01
2.734964316421094055e-01
-2.222708534075840681e-01
-1.078226136743823740e-02
5.818581008214898098e-01
7.238924275442555623e-02
-1.887785912888222950e-01
-6.168482486958211108e-01
1.290783016546772077e-01
-2.582847341343064151e-01
-4.272230837363982792e-02
4.402617998732342164e-01
5.769970443800593873e-01
-1.539827690510439662e-01
-1.353626726868853714e-01
-5.726365682186478345e-01
9.364511812956513581e-02
5.704985014538981325e-01
3.145817688168103254e-01
2.166543630677106314e-01
6.234552517279657868e-01
1.300907248868647392e-01
-9.649944215066663666e-02
4.401900229322695535e-01
-2.553841637053602676e-01
-1.344026959770737162e-01
9.064061136216126913e-02
-2.046696775724006212e-01
4.414873661741023358e-01
-3.210358124306737504e-01
3.490031993186329951e-01
7.874276161160122245e-02
-3.363148419818173807e-01
-4.212990501255257092e-01
-6.259818770903133878e-01
-6.586925003620673902e-01
-8.725150948242294674e-03
-1.351828967225617295e-01
5.057339923369936763e-01
-1.910138848820211177e-01
-8.301229631292224298e-02
-1.413954336131798550e-01
1.297103966887072635e-01
-6.252621923618634225e-02
-1.012742597193911909e-01
-3.982385677365947729e-01
4.459167185801126698e-01
2.785159922059424753e-01
-2.506230153168831354e-01
3.827484309919330085e-01
-3.502488191065737944e-01
-3.968674176907177609e-01
2.048305494106804070e-01
-4.624818068524642889e-02
-2.879576713673066557e-01
5.122078555071056805e-01
-2.718259753621828922e-01
3.326878576337180538e-01
6.039952945091254799e-01
-5.565329043611559889e-01
-2.497909099813092754e-02
3.148683861295216435e-02
4.409088260536118131e-01
-5.993108198825543020e-01
4.787374289733696830e-01
6.758026966904706612e-02
-3.644467539705156245e-01
2.347319369553248214e-01
-7.888515400526305288e-02
-3.376610665393829924e-01
5.964726009214720293e-01
5.605390965637719880e-01
-3.379189599128018529e-01
4.729345151709300754e-02
1.664235964803078838e-01
-4.663538835761398826e-01
1.465931036480865035e-01
4.577420350252234815e-01
1.420231883428572095e-01
8.770882488311999847e-02
-2.177005683703902017e-01
4.086374382386953608e-01
-2.827200603550355032e-02
-7.052899578803931147e-02
-4.601327617643498624e-01
7.243525762341329610e-02
1.111759744834747016e-01
-2.922195226220086067e-02
-2.753966460660557392e-01
