2.860254507631973531e-02
1.354491004333807369e-01
-1.287559048571838005e-01
2.024414236130399058e-01
-9.705693782999252894e-02
3.234119351496079764e-01
1.470745409448073054e-02
-1.191701388397635800e-02
-4.395888946676061726e-02
-1.262200275378952408e-01
3.941740257154245364e-01
-2.242527553465101242e-01
1.762282050675073042e-01
-2.286139640567916853e-01
2.652769106131626017e-02
-1.595161005523663689e-01
1.462065292677489081e-02
5.196881089475096083e-01
8.500273463968512078e-02
3.368448647910646798e-01
-2.110770561019552072e-01
4.151087627193873475e-01
-2.388437199925068921e-01
1.494434386367159140e-01
4.205756547992361982e-01
-9.967289683118819854e-02
-1.085277840927412057e-01
-8.823726263980784246e-02
4.249585658855188353e-01
-3.088951721307144904e-01
3.692865815563398657e-01
-6.461751558590585198e-03
-6.077772961787031997e-02
3.041442006454095903e-01
1.676019310395183703e-01
-1.679130060775564370e-01
6.894917270046825586e-02
1.660107950445643965e-01
-2.958477535131746050e-01
-3.761370992151719106e-02
8.572700762947119135e-02
2.478716840141703681e-01
-4.829410004516715427e-02
9.248393592821571585e-02
-1.870711118786763383e-01
-1.829439455443272466e-01
1.913707241749882937e-01
-5.024346616761061757e-01
2.312749938278883463e-02
4.201066129413641437e-02
-3.902411697642516053e-01
1.281927612480717737e-01
-2.692765422677447229e-01
1.580391113555437987e-01
2.544806779625604642e-01
-2.732042341448666090e-01
3.093572616868829894e-01
1.947856338108402141e-01
-4.968687717835412743e-02
-9.924926753109186706e-03
5.536122250779110243e-02
1.414853419850730654e-01
-8.997783921331959159e-03
-2.766585930439131522e-02
-4.034437247126995696e-01
1.281638274651206166e-01
2.644152835990586370e-01
-3.263820591648852742e-02
-5.148557473059753864e-01
-7.037645056621805173e-02
-1.101497161357126164e-02
1.593391170931360290e-02
1.163516698590173482e-01
3.365802834959717715e-02
2.404540852438848964e-01
1.975136945731887916e-01
2.861256542042308129e-02
2.924353645160257878e-03
-3.385356231090920209e-01
1.143728380035644310e-01
5.246482153963072381e-01
6.729779398506516297e-02
-2.635333904065515487e-01
-6.200671043734781729e-02
-3.823716541391644075e-01
-1.504448430350036614e-01
-2.254454800325392250e-01
1.748296179270907857e-01
2.743857776697825740e-02
-2.406042975699376751e-02
3.824484627151477634e-01
1.306894435461367077e-01
3.561777917528292405e-03
1.760664988508601038e-03
1.241193405421247425e-01
2.110818718885496825e-01
5.639127891952198934e-02
-5.544190120815361417e-02
-1.885588959692988120e-01
1.740508639632671328e-01
-3.118724346060066654e-01
3.640695055339426278e-01
-1.087510875482129435e-01
-2.307296366391035913e-01
7.068205260165817683e-02
-2.244403631889184125e-01
1.431260376319321570e-01
9.209451141508878669e-02
1.929656697860775427e-01
-1.824578608613536268e-01
-6.102269129631122668e-01
4.734368504662643529e-02
2.023713879953485395e-01
9.119240984964419039e-02
-4.921095792107780392e-02
1.287834125147412911e-01
4.454264318955820645e-01
-1.466133070686386278e-02
-2.807949953447572838e-02
-5.420545138862875589e-01
-5.054609617017016276e-01
-9.150055433909001779e-02
2.098486108003032868e-01
-2.162311576556338322e-01
2.773146392633117907e-01
-8.611747961327115286e-02
2.102615809068673625e-01
-2.873669629588768704e-01
3.606744055313768627e-01
-2.035782518512228023e-01
-3.260237541238744652e-01
8.984594683011916383e-02
-2.703663399008185975e-01
2.220636705970611691e-01
-2.564708486752192984e-02
2.117001583729942737e-01
1.225794411077243129e-01
-2.680185302883307807e-01
2.695364314944831419e-02
-8.962567838478803506e-02
3.664583980424273579e-01
-4.521788565151756423e-01
-2.560166348463498442e-01
1.695758933829448756e-01
-7.152722045373896553e-02
-2.458817313427729134e-01
5.722931629714293755e-02
-4.293621440502968234e-01
-6.937962322772937840e-02
9.826258877811859527e-02
-2.795402642597760723e-01
-1.791843912858176457e-01
-1.994421264703984675e-01
-2.983305333627978007e-01
-3.662826448278392322e-01
-7.229885963963905704e-02
-6.275665308525767150e-02
-3.139258756674409567e-01
1.076217192895315977e-01
4.822850150374079214e-02
1.216109523603124340e-02
-1.691912728088668799e-02
1.761472836653668328e-01
1.470702769158047929e-01
7.866777906762462136e-03
-1.498479273400585565e-01
-1.489104500821043509e-01
-2.020985327113934971e-01
1.260809950081863418e-01
5.189812116483150106e-01
-6.236598574542030760e-02
-1.624235193709538949e-01
2.486262619563627679e-02
1.003651359819965894e-01
1.960397152477402205e-01
-4.280302307118627470e-02
-9.475866538701471775e-02
-5.240811932207991575e-01
1.982442950636709722e-01
1.752759866202057704e-01
-1.991454047656748272e-01
-6.206107815386655013e-02
-1.473789849275142227e-01
1.993057909865550981e-01
-1.963363487129952678e-01
-2.700180833340176667e-01
2.074608896350295106e-01
-2.151805319274131129e-02
2.406733425348219768e-01
-2.284700523074917888e-01
1.376050722633691270e-01
-1.525090785780444380e-01
-3.291264529762700786e-01
-3.250908367394726994e-01
-3.381893750812882127e-01
1.310881493088537630e-01
-3.169526179697902402e-01
1.391319736808497437e-02
9.288686233671675230e-02
3.021226372883844408e-02
1.981369855057296125e-01
1.298309534456947544e-03
-3.149662472819062531e-01
-1.665400873905518442e-01
-1.559828248776627124e-01
9.491662384685192744e-02
-1.424697187384029676e-03
-3.053918781821671757e-01
-8.762344132487247250e-02
-4.132032056208215925e-03
-3.616059244659895755e-02
-3.973290377635736031e-02
-3.008018164028150032e-01
6.171714860246937384e-01
-3.229098695143528541e-01
-3.042766375727354745e-03
4.579081866135339962e-01
-1.292361949342863692e-01
9.021782549411386243e-02
9.068677446311584900e-02
-6.250123338189536581e-02
3.736992968725202924e-01
-2.689498508978224178e-01
-7.000900995822093020e-02
-3.168576669961810088e-01
-3.582308489011547525e-01
-9.942468372142019770e-03
3.032090783297036046e-02
2.401697435636152289e-01
2.658310355300218530e-01
2.360894150183445728e-01
-3.021374121936515854e-03
3.928799285140590625e-01
1.080639139366626061e-01
-1.252896262923108572e-01
-4.548368008200016632e-01
3.130874770710025956e-01
-5.092839016054345053e-02
-6.737013952184256471e-02
-8.644159884231533697e-02
-3.125824869729754152e-01
-1.162923810204063574e-01
3.884303496974026437e-01
2.352521524102655845e-02
3.095140424224276932e-01
-4.378592907005434132e-01
-2.023800356522247601e-01
-1.484303891595928626e-01
3.228842033425551317e-01
-3.515191986353575215e-01
-9.048871502117113164e-02
-5.427814167044744398e-01
-1.209636824090827151e-01
2.015235449272986257e-01
1.531931485040974872e-01
-6.436588463316562647e-01
-6.589173579923565671e-02
-2.613586013709276457e-01
2.200701730983872784e-02
7.182427798790855245e-02
2.159819618898337623e-01
-2.467090149385359199e-01
-3.461982774812929348e-02
1.002315779757138696e-02
6.240420959106263155e-01
