-2.020357831664458814e-01
-1.208051437229312186e-01
-1.943460498504991363e-01
1.668088416088326920e-01
-9.201888330843924213e-02
-3.122260380758962728e-01
-4.891690786490428960e-02
6.226024618478313843e-02
-5.009319396075651021e-02
2.469567815440854019e-01
1.483925480309833747e-02
1.304907383660336984e-01
-2.998258497868749872e-01
2.164490897160068622e-02
-1.250133973056520575e-01
-1.821888393747339019e-01
4.574673046950239290e-03
1.578487858961992729e-01
1.307263775727776911e-01
6.121562355642568010e-02
-1.011961622962929616e-02
3.689617122746173261e-01
5.921935397896861408e-01
1.986943379879942129e-02
9.849237385175216297e-02
-1.252246719389542295e-01
-3.377110493733039703e-02
-3.003086595406821713e-02
-3.088137061138904738e-01
2.342061937455082177e-01
2.438658238091532260e-01
-1.643012869680172405e-01
1.069528082403522207e-01
4.051945234346845393e-01
-1.078616436161571879e-01
-2.111159151815724666e-01
3.010356544390092592e-01
3.983612640636525204e-01
1.508322135003502436e-02
1.727819040461907041e-01
-2.381264968568650997e-01
-2.327826860549974952e-01
-1.606850893344362596e-01
-2.479013867014832340e-01
2.035555480889283952e-01
3.234444426487322333e-01
9.777649734065610443e-02
2.762941735835420243e-01
4.044407306925673629e-02
-3.699651869519289538e-02
2.807252583560831960e-01
-6.084950748313727731e-02
1.324870783286200282e-01
-3.291940389756973229e-01
-2.837104846625844723e-01
-8.663376862751717700e-02
3.055262189389380129e-02
2.188568455692678771e-01
-4.880187522690666024e-01
1.527553487892888417e-01
2.566582715163360784e-01
-1.592909153211903850e-01
3.085106003593247603e-01
1.629682283964563605e-01
-4.133892356748475883e-01
-1.289457510117362204e-01
-1.119881583313996065e-01
3.589486248028486148e-01
-2.332588184490519412e-01
1.920074406547852275e-01
-4.626883891858861730e-01
1.112337890407052998e-02
-3.587067605362179723e-01
9.875767133501106576e-02
-3.645603123475884000e-01
-1.915272350719340877e-01
1.256464875927621738e-01
-5.417333157908219010e-02
-1.970487086039642288e-01
3.377905715432464873e-01
6.566194890224646974e-02
1.127457179533307707e-01
9.142803862731146980e-02
-1.514047611731791088e-01
2.312118617379694818e-01
1.274552939539884064e-02
-5.479995917867962196e-02
9.182763302281734402e-03
-2.332552917635339895e-01
1.165803247628080797e-01
-2.030293089773666793e-01
-2.800460234143688498e-01
-1.552514357600640049e-01
-1.307897964243731614e-01
-3.234169727810404238e-01
1.008095571972367488e-01
-2.801381037713284589e-02
-1.892053436925256460e-01
-2.099176700767192705e-01
1.532737457555395366e-01
7.025957387899740836e-02
2.834255198238062046e-01
-2.037048431215197075e-01
5.404175517651713806e-02
-1.261625249243287714e-02
5.126326749204215133e-02
-2.462931258150360125e-01
1.179623683517405930e-01
2.030689399734459388e-01
5.254805860938831230e-02
1.219476904421372965e-01
-1.413349835736040228e-01
2.313936715281499079e-01
8.614845202507961930e-02
2.736561096554513961e-01
1.894977195572825623e-01
-4.596276137427891123e-02
2.011505077696921773e-01
-1.647862975080666426e-01
3.344531596280753138e-01
-1.021499969531059065e-01
-4.496810513473862847e-01
1.403589531806586632e-01
2.052151935426059226e-01
4.692204509372359389e-02
-2.196071277370397201e-01
1.582488941978925645e-01
-2.365170462585587385e-01
-4.339539438611002276e-02
3.477817798293399848e-02
7.033312278987770283e-02
-2.520747329155447747e-01
-3.906076987843919157e-02
-2.032970549917575143e-01
-1.942141671272027692e-01
1.125935309482148233e-01
1.125383702006881384e-02
3.196338869430503382e-01
-3.192230940819855700e-01
-1.338102906775754108e-01
2.015404823653639266e-01
2.013332302000157836e-01
1.963997828332624818e-01
-2.203087665804900341e-01
-9.055924508214487079e-02
-1.292037566651466074e-01
2.715932239682519733e-01
4.138981755689810083e-01
-3.449303580002981429e-01
8.000285325761167382e-03
-1.847473163356259107e-01
-7.407417544383484986e-02
-6.928389700783144090e-02
-6.858223993748109593e-02
2.851937028626174708e-01
-1.524776290014192778e-02
-1.692975276542820207e-01
-1.817155977020792901e-01
2.114127892864416797e-02
-2.499996181299543041e-01
-4.119649543799360214e-01
1.210943836702500637e-01
3.910181957497952387e-01
-1.285745141780945400e-01
1.838934581802882662e-02
-1.433291905516744513e-01
3.455936155640917384e-01
6.113053790340076954e-02
3.477420454619351009e-01
-2.225439635433661412e-01
4.093060717740258370e-01
-7.538510173908827272e-02
1.151691079910518584e-01
3.989276940349070766e-02
-2.232155300518809671e-01
-1.175592028530377531e-01
-8.310031125757116888e-02
-4.946964252767206416e-01
-2.365960704648414348e-01
-5.059310314824441157e-01
-1.164095979432141700e-02
-7.472802649031770605e-02
-1.173030805797629916e-02
3.238714423580995594e-01
-4.790977161991353261e-01
3.031056010035339948e-02
2.761938732064476640e-02
-8.410689931435672007e-02
8.255069146525272072e-02
-1.798843885545598209e-01
1.856833982418963636e-01
3.271501057830082937e-01
-2.069819645265837116e-01
-5.271604504363092136e-02
3.647271245068479661e-01
2.132514215330362783e-01
-9.479759010057550728e-02
-7.481252510240839204e-02
1.877877027512205865e-01
5.203291726411283236e-01
1.719222314130662566e-01
1.178564024594647985e-01
4.700893919224889694e-02
3.404435493858757322e-01
-2.963691895933104892e-01
-1.375923261572667422e-01
2.160976347414657328e-02
-1.749770855603434705e-01
1.393773965255255820e-01
1.828199187777863888e-01
-2.929118727936302902e-01
-1.802019625014231186e-01
4.348587244699816390e-01
3.383896921958192694e-01
-5.296709892272850884e-02
-2.244181083247505648e-01
-7.015579163983079458e-02
2.622439879016503772e-01
1.165262744572228282e-01
2.477791426010539366e-01
-1.911200086159726697e-01
-1.098206062811864225e-01
-3.599830830098905143e-01
3.283038762971159791e-02
8.724194478438332401e-02
-4.090436439541396685e-01
-7.585551879819996124e-02
-1.796798138219309338e-01
2.249937985629729964e-01
-2.871894608583785979e-01
-2.164636108843308593e-01
-3.552270211355802454e-01
-1.310694599703305097e-01
3.349927807251359413e-01
1.057108612056323477e-01
-2.072970529234327841e-01
-6.166907098994089953e-01
1.829593656451397599e-01
-5.183589732107261039e-01
-2.424921333952265168e-01
-2.761467540663927744e-01
-1.259540942960320764e-01
4.031614211856920926e-01
-4.583473124858306047e-02
-7.391915176418240030e-02
-1.602581819066713764e-01
9.705144833207285382e-02
4.127333500076475481e-01
1.817640203638961061e-01
2.309375881873394418e-03
-3.467323604386808311e-01
-2.722754726699596617e-01
2.545436777690288643e-01
4.207898637063778313e-01
-3.686716597377019400e-01
-3.250268305833707849e-01
-2.423264916911154754e-01
-3.073678098876046483e-01
-3.780431175054916881e-01
2.392879759526520822e-01
3.548981545617450190e-02
-4.199486621112866747e-01
1.056737636785400614e-01
3.194981234738284437e-01
3.948952386494253286e-01
