2.089686847388502744e-01
1.326893421168023890e-02
-3.121334512349028256e-01
-5.174134828842296141e-01
-1.738467217502687734e-01
-1.276241578093952334e-01
3.843443786529275319e-01
4.845167903260506614e-01
2.043279437708055424e-01
-5.685738373407211999e-01
4.058307516762799105e-01
-2.947382462298019368e-01
-1.213363182328404677e-01
-1.057332016452715018e-01
-3.705011823530461879e-01
5.579947390334607515e-01
1.104114038471999959e-01
-6.664805895954695192e-02
-3.193092772928618484e-03
-6.856644998395305945e-02
4.159314011689071999e-01
1.655556016104653416e-02
-1.467214377088983945e-01
2.105499616261996554e-02
-1.127796912682061392e-01
-5.622260102589653474e-01
2.722498877965499609e-01
3.105090372137572219e-01
-3.953144767158219275e-01
-5.469867655536779782e-01
6.191035674933786925e-03
-2.934358746007214580e-01
2.212127922792272994e-02
3.743446781739107054e-01
1.210412800063230265e-01
-3.842971515428835194e-01
1.059204968912278444e-01
5.922559967991551932e-01
-2.638959675912527780e-02
2.768827886239622060e-02
-2.574432253686488314e-01
-1.621595013384638517e-01
5.381782195894757592e-01
-3.764659949959531238e-02
-2.309055237156872331e-01
-4.254710673264776033e-01
-1.658563994164867772e-01
7.932551630161538414e-02
-1.500307103852011048e-02
-9.786286530970705888e-02
-9.044797861678366413e-02
-3.009900454533613323e-01
-4.128582274485478876e-01
2.399521838682213692e-01
5.072764856072942141e-03
9.356094834295086704e-02
-3.440497317013589407e-01
1.317196093843202576e-01
1.294779688646955917e-01
8.033064440009296536e-02
1.868528264021664942e-01
1.994761855426521735e-01
-4.814732663374102217e-01
1.193578953017465638e-01
1.770628737351778170e-01
5.630112302353587062e-01
-2.770498389693617503e-01
-4.367824254625076730e-01
-6.598788322775737125e-01
-1.879872397710052878e-02
1.888254583270766451e-01
-6.543485323323472436e-02
1.740835436616181564e-01
3.769736055861563906e-01
-1.767860293104828173e-02
-1.758992151378320767e-01
2.268574090785915320e-01
-1.406767767586597495e-02
-3.054112678042182338e-01
-3.859305862890442529e-01
2.268062880868823572e-01
-2.857832865069406814e-01
6.620582736324265305e-02
-3.019879282629078787e-02
1.347198671603831444e-01
1.756458092638866764e-01
4.341616344976001463e-02
-3.032929360314803868e-01
2.515180837964122729e-01
-1.165857907993589349e-02
3.695932045545659017e-01
-3.250994724571450445e-01
-4.937349032240745395e-04
-2.198521964876581358e-01
1.466775610152500908e-01
-1.284655800103770562e-01
-2.151788730952257644e-01
-1.368451710982287461e-01
-2.361527717506889390e-02
5.646171251721175954e-01
4.799360673769971775e-01
-2.923892730454664135e-01
2.358637397263829705e-02
4.644041201962684218e-02
-2.815450831551763455e-01
-2.762987307108298318e-01
-2.989509718105732294e-01
-3.707168666637256083e-02
6.118559170788504531e-01
-5.386596078849791303e-01
8.069574657944583729e-02
5.282261147862582495e-02
-8.659081156281195346e-02
3.465839797903218500e-01
4.814961942488704683e-03
-2.298820165099965118e-01
-1.588146680032059832e-02
-1.329922413385026259e-02
2.865351027975044929e-01
-3.225742693170016162e-01
-5.499271581105416029e-01
2.343868341913309949e-01
9.643492805590941908e-02
5.115811536398537918e-01
-2.467746796314292390e-01
-3.004862089634468547e-01
1.866384809476983597e-01
-5.492260701546354262e-01
-1.231098677700859789e-01
-3.252481348441552123e-01
1.869633591177563003e-01
1.823797308014512564e-01
1.539813074980223573e-01
-8.946818369062986553e-02
-1.308642019724987615e-01
-1.495529304785038205e-01
5.313020571178828089e-02
4.188814572352145826e-01
4.682538851927670054e-02
-1.219245358416870539e-01
8.270131542918868206e-02
5.520897488981346690e-01
2.531626699950805803e-01
4.484082933413567895e-01
-1.588573107622783809e-01
-2.153672656821098430e-01
2.955914715726514763e-01
6.427352704903549485e-02
-3.967070151085886343e-01
5.322918369662221760e-02
3.906638039756977210e-01
-2.330770897321224888e-01
-1.606670804340915026e-02
3.690285438391444073e-01
-3.667845694426243308e-01
5.419715066209029874e-02
-3.410143387599068876e-01
-8.298030103580317229e-02
-9.360592651711119316e-02
5.591669259025243699e-01
-2.375787880843076572e-01
-4.452326660313408735e-01
-1.670638224577539188e-01
-1.758254672545638275e-01
-1.647967123928072430e-01
1.676178286139264340e-01
2.146792713608883241e-01
1.112887858724615486e-01
-2.597713548777411674e-01
-4.120172026196253778e-01
1.661181560453374173e-01
7.834412687339848969e-01
2.932552066367327681e-02
2.277495478396444062e-01
5.241913208640511801e-01
1.730579650955785254e-01
2.654281799966651256e-02
-2.521532480070912685e-01
-2.427442508678696043e-01
2.309609489436624807e-01
1.360197731240772034e-01
-4.524350854269008071e-01
-6.612810378393857436e-02
5.110650461345154216e-01
-1.967842026283109225e-01
-3.323308047181708913e-01
8.354025855959246183e-02
1.950430329680071240e-01
-2.267006896267398375e-01
2.140491639953451264e-01
-2.723813895739033430e-01
-9.150312932907922470e-02
7.357471323592762458e-02
2.459892386836685096e-01
-1.360822983603911518e-01
-4.064412910213209829e-01
-3.429600316832355222e-01
7.988305015897758654e-01
4.685476943652611692e-01
-4.423294331011918268e-01
-1.954738635419450699e-02
6.266056564289496089e-02
7.532189764167469548e-01
4.317999421927598003e-01
-6.307785547101137924e-01
7.279485530268986482e-01
3.014347893029178937e-03
2.172275704809998320e-01
1.484513290996557489e-01
-2.992538089806467960e-01
3.664424576791619481e-02
-4.262761810259900197e-01
-9.468783376811751307e-02
-1.372466653985902618e-01
-3.456834260724023777e-01
-1.912327155237344978e-01
1.095645626569421438e-01
4.659904653942439356e-01
3.759890575335663176e-01
3.785045738908019985e-01
-6.804109808569007711e-01
-1.727975294426928321e-01
-2.085278536363241453e-01
-5.368430872019291922e-02
1.728828760190687097e-01
3.236470639624023371e-01
-5.793053511780532627e-01
8.538012563873237371e-02
-4.801577567265846169e-01
1.853259203486050111e-01
-2.134731859159745282e-01
1.703640464728504167e-01
-2.047824271562465048e-01
2.850120548069738913e-01
2.346882392868692158e-01
2.762522019751600943e-02
3.477803355390797768e-01
-2.477990753078947450e-01
-2.309187545717068524e-01
-5.285253906901732357e-02
-1.891067380382771557e-02
5.410634122741853069e-02
1.165604626961087020e-01
3.691705895462732423e-02
-1.895315610773966597e-01
-7.394734423720855654e-02
2.688495405138335848e-02
3.403040138853905550e-01
2.240692841864588281e-01
2.567864856560153619e-01
2.557546651191301423e-01
2.084578580066033804e-01
-4.936853331449671534e-01
1.591113240623301395e-01
1.506878465421191970e-01
1.208611004244606879e-01
-3.450223041655708922e-01
5.791137733433939783e-01
2.078648288386649168e-01
-2.235370787993968822e-01
-2.399864577681206645e-01
-2.372210702387558268e-01
-4.686157122124763319e-01
-2.016466199323372899e-01
1.117191002736399041e-01
