4.939062489002645218e-01
1.140908985318446756e-01
1.089619120976732542e-03
4.801150301777494800e-01
4.066737731214361551e-01
2.744758903102937353e-01
4.222133822669550396e-01
-2.981706650032448502e-01
-6.100884053737757329e-01
-2.560722616474276903e-01
3.236970288825926634e-01
6.601621726062285866e-02
4.945108981709065571e-02
4.356108162720368632e-02
7.072224750551436845e-01
1.705757354506295675e-01
-4.807752216100669163e-01
-4.241414742131048229e-03
7.493717736386615313e-02
4.626166174088859606e-02
8.371616125252787088e-02
-4.557783483843234063e-01
-3.486797102159772122e-01
-1.926642805246635559e-01
2.691058225156044426e-01
-1.198480984018253370e-01
3.111210447987107774e-01
4.378184289579235833e-02
-3.862236476968567978e-01
2.471384021554614771e-02
3.209413619675365870e-01
-3.392359916955939303e-01
1.390160097187227439e-01
-2.568184102020172332e-01
-5.602932747416575765e-01
-3.531340968384643064e-01
-4.607995036418789381e-01
2.956161837532803038e-01
5.470205327879572310e-02
-1.386032935445295489e-01
-1.519027007086751202e-01
-2.764795557947654081e-01
-4.546407382677861708e-01
2.569871923605632213e-01
8.595493121023524419e-02
-2.070894738863451046e-01
-2.445544382614120993e-01
-3.137811070638165667e-01
-3.505593027759402736e-01
1.434247701662110797e-01
4.475490207656619424e-01
-2.010870944702550234e-01
2.049472984565243461e-01
6.648686979249719686e-02
-6.073217813687529359e-02
2.280560946068413697e-01
3.253589287935385599e-01
-3.011612485553063490e-01
1.077395193074458524e-01
-2.524099957830467922e-01
-2.483052519505193900e-01
1.507478160469657158e-01
-5.580751726614014974e-01
2.337748053100718593e-01
5.386623681034828914e-01
-5.730764207301155405e-02
3.820242011536444937e-01
-4.350504100020931020e-01
2.574460629535993972e-01
-1.365010883906535855e-01
-4.396728745871136129e-02
4.245328212284271013e-02
-1.844493842289094132e-01
-1.094220396404155943e-02
7.439445865706195140e-04
-1.508056699289566371e-01
-2.767906827454293395e-01
-3.982239300596594478e-01
1.005116727920693231e-01
6.081976499276411374e-01
1.214662483254491578e-03
4.649467093260422068e-01
5.994452789127824310e-01
-2.964534738751200549e-01
-2.467014423755647945e-01
6.186646864463449247e-02
-4.656772705416382940e-02
1.220269148861515413e-01
3.565912576731068429e-01
-2.306451062854644185e-01
-5.016627782297677918e-01
-1.188150364647330426e-01
-2.029194355481061807e-01
4.027793658789316500e-01
-2.035010230727678782e-01
5.219652451346093285e-03
-1.805307679868950466e-02
3.979312898297501233e-01
6.997473647884768777e-01
3.727373625628929155e-01
-6.203982691320095166e-02
2.093764846859265671e-01
3.086328897996721277e-01
5.165625447696257228e-02
3.847651321036153760e-02
1.419828082870257524e-01
4.463434078521101855e-01
-2.643240065226141744e-01
-5.170703169388235487e-01
-3.550579552191819310e-01
-4.861662744654547952e-01
-2.071193220703207438e-01
1.417308613039587051e-01
3.831532235513778195e-01
-3.601953264705810565e-01
-5.602611904080124772e-01
2.951141526507979895e-01
-2.306331170507888439e-01
-1.970145791208124247e-02
-2.356706030253133410e-01
3.576530016142849266e-01
4.818608857887615171e-01
4.057611525869545543e-01
4.058860694851190720e-01
-5.585584049495804226e-01
2.224329583062894800e-01
2.034920571037457382e-01
-8.538283743853734842e-02
-1.651926594936558024e-01
-4.276487544662980200e-01
-3.102114989279555757e-02
-1.126152290599029271e-01
2.617948948815607135e-01
-2.471126331759903039e-01
1.454817836826498012e-01
2.780971553952279463e-01
-1.743680298045388877e-01
2.030825495772095313e-01
4.162573487172036568e-01
2.665247873903243692e-01
-3.242646981586282950e-01
2.379454018983897245e-01
-1.679229819681705288e-02
-6.198724629244602158e-02
6.698275239450943164e-02
-1.577704304061657292e-01
-5.029937452081829630e-01
3.578717800463658838e-01
-1.641126550488584412e-01
2.892956729271255467e-01
4.646465979833932503e-01
-1.748736726589139312e-01
4.349788834322073638e-01
2.411913247413332018e-01
-3.741791589292408071e-01
2.067411036275537684e-01
5.698639217190194783e-02
2.016509431634908589e-01
1.001453620647816400e-01
-9.617255041645234037e-02
1.231202782790311728e-02
-3.885780364963884459e-01
-5.918545145024032422e-02
1.108224258914057014e-01
2.272598773679831985e-02
1.015272304438504525e-01
-1.993781704136751154e-01
-3.884647432724901428e-01
-3.420091701854548472e-01
-1.334723830086248231e-01
-7.267923384172636503e-02
-4.429747951845687259e-01
-5.294488973986463676e-02
-3.301180855134635550e-01
-7.879032220686305044e-02
4.006767976774190387e-01
-3.365998842748410547e-02
-2.271188121198585153e-01
8.291574067188933750e-02
-1.458222584923656306e-01
1.046598600108338134e-01
5.399847328205426705e-02
-2.567430907421265340e-01
-2.709407716607597702e-02
-8.305375325439340664e-03
-4.180133116880417887e-01
2.240783791785988521e-02
3.570223414833633147e-01
4.819987481321315326e-02
-6.761414063570245214e-02
-5.480342696288346971e-02
-4.019195558175607530e-02
8.963740797825067719e-03
1.807379347960869076e-01
3.141639741445030332e-01
4.797695080653245903e-01
5.981349932059907282e-01
-1.410707809978308525e-01
-6.731218376122316549e-02
-2.722903930212250412e-01
4.211615778288556045e-01
-3.334331128913876618e-01
-6.353371792856836731e-01
2.833408412881912031e-01
3.315873488888875231e-01
-1.434762114289844792e-01
3.844647242203597659e-01
3.224842338988912482e-01
5.574416936180803805e-01
2.441757722588812074e-01
3.831870647042665001e-02
-3.528888904950401861e-01
2.450113096552706815e-01
6.750724577402869020e-01
6.004702590516088900e-01
1.674624185447803060e-01
3.049514864153450751e-03
5.859761361561253989e-02
4.730018512884828219e-01
4.379507369012015650e-01
-8.032616654445905169e-02
-2.891074835297807732e-01
-2.754161418388064719e-01
-2.303950768516945247e-01
2.224257908723820676e-01
-3.647260319886801994e-01
-2.779679668022045497e-02
-1.632342078140064934e-01
1.720977138993542155e-01
-1.175998781536992943e-01
-2.114149773572182867e-01
3.931533175919901812e-02
2.493355433553860190e-01
-1.022864176991159779e-01
1.133468425459783768e-01
2.469391907243401185e-01
3.232380359790135715e-01
1.227702918856432290e-01
-5.810260646803774159e-02
-2.387029067102593716e-01
-4.716703739040723486e-01
-2.317577009837677379e-02
6.046965637546276862e-02
2.737586538835580785e-01
8.544545419188194491e-02
-6.213127217600619701e-02
4.102890910770074506e-01
2.297419078943117865e-01
1.937201481512888443e-02
1.573388875299538969e-01
-3.576703667196363678e-01
1.492291405824583330e-03
1.778720247373155594e-01
1.470463080808981915e-01
-5.176030912912267523e-02
1.308640876997130831e-01
3.174623434925695209e-01
-1.012037350006688985e-01
-1.081220037935283311e-02
5.102264629545540109e-02
-3.810419811786361910e-01
-4.239894958112461198e-01
2.438556426403716559e-01
-1.579532882068453992e-01
6.129725143194506010e-02
