-4.452577351797638860e-02
-1.586607168411127144e-01
-7.384363490454065593e-02
1.609952208732408352e-01
-2.784020685373969628e-02
3.830788572679215687e-01
1.049319869142043143e-01
4.173351185931886143e-01
-3.628780418655451756e-01
2.331461078343994853e-01
1.154924317195262506e-01
4.680605279023364318e-01
1.260544749633427108e-01
2.721964103650448275e-01
-1.831789795575231722e-02
-1.713454728425739260e-01
3.221835425229837568e-01
-5.117661703881726254e-02
-1.574807096076688930e-04
-3.581592371224322502e-01
-3.267821523164673447e-01
-1.037904884921878462e-01
-1.640567129253346357e-01
4.051037567522265959e-01
4.334970505126496398e-01
7.736094723881969948e-02
7.725328133051148627e-02
7.002998009754521358e-02
2.746287637910757029e-01
1.844066135354067298e-02
2.616856028310662330e-01
-3.424379204637938157e-02
-5.268930397056389991e-02
5.345519701843062105e-02
-4.645613650968734021e-01
-9.933805528790379258e-02
3.179763284111536414e-01
2.826385970607934173e-01
2.168239551654325692e-01
-3.406169471406345073e-01
-4.462602818511652858e-01
3.164596805645883970e-01
-5.102371388105649830e-01
-5.035060199231758404e-02
2.253756562980770983e-01
3.009303166885312145e-02
-2.117433417027401177e-01
3.521736437767569727e-02
-2.232416844728669081e-01
-4.719311654407619405e-02
2.989577327915194926e-01
9.135843229894730078e-02
-2.066641743228527783e-01
8.898066902962406544e-02
1.647962610330536981e-01
-2.757535107011871434e-01
-3.359383105669880853e-01
2.259922836192650858e-02
-3.418719670064161026e-02
2.691300190576076390e-01
-2.882135438935297667e-01
-1.848850990800518235e-01
-1.704381422539923419e-01
2.433425469081119778e-03
-2.319836744302104792e-01
1.278751185625393583e-01
2.126418621392844877e-01
-4.123834439516852468e-01
1.485148608655926239e-01
-1.470922188222556493e-01
9.353354477353674479e-02
-3.291644658638293031e-01
-6.885462648670716279e-02
1.774506620667183898e-01
-8.240096527659379610e-02
2.452636742291698924e-01
-5.898081017026451239e-02
-1.685870197132058601e-01
2.304020427675438909e-01
-3.828536449549717058e-01
-9.955837096378658546e-02
2.632435919342979158e-01
2.839355233663876099e-01
1.968785641234585548e-01
2.054605018991643994e-01
-1.660063026507930251e-01
-2.118258111038923142e-01
-5.317081182099114844e-01
3.074769524937897569e-01
-1.919602265401109675e-01
5.057126215937089719e-02
1.607201815614495988e-01
-4.953042803847935160e-01
4.441914665910735582e-01
-4.091343326893949750e-01
-4.906169755714040459e-01
-1.072947493054165757e-01
2.457913812956181721e-01
-1.623464640134171799e-01
-9.557737030342448870e-02
1.777480288986126034e-01
3.156968472161758577e-01
9.757589326787832751e-02
6.141473213031221901e-02
-1.045005140457669623e-01
6.032602035295154819e-01
-1.475615801273644778e-01
-6.245573182319473782e-01
9.938574958468799486e-04
-1.239313562713166977e-01
-2.441849083940859644e-01
-5.462250532860110641e-02
-2.135482063224359295e-01
5.906594652728268391e-02
5.128940486399455878e-01
5.654095217856779099e-02
2.606306439079699722e-01
-1.196374805171867006e-01
-2.367688847705116117e-01
-3.734344339598310025e-01
2.939588798515294088e-01
5.169681177632656777e-01
7.358706410577270374e-02
-2.290164322599754776e-01
-2.418620616099066145e-01
-3.399051594243734237e-02
1.561093837215036528e-01
-2.211734867395418747e-01
-1.587567745552042053e-01
2.702029582914113881e-01
-3.931104481367437287e-01
2.322276672312664769e-01
-2.617018630008977054e-01
-3.097366012304345398e-02
2.507078945679661053e-01
-5.710750444948839988e-01
8.133892324340888380e-02
-1.461283056827144544e-01
-4.974507192493461960e-01
2.902742495038281301e-01
-5.502207412155515343e-01
-1.740958907094126151e-01
-5.286621891650684218e-02
-3.274785143521918851e-01
4.394601901302443159e-02
-2.205239375996599083e-01
-5.929451262484026763e-01
1.017351404385631319e-01
2.529459293965682920e-01
-1.562968612341917307e-01
-1.201771101250068419e-01
-1.336064721586576187e-01
-2.050769722518143434e-02
2.064939818364255886e-01
-1.187786066935419133e-01
4.177644448230435348e-01
3.837744822115717047e-02
1.608574842682662306e-02
-7.008546137270091347e-02
1.118011776532526480e-01
2.017282084380455642e-01
-4.000666438715757001e-01
2.727733008807258219e-01
2.316038464483461401e-01
-1.915275905022968961e-01
-3.326002737419430644e-01
1.311471164103108489e-01
1.274082886373906764e-01
3.300268698476575557e-01
1.349985098834237118e-01
2.770732148262441408e-01
-4.321927039964395534e-01
4.457070762341633352e-01
1.049173342997895136e-02
-2.624584912299176009e-01
1.254020400138755043e-01
-7.959482439045310886e-02
1.072631711007940580e-01
-7.070439821600779662e-02
-3.461286904534444098e-01
2.075953907678592669e-01
3.266354830812953081e-01
1.080832634749172572e-01
7.561934672648865097e-02
1.037009893690264695e-01
6.575075132178454483e-03
-5.060012553881951813e-01
3.587883052784119897e-01
-1.126696893348611284e-01
2.573460463663357345e-01
7.221553729622315343e-02
1.529161069605596834e-01
1.164540717417598265e-01
1.547302513967871440e-01
-3.141738095330630365e-02
5.788963833840258255e-01
-2.871684645582191497e-01
-3.567886873406845849e-01
-4.677276587522869455e-01
-4.498187889273518314e-01
-8.991642532000630739e-02
-1.017620748413265719e-01
4.901617687196953288e-02
1.688470035667697169e-02
-4.742815305967300610e-01
-3.521121568401018587e-02
1.023443697326153756e-01
-3.607699090660329011e-01
3.160358647432359724e-02
-6.143039894007536889e-02
9.790054513307169803e-02
-1.771565406975809664e-01
-6.446029020979878732e-01
2.158688780107805294e-01
2.128932736751585897e-01
1.218324384478119971e-01
-3.792185667258782811e-01
3.911086830499174161e-01
-2.850590242318217782e-01
-1.892153804181052612e-01
-3.409177324374687013e-01
3.892939155608339252e-01
-2.096376764521857838e-01
5.252428542326526006e-01
-1.890225324602816670e-01
-5.602099818256395247e-01
1.314740618142561379e-01
-3.475205205163752753e-01
-4.434476985607774813e-01
-4.652558873346068213e-01
-4.186421807103526405e-01
3.091195489555172982e-01
3.966599567971071383e-02
2.468851956553000937e-01
1.216864254279358404e-01
1.973030144324041668e-01
-3.097202485304990094e-01
-4.418262953814588445e-01
1.699307579079595565e-01
-3.873429304172827659e-02
2.150291308229203280e-01
1.926495221680070424e-01
-2.150173450125630881e-01
-2.982246302354174539e-01
5.022174092466720197e-01
-8.546134588172001056e-02
-3.031981409887894996e-01
2.265269035602086034e-01
4.457706585743573258e-01
3.211649175447424398e-02
1.769716945598929503e-01
2.500075173281668395e-02
-3.448417730598821174e-01
3.603450797670083583e-01
5.340656291624821250e-01
-9.819407714933078846e-02
-6.461797955869272303e-02
2.413073634317220995e-01
-2.700289850070442532e-01
3.179857418846791517e-01
-3.803300032718864854e-01
1.506527274615318268e-01
-5.184391713370162247e-01
-1.829467788428137398e-01
-4.357822959662424056e-01
