2.403279009203878047e-01
-8.986322269208590896e-02
-1.474882957299379627e-01
1.127513019427408836e-01
-1.453188865632878690e-01
6.742001416921463708e-01
2.449325205925145799e-02
-7.949397213236195081e-02
-4.924885065158455255e-01
5.339916226719259029e-01
-2.181917349038389048e-02
-4.300199527920891551e-01
-2.612243100012466290e-01
5.340485472228195807e-01
-5.008876599563841236e-02
1.890409453904678960e-01
-1.935809454016017561e-01
3.318210732319043510e-01
4.581168301184726510e-02
-3.692418442548526247e-01
2.501805035802451282e-01
-1.305380183071666311e-01
3.281208725850714991e-01
1.030014505456278984e-01
-1.166818669692412380e-01
8.036193818050255122e-02
-2.275581706210540178e-01
-1.032925806087931220e-01
1.828278811470678000e-01
-1.739414015140322012e-01
8.891908284715552835e-01
-8.620921175988180418e-02
-6.525079359392477185e-01
9.482570231148654272e-02
-8.064164448762507487e-01
3.252202925666304312e-01
1.554805494250194875e-01
1.479280238956149907e-01
-4.745911663993054863e-02
-1.789470843153535273e-01
6.974298676705320554e-02
-1.179917654457924570e-01
-6.924312093611935115e-01
-5.087274701671540278e-01
-4.199206798742742275e-01
-2.029204726512813528e-01
1.102394091898385720e-01
2.328547980857027244e-01
-2.417779792866722177e-01
-3.984782896074852698e-01
5.165899185245181879e-03
5.156402135851045898e-02
4.632594252023047865e-02
3.697833414854601042e-02
1.689842711249966989e-01
-4.156492921428744935e-02
4.357033450691352172e-01
-2.002059314166702020e-01
-4.154916548542907373e-01
2.833119059155549957e-01
2.283615260732198282e-01
-8.367856134011188995e-01
7.893195296740114220e-01
1.845735133484737722e-01
-1.199085387165010896e-03
-2.862238380569884777e-01
2.364461990099162858e-01
-2.063303358586737746e-01
-3.478297140243794550e-01
-5.316282727524392904e-01
4.339010689216082906e-01
2.504452902379009083e-01
8.368168360997965127e-01
-3.202593228978419249e-01
-2.365171860474137300e-01
7.269497169937353398e-01
2.390774617531307156e-01
2.975267274785940996e-01
-3.013097248148302598e-02
-1.610176753347907219e-01
-1.424066325103440500e-01
-2.138789853073896907e-01
5.148123335275793799e-01
3.817585073327507406e-01
-8.348281250939162401e-01
2.514930241603070549e-01
-6.612208649698692042e-02
-1.991300157641098523e-01
-9.546984789977586150e-02
7.226389379375122157e-01
-2.285302813848014841e-02
-7.869130963567386172e-02
8.066386744350134697e-01
-8.489144274559397019e-01
1.903981370023877240e-01
-6.619238012736833321e-01
-8.062845693697354155e-02
3.111444567846803899e-01
-1.852019729252072922e-01
3.646935766884816799e-01
4.326223373282775397e-01
1.470567082609964826e-01
4.324873742455094261e-01
3.103581582902518177e-01
-2.903025853456506766e-01
2.531152666681239505e-01
1.099918383708230196e-01
-7.708795583455968492e-03
3.231073955638479878e-01
9.387997490572778103e-01
6.062384803061242611e-01
-3.047627404353773217e-01
-5.730100543379063049e-02
7.904176937830373340e-02
1.276903513277219404e-02
-1.037087576523962329e-02
-2.487935743220091867e-01
-4.157285528375249672e-01
-1.379135898239168823e-01
1.619017683458888468e-01
1.427301248021094759e-01
-2.642047623113377708e-02
-2.647361308990421325e-01
-6.897689591113260743e-01
-5.344152781796808194e-01
-1.141942809267701420e-01
3.237025922700764724e-02
-1.944043702605159074e-01
7.893564597913341752e-01
-3.037314242395048464e-02
-3.652155510859536047e-01
1.567951692798955077e-02
4.241291760899691399e-01
1.625279353276559702e-01
7.914458652286591178e-01
-5.353841938086822960e-01
-6.621693609370341016e-02
-3.000404130663825164e-01
-1.518084394706534224e-02
-2.765540036918512357e-01
-3.218125216218005735e-01
5.893237320375390720e-01
-6.623865900878742607e-01
-2.829053025900981067e-01
-1.567210519547552749e-01
-6.888334848630990326e-01
2.501691700030206911e-01
6.228177727514888629e-01
5.450929772951017549e-01
3.971683939034384436e-02
-1.035862194769437972e-01
4.263801676924062756e-01
-3.411311636775976597e-01
-4.458344323497146627e-02
-9.245578644853749140e-01
-2.384216028044908453e-01
8.541589526020436363e-02
-3.661167948912701919e-01
-2.747983641058152626e-01
-4.102123740135496521e-02
-2.483135770122735231e-02
-9.047301965828173920e-01
2.306246244328144790e-01
-4.212505673010953355e-01
-2.613385453773908740e-01
-2.803421466147984487e-02
-4.586719397048558133e-02
-1.730645532262072295e-01
4.386383880146595970e-01
3.719371200641563568e-01
-7.516180855278026263e-03
-1.344542653813534105e-01
-1.784948947314912160e-01
-3.882842819350094676e-01
5.789142908325082271e-01
7.130858496082482789e-01
3.591861876432232425e-01
3.759432703787319863e-01
-3.409721180929705664e-01
4.299252978004213244e-01
3.371664106223797308e-01
3.095363857611346803e-02
-5.402951643934290615e-01
7.734100278880710055e-01
-4.048495150581548629e-01
-2.108398881574001515e-01
-1.842426127190372742e-01
-2.688536313345819481e-02
-1.878387978599734276e-01
7.186119110540648558e-01
4.720216185843058576e-01
-5.943522894740149720e-01
2.338997635715940326e-01
5.468533928753800399e-01
8.833316024889897866e-02
2.513259805820257098e-01
-7.181311221729072547e-02
-3.189177657843851876e-01
1.035072752829390152e-01
5.590101265926442631e-01
8.163434123347348970e-02
-1.996626238148035137e-01
3.001161308923352422e-01
3.326490676285146497e-01
6.332393679559605859e-02
-8.296972490403407008e-01
-2.841942199022990390e-01
-3.210059642903340116e-01
-2.861480668748451195e-01
6.415787283070992775e-01
-2.748228020926195558e-01
1.205783594906951472e-01
1.836479851495662063e-02
6.059521376404790605e-01
-8.508767005916495485e-02
-3.150867587760938782e-02
-5.555243457854797118e-02
-4.626024535187137077e-02
7.688844753546812960e-01
2.752041877433805683e-02
1.901190687254201150e-01
2.001319812593005398e-01
-3.081660093151677438e-01
-2.659283826715705401e-01
1.913850856259373956e-01
-5.348710599936521426e-01
-1.591563694896510339e-01
5.641643938948146531e-01
4.338352141943241369e-02
-9.172599346755933025e-02
-5.351093808265178220e-03
2.891410557711239226e-01
1.101055120448579949e-01
5.692378877262483927e-01
-1.304628345291204972e-01
3.043500352556363087e-01
7.244953026540653651e-01
-3.387658812495973892e-01
-3.697759170268222206e-01
-1.629465519131313433e-01
-5.491421975537962297e-01
-1.992382312644011833e-01
-3.308110295734519313e-01
-4.124583645123122699e-02
1.309174233397768505e-01
-1.203912872790562083e-01
9.015402974968861338e-02
-7.147226035386233800e-02
-6.959452623309236863e-01
8.248513144627045435e-01
3.991277794743670615e-01
-2.112572412800302890e-01
5.773245911811691888e-03
3.412393218540891171e-01
4.344369863103672014e-01
-2.504452388356234183e-01
-1.415110434811679696e-01
1.897275294468487028e-01
-1.405109287981984312e-02
-1.214966692352759947e-01
-7.885465294767640687e-01
-2.058200722549010375e-01
8.487997126675050907e-02
7.976905127380876093e-02
-5.296867138941170339e-01
