3.194174609394473952e-01
-1.849103179331528235e-01
7.863400091800898384e-02
3.631798611694442291e-01
-8.936647870569212893e-02
6.286502139725878846e-02
-1.085884417513723055e-02
4.003271529814289020e-01
6.067106783501647477e-02
8.069469473768270396e-02
3.967107537059275657e-01
2.716714645283760041e-02
-7.847541621557356795e-01
-4.961813567437928923e-02
1.715722600382880159e-01
5.271994338213982501e-02
6.801361329112702581e-02
-7.863980086641006451e-02
-4.919881821373574549e-01
-2.946624386052726363e-01
1.796390456657482315e-01
1.154001339535897369e-01
-2.900339448441599521e-01
-1.762300375175867850e-01
-5.780686060511526503e-02
-8.125021352935232755e-02
-4.879230314652932207e-03
-9.978097085029394298e-02
-1.618962578468459146e-01
1.703264522833503880e-01
2.076857183998971901e-01
2.910376903166546070e-01
-4.111816726253471610e-01
2.901311588961119625e-01
-1.617974087656345178e-02
4.216879518651807379e-02
1.856063756746514914e-01
5.142344267969197608e-02
2.441269746254674106e-02
-3.936319081835338296e-01
1.374058156186594992e-01
-3.779670920659937705e-01
4.443422499995491881e-01
8.169585262754375243e-02
6.822619956007586195e-02
-1.801536137448905405e-03
-5.344129780743998859e-02
5.765457743429882598e-01
-1.704020647358647778e-01
-2.124140370574274100e-02
1.222146241312969672e-01
1.877291553186972162e-01
2.526430324939820671e-01
-6.137527339803373894e-02
2.152223094810365445e-01
-1.182057339185447059e-01
1.002907066677369147e-01
2.031978868932705351e-01
-1.552443713256820672e-02
-7.249984682710053363e-02
6.354223394721427720e-01
-1.068943212820243349e-01
-3.685740635341122617e-01
6.173220187632701833e-02
1.743765132427399500e-01
6.463749319745458813e-03
1.414617184054710042e-01
3.252555103624224508e-01
-2.546339507447722417e-01
-2.770897086109734286e-01
-1.254887402055810952e-01
5.767324760201086864e-02
-2.918132766178781479e-01
9.951964591767575863e-02
2.318675722285069019e-01
-6.468664122453302578e-01
5.314520483324350897e-01
-3.838490296681588698e-01
2.406071395425574966e-01
-1.357528792759097602e-01
-5.011256917529757771e-02
-1.371947012640446495e-01
1.331297824977357158e-01
8.633129480104516709e-03
-1.729923957136707546e-01
-3.330969976446778169e-01
-2.097884808707826121e-01
5.579024747729750544e-01
-2.356160317788149050e-01
2.215395667019042225e-01
9.155611629758793335e-02
2.032159704536224548e-02
-2.796571600267130364e-01
-3.856859354438121334e-01
4.062930583483116975e-01
5.472593148229956683e-02
-4.316539667776895239e-01
-1.442924368604877605e-01
-4.716124216241667777e-01
-1.600173422839822335e-01
6.574116586991395061e-02
1.822957134631747467e-02
-3.314330010741669552e-01
-1.268795133522671037e-01
2.015153030273766910e-02
1.037918601417583409e-01
-2.563347182956844383e-01
-2.497057662242156140e-01
4.966619241350813119e-01
-4.367630562770257185e-01
-1.103916577757923789e-01
-4.254916137873036019e-01
-2.378594318541306374e-01
-1.939342363986258921e-01
-3.308763695955027617e-01
2.100397733413764678e-01
-2.693136027748883055e-01
-1.638368919444102741e-03
-2.344333097306763869e-02
-1.051982352176372426e-01
-9.935148755175345070e-02
-1.785428073738792453e-04
5.864566549421864616e-01
4.404696157014688362e-02
3.229962345770269472e-02
-1.047329343620956588e-01
-4.163997630484606027e-01
3.433777610110146372e-01
-4.633377586224834976e-01
-8.372264310636466644e-02
-1.882345089068546487e-02
-3.049934146692646619e-01
-3.843574635240999959e-01
-5.200121132032673593e-02
2.562618740297947229e-01
2.594897575557732552e-02
-2.266366457436562176e-01
-5.171039249214838540e-02
-1.446854116717740668e-01
9.915565865758173281e-02
-1.382838629437527223e-01
1.469712809548300025e-01
3.509108493038435306e-01
-2.644241933859374782e-01
1.161591929185397248e-01
6.224485886708662763e-01
-1.949661438965281657e-01
-7.255836912889657153e-02
2.420931504206375595e-01
5.095584251148924798e-02
-2.719063588786830854e-01
-9.265053251020663461e-02
-3.490508307349531880e-01
-2.411273525692189112e-01
-1.055886885013071763e-01
-3.195676763432520051e-01
3.332491685391902880e-02
5.220070407894654707e-01
-5.610979954537145264e-01
5.896921359973308907e-02
-2.318825643166701478e-01
9.838675652968069396e-02
-2.270404390030666963e-02
1.312300181191453641e-01
-9.548119237270727422e-02
-1.883161197405622267e-01
1.087424391688737446e-01
5.486259290540460021e-02
1.286470640981226543e-01
-1.004919129764425892e-02
-1.260131862202252262e-01
-9.397283042475323978e-02
1.078943307103003846e-01
3.642628269262838253e-02
-1.539993493516556289e-01
1.096053356717632682e-01
8.212357480524713760e-02
8.288120459689071740e-02
3.025568852091223837e-01
1.033234712728264837e-02
4.985378350286238242e-02
-2.061015932156759212e-01
-1.467042787430828873e-02
-7.424846294728576490e-01
-2.640596205339800773e-01
-9.246171294807242758e-02
3.469916041502654203e-01
-1.793779770738417739e-02
-2.974924779403493869e-01
1.896572771822891412e-01
-2.473380470158671462e-01
-2.800461392691048351e-02
3.208964025204363857e-02
1.423339918274883487e-01
-1.772389325134304805e-01
-2.821542146923403105e-01
4.239801804331487789e-01
-9.251205624559784291e-03
5.339687343276854348e-01
-3.013981567917716209e-01
-8.404579237121462265e-02
-1.318212856975287950e-01
1.294901217565364582e-01
-1.623379912597264219e-01
-2.820183863872146590e-01
-2.282289419945649489e-01
2.058126791626262442e-01
3.498067703039223764e-01
-1.414315350279371844e-02
1.037222154805010482e-01
-1.196897525300238130e-01
-2.642963905912042444e-01
3.446733931142806351e-01
4.117498851010625849e-01
3.571863517595214588e-01
-3.026266203410877265e-01
-4.049629696329298811e-01
-9.114425185225505377e-02
3.231507239656864483e-01
-2.483772344243329600e-01
-8.385899513996514232e-02
-2.157476767387951355e-01
-1.814929880757471664e-02
-4.448696661784290463e-01
-2.731489871110769352e-01
1.309350900589970924e-02
1.793712011946146934e-01
7.078262988385361498e-02
2.156797669022423869e-01
-4.427516003941646683e-01
2.190570155741451419e-01
-5.818916506837457092e-02
1.036867300537691328e-01
2.985338994375404120e-02
6.765726044383099658e-02
2.302964902219973020e-01
-2.173123429139000584e-01
-2.794063460858743353e-01
2.079003978664719920e-01
-9.398942953095701380e-02
-2.102286031783686671e-01
-3.759178191479946585e-01
1.573190212019431600e-01
-2.194073893996853208e-01
3.544938170743788808e-01
-4.131604021607337973e-01
1.073262390948211131e-01
3.501767602233455401e-01
1.132341149299922745e-01
7.209805191022978371e-03
-8.427529017998353078e-02
-1.372134689543545172e-01
3.585527422577589052e-01
-1.996355929829559117e-01
1.158655560390458306e-01
-1.817196562568821894e-01
-2.845200018936325792e-01
-2.353661885789797292e-01
-3.138042973126646540e-02
-1.086672528311956043e-01
-5.884590899116541873e-01
1.086310926879315436e-01
-2.754905902886219948e-01
-2.314011998065281239e-01
-5.450769787565769020e-01
