-4.251875193125539409e-01
-1.532393308214307914e-01
-6.726629056396278283e-01
3.146473265116026541e-01
1.931434425975686042e-01
-5.343233509358318312e-01
6.620800410561017424e-01
-5.121953299576080809e-01
1.392721533237504250e-01
-6.420933622448812272e-01
-1.452840534540785489e-01
-2.280040492563069066e-01
2.720250171477373025e-01
1.377532147457402045e-01
5.505371813983127582e-01
-3.231521532631788096e-01
2.222934543158808784e-01
-1.707554316667798944e-01
-1.249109666806211549e-01
1.912593176727145072e-01
-3.561767731860803199e-01
-9.411775352534346162e-02
8.787699835919142721e-01
1.572976462622891758e-01
-2.162280023572975551e-01
-1.911834500963278671e-01
-1.134750679575064203e-01
3.526979359564207800e-02
-6.589538429639570927e-01
2.427056834679841291e-01
-2.152205572994231875e-01
-4.597570444280265067e-01
-7.538461500633200640e-02
-4.809179226744103586e-01
4.461144437319415901e-01
1.653383235900428572e-01
-1.048353077285497925e-01
-1.039407527780059487e-01
-9.788687753372844746e-02
1.074864327696387761e-02
8.793102149748735497e-02
6.339431432302458091e-01
3.924320665556503551e-02
1.627116011697147258e-01
-4.784878872925972526e-02
1.666409548958143749e-01
5.380437546990231024e-01
3.932662106452681217e-01
7.936124434676665451e-02
-5.462402702766111506e-01
2.343642637492512337e-01
3.893391488564211800e-01
1.729950545271822238e-01
5.309838282592964642e-01
5.384128466144969538e-01
2.173975203346947271e-01
-2.447363345716196958e-01
-3.494267678962127699e-02
1.740814426640084067e-01
-1.281634377471092545e-01
-3.986584141459365016e-02
-1.899257466376865211e-01
-1.529167407086031716e-01
3.396998759854479299e-01
-1.197574877781273223e-01
-5.913140636725009447e-01
5.854834060510347715e-01
1.541777255132448787e-01
-7.546350951470265356e-02
-8.895177323761372518e-03
3.302064381808856308e-01
-2.645285872207595590e-01
8.010535595434939427e-02
-8.865165727425972086e-02
-4.678185297835310008e-01
-6.755432257603151136e-01
-2.310913546493307824e-01
7.651127551038458541e-02
-1.014512253148602272e-01
-1.789077045962783608e-01
6.127543971180495763e-01
1.327484157498379919e-02
-1.811732794234957311e-01
3.892189479694876941e-01
-6.390909136700333448e-01
-1.825025519186865286e-01
-2.047449298314360233e-01
-6.730287548198088388e-02
-2.539564700559973076e-01
-1.413264175132227657e-02
1.125674229977972340e-01
1.024149830631337910e-01
-1.588359750239279888e-01
2.694512238522847047e-01
8.848145951124059688e-03
-3.916093404284377577e-01
3.893112257842240576e-01
2.624340977400405617e-01
3.766461175277517892e-01
5.835828823623377334e-03
4.453276577374093437e-01
-1.818637909409675513e-01
8.570214547402275063e-01
2.212901049522616459e-01
-6.509890119850397783e-02
2.565394904507855012e-01
5.278074618711559030e-01
4.458139368274749437e-01
-4.410337776220027983e-01
-1.598696172090723344e-01
1.959151114908865010e-02
2.347464937025424692e-01
1.991060640989525676e-01
-6.756930262623612737e-01
2.901875439696400064e-02
-2.865891737235332082e-02
1.318250529418838191e-01
4.094964522368967352e-01
3.351530309586493450e-01
7.008204528982193982e-02
-5.653893324800082776e-02
-4.997583561967935406e-01
5.361826741928110707e-01
1.219718486730592133e-01
2.212932016338715613e-01
1.100411714363985910e-01
-9.152298344217957293e-02
-8.215164979965116493e-03
1.565054557378902089e-01
-1.563501034916607857e-01
-1.443991896086303517e-01
-1.937410419878574791e-02
-2.196796887192200287e-01
1.072009187501098276e-01
-1.630908048277495137e-01
-5.880554412257313901e-01
-4.602880366453464545e-01
-2.534847374469152426e-01
-2.106875244180312912e-01
1.257639080548484667e-01
2.884286010895661390e-01
-3.651206396767470164e-01
-3.437377679340325454e-04
-1.770054473233146075e-01
-1.323240117498121760e-01
3.810305862815235312e-01
-5.868397946583434055e-02
-2.823364386281976834e-01
-2.692466096510032214e-01
4.799878782984855485e-01
3.186555673339864364e-02
-6.466252221321098226e-01
2.285958090241716478e-01
4.895625158130061938e-01
1.549243525202262384e-01
-1.630299896290521855e-01
-2.913115343547468261e-01
2.158017471693280953e-01
5.983563810365217783e-01
1.799003482812615018e-01
-1.086605427041969218e-01
-7.582813188275391858e-02
1.186497173430620666e-01
4.139033845759663988e-02
3.549860599160896690e-01
1.268988340433362672e-01
2.008481049709744670e-01
-8.840065635874197469e-02
9.832263110000452264e-03
-1.830626457176982858e-01
-4.532374304521885611e-01
-1.775066713345606340e-01
8.430514860113379194e-02
-5.227538687412434104e-01
1.493633049479614061e-01
-9.043610765050874578e-02
3.242421875582544022e-01
1.409994741723890332e-01
4.491868039719562056e-01
1.896552858796089411e-02
-8.153811113346745021e-01
-7.525599305311477492e-03
1.362870242209283655e-01
-4.895250516372990357e-01
3.110623371153992123e-01
2.027590883193572391e-01
3.414822143235797525e-02
2.069582239268961607e-02
1.268256920185973913e-01
4.039595309287635772e-01
1.906870820370084041e-01
-2.292158087102814101e-01
-8.340786078535090964e-02
-1.232344503581875861e-01
-3.563544406530273490e-01
2.785998433219679868e-02
-1.848491355901805133e-01
2.807726151560118177e-01
1.620848904421188230e-01
2.274400136944560447e-01
5.479089077442216293e-01
2.368985815341486945e-01
-6.047996737348920564e-03
-1.604021416779745079e-01
1.145455112539296993e-01
1.271475755508548189e-01
-5.554513010247816990e-03
-6.419951744594931675e-02
-2.865021587515270349e-02
-1.646350123861228809e-01
6.393347953124257632e-01
-3.376529087273641982e-01
-3.092590895482786317e-01
4.573432893975082347e-01
-3.403816441493470180e-01
-5.140758374898543592e-02
-2.317570832438322626e-01
1.865679735131450800e-01
1.630085538124043110e-01
2.604820793661647566e-02
9.184023282841859981e-01
3.514754035944191168e-02
2.503668524562078224e-01
7.154918049492486887e-01
2.560798735354521405e-01
-6.187002577655751345e-01
9.237794706301223624e-02
-2.025775467487144210e-01
4.084526748178277655e-01
-1.728727881689841872e-01
4.237923792154810188e-02
-7.976210872994587975e-02
-6.664979608487105189e-02
-1.676751314504763002e-01
-1.385281097925686600e-01
-8.948702914921402574e-01
-1.825036590132980696e-01
-3.441694614823671561e-01
7.363764324449270648e-02
-5.736978726673607198e-01
9.819654892334599150e-02
-2.217986786955545297e-01
1.095529844004421577e-01
-1.488349907414688797e-02
-8.737212305362912490e-02
3.637107040611955999e-02
-1.557181647118724421e-02
8.702638425313744541e-01
6.751201990024555122e-02
4.869707002748716040e-02
2.787930758767487860e-01
5.807977119842885894e-02
3.080673381126539656e-01
-9.635973726159306751e-02
1.734323331537406809e-01
-5.040053438613656400e-02
-6.436838067960493071e-02
1.585876972625502868e-01
1.202243594971419000e-01
-7.063225085828300776e-02
-6.693799297822635719e-01
-6.563090935520396463e-02
3.022704207451235026e-01
2.506648033050620228e-01
1.939527720699014135e-01
