2.499725712955875312e-01
-2.776783170709426485e-02
2.159687548294307313e-01
-2.881573639765496186e-01
-3.133029572844941990e-01
-2.436333299166266314e-02
5.703711205428516062e-02
8.282162543903542895e-02
9.208220042029439945e-02
2.984841348860917121e-01
-5.926870353537544434e-02
-4.384085497140933763e-01
4.022445251574066072e-01
1.740683570556691429e-01
-9.354714675593045481e-02
3.487210077410644038e-01
9.124544964243146150e-02
6.604869491874870713e-02
1.138244733505233974e-01
-2.800979068109383241e-01
-5.666341257150608879e-02
-1.423764105606055430e-01
1.601814252140058292e-01
8.494757957470761012e-02
-1.139416337618063269e-01
-2.141046632487273726e-01
3.092876356170587426e-02
-4.750271955379081201e-01
-2.239587596770094280e-01
-1.160851935705314586e-01
-3.831286701798900518e-01
2.075629905074374559e-01
-2.264969409975944037e-01
-3.226299308308625546e-01
-2.319170465697997785e-01
-3.550621230107495752e-01
2.577032630281410608e-01
-2.063195613715025079e-01
-1.520555005961024275e-01
4.462301125582376904e-02
9.105995432583555149e-02
1.377086363890595300e-01
1.005892588093812989e-01
-2.383768819834198860e-01
-1.377571739299595366e-01
2.220690120980694515e-01
1.874669236209171308e-01
2.825430695985064328e-02
5.732476110867183727e-02
1.436130439924926394e-01
-5.308603726602810491e-02
1.507708305754422162e-01
1.991523090247074024e-01
-6.704430783667174321e-02
2.420997541467429515e-01
6.646032051050133893e-02
1.489538213065048355e-01
-5.801732779946473101e-02
2.483930571923281816e-03
-3.511208696355946901e-01
-2.636979369245381899e-04
-2.837667574669984136e-02
-1.775092266507442562e-01
2.537035535547665366e-01
-3.224153977342068544e-01
-2.392233033771684614e-01
-1.545600800477840986e-01
7.566394132489717705e-03
-3.856385660944129934e-01
-1.001358641312848075e-02
-2.768340960334778611e-01
1.425560005089475668e-01
1.485388087996336592e-01
6.544192594166917121e-02
-1.378458537406963280e-01
-2.381824425499704523e-01
-6.214150022457547856e-02
5.258809538289818675e-02
4.130908931160806596e-02
2.053856083664348520e-01
-8.634386105451419269e-02
-4.309348576720729573e-01
-4.124560194074116670e-01
-4.946817090180613552e-02
-2.640863378431912434e-01
-1.624371972192403257e-01
4.820830693659414745e-01
-1.635039698477681602e-01
-1.229355585608857826e-01
2.168556233554029544e-01
2.805204002986028122e-02
-2.694731871265954593e-01
-1.800384696206557000e-01
-2.664507598615239448e-01
2.220074901963987324e-01
-2.645685883934641436e-01
1.971339402631999693e-03
-1.188974726961673778e-02
-4.008806021110276618e-01
-3.170070610991416737e-01
1.352768200036829627e-01
1.439753861459319162e-01
-1.974225876415863223e-01
3.085399494547347299e-02
-2.043981517869137843e-01
1.267401963920627428e-01
2.575077657671250853e-01
3.233067373878429906e-01
-2.202131106583294917e-01
-5.234133093348664056e-02
3.769634960006110758e-01
-6.606635266176039134e-02
-9.666892931908296904e-02
2.522906199181643855e-02
-4.735682688082323843e-01
4.606599034610455723e-01
-1.099762654579999055e-01
-2.690900569957887511e-01
-1.463517049331789117e-02
7.915517970489249766e-02
-8.683637749983702525e-02
8.358928141552716962e-02
1.475804043874679450e-01
-4.325149830560234276e-01
4.049039272700261649e-01
2.933782650875083053e-01
-5.234314494084193470e-01
3.141102323101483407e-01
-2.599582508963467764e-01
1.574127385950819247e-01
2.071819405323687691e-01
-2.105511461783161620e-01
-1.855914015184007282e-01
-6.492059519253606803e-03
4.796495462913941132e-03
3.919822784248334635e-01
1.706105870938832147e-01
-2.069953348960074380e-01
-2.300915313291768127e-01
3.767802656280477835e-02
1.016943997123015142e-01
6.753200171195636314e-02
-2.623160582043800870e-01
2.906550969062610817e-02
8.272567375283534918e-03
-1.423213650687275289e-01
-1.167657633646910498e-01
-4.531869258443116388e-01
-3.524083028064465273e-01
-1.957589169723110423e-01
-2.903322197471712163e-01
1.627994121839703989e-01
3.359350049087633794e-02
-9.156581533613948609e-02
-7.230091577306642370e-02
1.099152717795419676e-01
3.231088961471020871e-01
-3.998806121447053830e-01
-1.423638382657150814e-01
4.249907677811316509e-01
-3.652056332118081006e-01
1.017505129575463352e-01
3.771082528170154324e-01
-1.311024358950573787e-01
5.196002257987046846e-01
2.891426812617886588e-01
2.146379789059903176e-02
2.367911182416731763e-01
3.727014228645489369e-02
3.910560671253093812e-01
3.597416794753042213e-01
3.556578984486649664e-03
-2.503800469255647310e-02
-1.708298310362333094e-01
3.950278260145489995e-01
3.190828749320632207e-01
3.005183134833775971e-01
4.583399780502523391e-01
3.181067328117458126e-02
6.975134620446493683e-02
2.754164253943509610e-01
-6.407237775415675074e-02
-1.113493596575612643e-01
9.906637005706037113e-02
4.399469508790443406e-01
-3.578736543717289664e-01
1.056031881524255728e-01
5.794321489519832502e-02
4.255705955139425511e-01
-2.722319084486857776e-01
8.684814387204636832e-02
2.252092569845792758e-02
-6.928428188529214826e-02
-6.265385654137520244e-02
-6.709983141933684170e-01
1.526824228933445493e-01
3.632051368538737890e-01
-9.281626409059995364e-02
-1.580159843532574770e-02
-3.295262870590556226e-01
-4.324017874376501203e-02
-4.561982809382067461e-01
-1.733102362410914865e-01
1.394514183079662017e-03
5.991819305057715095e-01
-4.264643939302487086e-01
-1.182350505388023998e-01
5.881040428929218411e-02
1.955633950596926962e-01
-2.409261089498585251e-01
1.960120016626279715e-01
7.691787791281171072e-02
1.953057075190584024e-02
4.457687761011995820e-01
1.081207665587555211e-02
-5.452250264311577777e-01
-5.607629226883942275e-02
2.986629341827397588e-01
-4.634053107046657849e-01
3.374652971128406787e-01
-3.650803705159323953e-01
-2.563924194815474511e-01
-1.728421340877068224e-01
2.908770458739365905e-01
-3.908614616053677771e-01
-8.554578663144155048e-02
-2.954223828782672201e-01
-2.116888915210893285e-01
-7.831480272549494470e-02
2.690805337453988644e-02
-1.781483529253904408e-01
1.354010107920345374e-01
-1.965813300042750789e-01
-2.691332838136508698e-01
1.924913567016561522e-01
2.694369616138919676e-03
9.861640453010442342e-02
1.818422649165243321e-01
1.701256955290733064e-01
-4.289671670158329286e-02
-1.788005620110700855e-01
-6.431549678475133314e-02
1.368720490801047518e-01
1.760937980046710649e-01
3.184962945216069929e-01
-3.640869532083675086e-02
2.188026367064016542e-01
-3.586631697228990778e-01
2.177264836231766199e-01
-2.916281488936881550e-01
-1.642235561332077987e-01
2.991128620751055678e-01
2.563576722179007339e-01
1.198599056080937864e-01
-3.035098890949485817e-01
-1.775577820232854542e-01
1.585022111105100218e-01
6.233640150695492904e-02
-1.251142218703827358e-01
5.142190530936069370e-02
-2.351548316631122959e-01
-2.545085179880997028e-01
-6.997990457054983904e-02
-3.539778622742573155e-02
3.541597831123253770e-01
