-3.678170424044614473e-01
-4.211207685154588765e-01
-5.088611821787691891e-02
-4.430900669073344345e-01
2.775114132524522104e-01
2.523149627196000222e-01
4.757292711488148029e-01
-2.323970191382235262e-02
-1.832495179757879233e-01
-1.056483183550498972e-01
3.392529990791144368e-01
6.907085182195171758e-02
2.709878327170705536e-01
1.687820147966864193e-01
5.125352459931453719e-02
-5.555521374889736963e-01
-1.698987345696063023e-01
-2.774899877528000935e-01
-3.004477467036609784e-01
5.246199785921752401e-01
1.982042683768033831e-01
2.807402725588830084e-01
-4.180544828054816309e-01
1.414790388501888097e-01
3.886467902347942038e-01
-3.420442476068351056e-01
-3.415679140148217274e-01
-3.537814519574171146e-01
4.185137589904584510e-01
7.611112571034996943e-01
-8.188292211239578400e-02
1.031349001960851774e-01
2.057541912497924952e-01
3.883255369655361777e-01
-1.616770583542228024e-01
1.351853704407697254e-01
-3.380108871827466333e-01
-8.507181088350862508e-02
3.388151767402732273e-01
-5.783174595817336394e-02
-6.086117566164788162e-01
7.650171324183774324e-03
2.884291887215949535e-01
-2.738982819760374388e-01
-3.344032532549331416e-01
1.370854049598097535e-01
1.601488257478566601e-01
7.444390892434638030e-01
6.167443024564204235e-01
4.920466566750797410e-01
-2.995312342155043162e-02
-1.489362751895556558e-02
2.759929297633638146e-01
6.520707605513262894e-01
-2.221381231102111942e-01
3.020542744757166442e-01
4.640297304964314251e-01
6.418670345019550361e-02
7.826315675281991791e-02
2.940852791096423280e-01
-4.534760582855952293e-01
-1.632209833640584362e-01
3.228110388797228447e-02
1.980379086403551425e-01
-3.147232759417464276e-01
-4.003747851527376667e-01
3.320287600458425303e-01
-2.318097221889885984e-01
6.908905587850144858e-02
-4.195799836476082345e-01
-2.821722905255785729e-03
6.364867368884326027e-01
5.618755234019920941e-01
-3.722799948089723920e-01
-4.711858427847567810e-01
9.235311518403988007e-02
-1.775479603859543842e-01
-6.547287012321280075e-01
3.057362208858305230e-02
-2.803108001386966919e-01
2.768632761322438740e-01
-9.470153308092565947e-02
1.722438753709955583e-01
6.303054526057919604e-01
7.345969421845965908e-02
-4.047499926027586792e-01
-6.423284917084354229e-02
-3.478707028788148303e-01
2.209784070639832509e-01
-4.412058086478618524e-01
8.781307931807114109e-02
-1.971238396402546500e-01
-8.343481005719560750e-02
-7.355223779159442143e-02
-5.736082780354432309e-01
3.221100635009721547e-01
2.799765558672528964e-02
-2.052326436933521459e-02
-1.078536068736279940e-01
2.019496976443529990e-02
-6.505089858441593931e-01
3.427424455965594197e-02
-5.267388304990550107e-01
-1.681580998814465877e-01
-9.732648251610032109e-02
-1.444160678839661593e-01
7.400758420098358936e-01
-4.559829013624522864e-01
1.773003997308403856e-01
3.366729268359480720e-02
5.881395037359632427e-02
7.704850722566864984e-01
-3.594226394199752095e-01
1.155213792240954440e-01
2.230194096653028701e-01
3.335820154567397111e-01
-4.924631494409967281e-01
-1.015490389893055623e-01
-2.667408495624802867e-01
-3.609988611925860069e-01
2.162057460218688165e-01
-1.265059214316344161e-01
-2.296000213801503431e-01
-1.589757975716797889e-01
5.862092569373209550e-01
-4.708802042128797938e-01
-1.927467767230750528e-02
-2.324267610969057984e-01
-3.837599241723482768e-01
4.311414376202291621e-01
1.009171058618314465e-01
-6.431219423903117294e-02
1.124192897512976130e-01
4.613266129850375763e-01
3.809327407527807741e-01
-3.902906988999506610e-01
5.264449123098191574e-01
-1.288575643578275254e-01
6.969438243028061031e-01
4.231626602343485088e-01
1.820474706340239335e-01
3.710389928611135812e-01
4.136382283614276067e-02
6.940002167391419174e-01
1.635838378054617626e-01
4.128724806242218826e-01
-1.212773176795116092e-01
-4.655761485687371914e-01
6.774719200910390704e-01
2.846350360969225890e-01
-4.093878370087278284e-02
-1.059596057519676671e-01
1.183287757742838009e-01
-3.255477602755145750e-01
-2.021429565553552465e-01
-3.803334777061948002e-01
1.969232437671648572e-01
1.643333321728939755e-01
-2.977898966085196775e-01
1.919327175088780812e-01
-3.935266355642014768e-01
-2.720530063594800985e-01
1.819334572021764074e-01
7.868389561439381730e-01
2.503900775693410630e-01
-2.556746435452106336e-01
6.470796070575139947e-01
3.665941901677536863e-01
-1.342053400659268814e-01
-3.273799639244607818e-01
7.118122380908025182e-01
5.406595514164430627e-02
-2.248340466331005816e-02
5.889616376292599043e-01
-6.407961693361574618e-01
5.965139183465202333e-01
9.277488131403410776e-02
4.345840020925780811e-01
3.246175388388942706e-01
1.153679027476336993e-01
9.252214534459041184e-02
-5.248498018035896440e-01
-4.207815810342629970e-03
-4.159044339518502831e-02
-4.571168618003088047e-01
6.379362599600881811e-01
5.452339489517943338e-02
-8.735085697147015882e-02
1.268413249124379361e-01
5.759373073648133001e-01
6.501851310597200895e-02
2.834587205649818920e-02
2.333885083283019357e-01
-2.805225028102583118e-01
-1.988805751657152232e-02
5.231993896681943479e-01
5.602649331106592800e-01
2.140865388677489212e-01
2.749280074709276600e-01
-7.319555512881148474e-01
-3.795752766194799843e-01
5.092972961978241564e-01
4.615764938682496710e-01
3.630678960287736512e-02
5.805698592671127978e-01
2.174447671703844120e-02
-2.746146081303468822e-03
1.805181470493642526e-01
-3.859557181216529131e-01
7.966786539334441697e-02
-3.130719215609463757e-01
6.879490649477326691e-02
8.043799273265666017e-01
1.415467478591409534e-01
-5.411839440191604789e-01
7.264449716558047943e-01
-1.595158371386586338e-01
-6.709500698242709671e-02
3.822336916994196754e-01
4.578628213591611762e-01
-1.660190253177456499e-01
-3.969946907362326693e-01
-6.522791566285457421e-02
4.007700564299661594e-01
1.773649862762048390e-01
-3.093717356757059167e-01
-2.306001009358776832e-02
-6.159390059087527236e-02
2.454945462330834216e-01
-1.712483690380914303e-01
1.919516020277853285e-01
5.608067263611293818e-03
6.966913890391983610e-01
4.113332400566366287e-01
-4.100942082284481094e-01
1.495147849787877292e-01
5.120816933353642408e-01
-3.736403149702315907e-01
-1.935876202323181250e-01
-3.247799362987757177e-01
3.541729097463209297e-01
-1.947893342726789156e-01
-3.526652589944051508e-01
3.680229538470743966e-01
-5.643098510231547849e-02
-1.197036590751465734e-02
2.126896015143321383e-01
5.344627060656315098e-02
-7.887556528686223700e-02
-6.303165714959042543e-01
-2.826599646800928012e-01
1.384969684473892904e-01
4.984933411886384724e-01
1.538605302560809296e-01
-3.714938486205465740e-03
-4.535472768454341663e-01
-6.776249750697294072e-03
3.973862422398314886e-01
3.765868288935388386e-01
-3.949509047477029466e-01
-3.817967399749838120e-01
-2.181990503468149156e-01
3.828212538141392840e-01
1.638701164315850556e-01
-5.112385082175918694e-01
