-4.194050877221260423e-03
3.476444183741360661e-01
3.042397104541484376e-01
2.218176053540229786e-01
-3.266848489810014744e-01
-2.079782876412171744e-01
2.800372206894427007e-01
-6.851804120217344640e-02
2.048999189667263798e-01
1.835635557372719898e-02
-1.362239956912236205e-01
-7.446608868149279248e-02
9.797166144006094757e-02
-1.033641930251284480e-01
5.752297873387766103e-01
-2.978026716212883729e-01
1.886249455407613129e-01
1.732909287730987624e-01
2.531752869787577409e-01
2.051015848248617934e-01
-3.939161472329933966e-01
4.591470493572935574e-02
8.005303606317213522e-03
4.089046314562008733e-01
2.831184653954488262e-02
8.912966746044437283e-02
1.304874381429677321e-01
-2.183011182905811864e-01
5.534973638529290529e-02
-1.424613040908890849e-01
-4.481537447179679418e-02
1.942298629257293019e-01
5.383815914714319001e-02
7.305138279433759374e-02
3.421730673741936180e-01
2.228504959223382154e-01
8.782460373476412563e-02
3.556541685435094524e-01
6.426688541447395098e-02
-1.465530266533160431e-01
3.325292312715878995e-01
2.439834188451854846e-01
1.019065246906823430e-01
7.594206625129292995e-03
3.106741992410702591e-01
2.957653008910396952e-01
-2.073368843255081750e-01
3.586792767963009054e-01
3.862506698706741348e-02
-1.727367357680924254e-01
1.581944327382683868e-02
-1.104019781682762380e-01
-1.796334762173916189e-01
4.130018279353070421e-01
-2.961592440401271675e-01
-1.786551928631053276e-01
-5.078807616689050564e-01
9.934894307413273326e-03
8.718678889429312684e-02
-6.456169771722742867e-01
-1.654271206291897667e-01
4.347115124528718733e-01
1.873190249526689444e-01
-5.913986943624389703e-01
2.323868788860888324e-01
-3.975995175947725224e-01
-5.067831712907426844e-01
2.325685422962774779e-02
-4.301802512817449742e-01
-6.529402492725767948e-02
4.240721758426523325e-01
3.809759001779548099e-02
-1.555453721264892231e-01
4.247167522199368217e-01
1.766494149097142530e-01
-2.092530395947133359e-01
-1.945050440646207690e-01
-2.576101990259248645e-02
4.403669746752575387e-01
-1.067924493346159437e-01
-5.289834574985612381e-01
-2.416779395300432953e-01
-2.921993604947776269e-01
-6.391658257566331658e-01
2.964729418916490777e-01
-1.788456691101071236e-03
5.419825249514429455e-01
1.819477956609775182e-01
6.640053709604254190e-04
-8.814516576272966863e-02
8.353358510995667618e-02
-9.558086278926508639e-02
9.746424068575218480e-02
-1.719178525053368378e-01
-3.809333909988247835e-01
8.992780890274928995e-02
-2.786578242789880533e-01
7.277416712305625479e-01
8.276471957142362418e-03
-3.204726513867335314e-01
4.131999899819212008e-01
2.883251024804069362e-01
2.005066800613595351e-02
4.076204612302741226e-01
6.347185104335081873e-02
2.020116898801600780e-01
-2.880813873136310876e-01
-1.101272055748811207e-01
1.137510960931531201e-01
-8.933398859443397733e-02
3.003520984371187974e-01
-3.593022164243981909e-01
-7.423124278278796229e-02
-1.974315727861207237e-01
2.241515637126884342e-01
-5.691147485617222834e-01
-3.370777780166682724e-01
5.532716677943759487e-02
-2.639981558659393324e-01
2.360511586319137267e-01
2.528688987198337568e-01
1.936976582781540779e-01
2.420176189250095589e-01
-6.787216840623783165e-02
-3.809059412819716661e-02
-2.758700359864237339e-01
2.089053472791940202e-01
-2.322889192870789543e-01
-5.372555184416345497e-01
-9.384784147570775226e-02
4.303316773057030420e-01
-9.880622834332011828e-02
2.314419764474564545e-01
-2.994952086299189631e-01
-1.449591522649305020e-01
1.625028180360639785e-01
1.908488123425419736e-01
3.868637255476278097e-02
-8.276831778425366437e-01
3.015211647219209201e-01
2.132041929998527985e-01
3.066526873909985462e-01
-1.648926802483626219e-01
3.166253062742914182e-01
-3.942826285197990888e-02
1.678831402259243211e-01
5.563882909056232506e-01
1.715519688079170102e-01
1.398379257137715992e-01
1.075021580277212285e-01
-3.921179107075793424e-01
-4.527390951321905860e-02
-3.481296817560951551e-01
-1.654461249854024540e-01
9.536189166243165538e-02
1.013640095423762183e-01
1.218882323300054249e-01
-2.308340117444508954e-01
9.239322053693178275e-04
4.560668113244451538e-01
-5.590766867573562782e-02
2.416810514949093713e-01
4.671969278838947193e-01
-2.230391985990200776e-01
-4.249455287309976126e-01
-3.651102955655077809e-01
-8.656532618161846271e-01
2.762123169217869378e-01
-2.018913157653421386e-01
7.181709134945876705e-02
4.714009074682208311e-01
4.135987012221933323e-01
-2.559862545656101385e-01
-2.219223373516744369e-01
-2.703008160531725768e-01
3.812307748437113175e-02
-2.697918877324775311e-01
-1.016479534972183074e-01
4.940734154016301893e-01
5.055378171468105641e-01
-4.446601422382230329e-01
-3.385703471310932411e-01
1.460942610897318084e-01
-9.650972561890280854e-02
3.779217687352821116e-04
-3.218668308940411116e-01
-5.853994869473456292e-02
5.398193435554994590e-02
-2.180426769308282248e-02
-1.712724793684464730e-01
-3.034507458856496864e-01
1.594003621032858975e-01
-7.055692343846313719e-01
2.565957720068077208e-01
-1.660738174388440846e-01
-1.533254282164196458e-01
2.683380255050056840e-01
9.666126281366313466e-02
-2.457460822284709412e-01
1.567574156015922315e-01
2.570401170561250614e-01
2.797535497691482353e-01
-1.599229424960847135e-01
7.764549298680561984e-02
-1.714490871328624988e-01
-4.501113322439463937e-01
2.110741858641555606e-05
3.470770009143889778e-01
-1.760783429390773702e-01
5.389362105634829536e-01
6.267962193669813775e-01
-4.400029257638413682e-01
2.033952687119739422e-01
3.032735086257290491e-02
1.131472889452458663e-01
-3.275589004399962478e-01
8.088618032922711976e-01
5.274031736774495993e-01
2.471410875064781326e-02
-1.204051136291946211e-01
-5.707468857184082589e-01
-1.616068073746050049e-01
2.132162088726226312e-01
1.526288517858274130e-01
1.290611118537872692e-01
7.537429912057777570e-02
-4.812568945905127960e-01
1.127190043460194468e-01
-2.151988597471977682e-01
-3.276640832549119198e-01
2.666070955916115259e-02
2.088588547832621600e-01
3.451854962036274288e-01
3.414940018464081573e-01
6.152578942128006378e-01
3.060634757859137002e-03
6.601083335094773963e-01
1.529949641635451330e-01
4.546947922172372980e-01
4.988374433066559283e-02
2.472940817048780437e-01
8.135461088710577160e-02
3.592710677092983418e-01
-3.260105974794689221e-01
3.106680607447583342e-01
3.438524714717904884e-01
3.241817496681068667e-01
-3.841843637324467986e-01
-2.582257675178074585e-01
-2.697850132442476956e-01
-3.205576589534880338e-01
-9.006224387541925114e-02
3.775078607412382659e-01
4.672008126223091140e-01
-2.855043236575663390e-01
-8.048111257319623402e-02
-1.418920513299739006e-01
1.262672572272493521e-01
-1.714012567406073551e-01
2.534547492143910952e-01
-8.475199868860897046e-02
-2.599120125075465304e-01
-3.135441770893915292e-01
-1.754856534436334270e-01
-6.020643440424349180e-01
