-1.371364809801663420e-01
-2.379275171384958310e-01
-2.069806520505993730e-01
-2.621404869274430727e-01
2.636385398682845604e-01
-2.864007777520810594e-01
2.920216844706090553e-01
-6.556164237243868875e-01
5.239930370219152422e-01
1.491882779467630649e-01
-1.361262946916440009e-01
-2.402075987401116053e-01
-5.781271684671061006e-01
-2.482400640364447464e-01
3.283495783347005759e-01
-2.186746413964044122e-02
4.478001013314154011e-01
3.842913237113144698e-01
-2.936491420297374644e-01
-5.638651667128881384e-03
-3.844078716799148032e-01
4.440920712333611131e-02
-8.483613275123375042e-02
1.229183773987959083e-01
-4.618002611521010436e-01
-5.789746890047849093e-02
4.283520913396945962e-02
-1.698172774223885573e-02
4.998291316157895681e-01
-7.921552435375604773e-02
1.556873069400795118e-01
1.263175043385516283e-01
-1.892133503161662067e-01
-2.043571115751713352e-01
1.856707805852998439e-01
-1.235946403594916920e-01
-3.640580076937626613e-02
-4.237234839632925132e-01
3.569256242903736526e-02
-4.429496721653513602e-01
-7.916996128823299006e-02
3.833656976131127325e-01
2.841515976199759930e-01
-3.083153370229969603e-01
4.002925724560184584e-01
1.951779699073421803e-01
5.546653888565456630e-02
3.298373576701882359e-01
1.538832366621772363e-01
-1.906436083755609912e-01
1.660182588446085794e-01
5.152948804557717644e-01
7.231757150110487697e-02
3.178276916771723415e-01
2.021233624568974097e-01
-1.412345560773413666e-01
2.102403559515124143e-01
-2.384796981869909405e-01
-1.525185465374207239e-01
-3.648609955563215934e-03
-8.902047036450849715e-02
5.075518061183464935e-01
1.836330120572039065e-02
-8.877361461900497297e-02
2.222699533228341129e-01
3.354084615271363812e-01
-5.327214086414605587e-01
-4.254311018318716053e-01
-3.628638794817408142e-01
9.408378311749801548e-03
-3.168022060659492767e-01
-8.617137114453377045e-02
1.796747375053947271e-01
5.890534766848033732e-02
7.146139521614869317e-02
5.483334012368684673e-02
3.684081954079779786e-01
-9.679819704820480375e-02
-1.500949184588260821e-01
1.222820231147243586e-01
-1.199764675976351808e-01
-2.850783375267808006e-01
-7.324964541704295784e-03
2.654160882136116784e-01
3.133452755738898310e-02
-2.165501440694414803e-01
1.342271125802776410e-01
-3.702783885168941386e-02
-4.149141915515283663e-01
-4.826891547378732439e-03
4.054954326713717250e-01
-4.406903012300344979e-03
-2.780334293324824291e-01
3.855052309596728177e-01
-3.065494765453649073e-01
4.351649070741339664e-02
4.817317032565034962e-01
4.659150055583723138e-02
3.191313238140213171e-01
5.499748523020217550e-02
-4.183263883158764296e-01
-1.445475784212341130e-01
2.186098712309494929e-01
5.460396494602176576e-01
1.426555770596618367e-01
-4.847724580932936123e-01
-2.595722727506141192e-01
-4.045752952834955618e-01
-2.952124915761777935e-01
-3.720250993056865019e-01
6.440868777996539007e-02
-9.038069414565083615e-02
-5.894106497131776923e-01
-7.917225604804574435e-02
4.485563629370151739e-01
-1.378250739678048287e-01
5.002589615428675029e-02
7.787847350196833163e-02
-1.378409869490261619e-01
9.915870758114694872e-02
-1.599101108580732733e-01
4.850530994063136786e-02
7.101951219966251561e-02
1.890975647026501838e-01
-3.626204885924536742e-02
2.128479394596158869e-01
-1.798755808131029532e-01
4.334105776622190764e-01
3.467497763611436246e-01
1.818824869820631351e-01
-1.657963293545242356e-01
-7.607410820253912576e-02
5.721026779752373947e-01
-1.713593425175257146e-01
2.563180638904102165e-02
-5.861446949206709778e-02
-5.819250284616312580e-02
2.305479184359840450e-01
-2.962754734871153595e-01
-8.380229015250025004e-02
-2.675325836051800077e-01
2.864680950015163763e-01
-1.873356886189563586e-01
-2.871945589688755796e-01
-2.372533969707596446e-01
-1.857075244915341872e-01
1.092759649074614425e-01
7.412133584356947469e-02
1.109539191379557976e-01
-1.465351224758206783e-01
-4.433169375906060861e-01
-1.839882854467540518e-01
-3.396768371712990398e-01
1.512342761119145340e-01
-1.713092462827063289e-01
3.823707926010105340e-01
4.463389845767313235e-01
4.944427427719430557e-01
-2.219375691407637907e-01
8.251666807843052731e-02
-3.200007639228422684e-01
-6.095420319541910298e-02
5.711603824789891481e-01
1.904086748920496563e-01
5.170981770191693250e-02
6.488011207796619273e-02
-3.825912130680700352e-01
-1.479724034908087016e-01
-2.128505889833448572e-01
7.677067527818134951e-02
1.220248693691157599e-01
1.869443512309780231e-01
-5.348509108705333803e-01
-2.279051484592997667e-01
1.956490607658141478e-01
2.617914904551476574e-01
-5.204248598516862945e-01
2.255574516980402011e-01
1.695519754305563620e-01
4.779628907501723978e-01
-1.952089733184290132e-01
2.755718143258223951e-01
-2.825487345046593379e-01
1.373577294566150075e-01
5.855225281717310049e-01
-6.320318113030999607e-03
-4.417922767099108916e-01
1.454150937556765721e-01
-4.342786676790866274e-02
1.990449658732804661e-01
-5.925162133420232985e-02
-1.962877741536998288e-01
-4.818927680202855085e-02
-1.783471242957623271e-01
2.725039721432198636e-01
-5.094003088150064057e-02
1.171629269831040154e-01
-3.428509132171515122e-02
4.643000709155333250e-01
-2.873193004278595808e-01
-1.508169411520377534e-01
8.607322076014209400e-02
-2.094593620115346444e-01
2.254737272351010069e-01
-4.055174160058782062e-01
1.006084595596388187e-01
6.108498281253652712e-02
-1.854051252573500341e-01
-2.574004761792905716e-01
-7.128998561231247866e-02
8.970614528950474065e-02
-4.640185214553869952e-02
-6.858794298768175479e-02
3.974209658594177741e-01
3.056548847987108353e-01
2.905156411520919135e-02
-3.503721809715525382e-01
-3.744413202881196057e-01
-3.023698591174675543e-01
1.266801650594782946e-01
-2.389545042638046846e-01
4.878143329765565195e-01
3.283497054593680353e-01
-4.370519512320480970e-03
4.031779563754263052e-01
1.423347653516301992e-02
3.926280858248483163e-01
-4.240674963099345107e-01
5.452283038090609546e-01
4.289909893565144738e-01
2.084689584601884527e-01
-1.402831415517765967e-01
-1.067293922848307625e-01
-3.650503297646388035e-01
2.569388979322692057e-01
-1.285717225934332464e-01
-9.705917823293518099e-02
3.808814872722705580e-01
7.231787084823447787e-01
5.116729811363002201e-02
-1.843700372151082512e-01
1.366102875205711387e-01
2.650352484475110848e-01
-2.897799632971174155e-01
1.285940244628940299e-01
1.911355590981433233e-02
-4.145380265785740537e-02
2.363460670828245458e-01
9.686301422778791081e-02
-4.364392839621893394e-01
-2.753366369654517420e-01
-9.861155222329366643e-03
-1.362528146082561398e-01
-1.408096261754299694e-01
4.769803732188682144e-01
-3.735995659563413618e-01
-1.874717447697437644e-01
-4.500780150076126862e-01
2.464450385489916351e-02
3.455921358475389643e-02
-4.102438333249072699e-01
-3.145695071113588925e-01
-2.891791442871265438e-01
-2.241785943365681710e-01
1.929869639251343694e-01
