-2.474441858831327723e-02
3.142834158605927186e-01
2.237974465238085908e-01
2.380811493194467943e-02
-2.907354965657316104e-01
1.548895814378603297e-01
-3.582245457942209721e-01
3.317604867820720393e-01
1.259381364193880581e-01
4.133676518501688268e-01
2.080360260781949910e-01
-2.609822956954248596e-01
3.147171616035417951e-01
3.877748567092585419e-01
-2.404081209882097392e-02
-4.366703995015775580e-02
-1.696532621572257038e-01
6.898409371819369529e-01
-1.794384885787432549e-01
5.695681357342312345e-02
2.746509549871870570e-01
7.792307472863427842e-01
1.124077221198564319e-01
2.398546254940557843e-01
-2.107328728013021235e-01
1.711792626712173304e-02
2.916423232473471794e-01
1.521019907618408051e-02
-2.930324246179385472e-01
-1.898480983109286646e-02
3.638076861833712261e-01
3.898902250478882003e-02
1.451274648236613660e-02
-1.712798610939893218e-01
1.766146384988873941e-01
1.920550725936664427e-01
1.728393866131198164e-01
5.285184272650991222e-01
4.570526769066446393e-02
4.943008611279852554e-02
-5.731317819794173180e-02
-1.324421375235678711e-01
-7.033351900173395732e-01
-6.060904677856200351e-01
4.832073490452751807e-01
1.066692800417871345e-01
1.264032683097927046e-01
-1.145280937586608400e-01
-5.062417162531376857e-02
-3.110480309222614093e-01
2.981144430299781378e-02
1.498683483181174614e-01
1.494317748829223080e-01
-3.245152814761939064e-01
-3.243632223660478653e-01
3.597873615195672503e-01
4.697683097116669426e-01
-4.401205349731052152e-01
-4.448229066764409351e-02
3.876915396404628789e-01
-6.656271289497518451e-01
1.579766666929435792e-01
-4.806632636592388930e-01
3.556446114833739514e-01
-3.372691959688012275e-01
-1.459408929025928225e-01
-1.085890349385477682e-01
-2.445241381786590895e-01
-8.588779847735397710e-02
-3.464768744895648789e-01
1.689278628242137925e-01
-4.647763884019848746e-01
1.642414435906316972e-01
6.603545810435865193e-02
-1.218937980475360838e-01
3.765477877176881538e-02
1.085246720735534853e-01
1.463646684028677702e-01
-3.491313874135935080e-01
-5.313293495213236017e-01
1.109218316958415634e-01
-6.151449786452836133e-01
1.451423238882239286e-01
5.138966536860580803e-01
1.903444985930296540e-01
-3.378844757392004405e-01
1.721957598957312707e-01
-7.563691519194190582e-02
-1.020161783631285679e-01
1.199549645151667399e-01
-1.444099861970866705e-01
2.212221710152557086e-01
-4.872963355251722639e-01
6.629758875041662503e-01
-2.017584021248816084e-01
4.991975296359680847e-01
-3.289830818424754888e-02
-5.626015121796215102e-01
-5.008504835377542569e-02
1.157175097254601187e-01
2.615817650892214852e-01
7.487782185014871250e-02
5.138218322609051647e-01
6.378770593068430750e-02
4.331491035659786881e-01
5.442601383762415979e-03
2.845140157356230715e-01
4.769045520202158661e-01
-3.663541448457705019e-02
-7.749742205231441305e-02
-2.249490636074608640e-01
6.650945543895500078e-01
2.279766279375820548e-01
2.357878396451892344e-01
-5.468413897863377837e-01
-3.610718298809342808e-02
-8.546285758559718504e-02
9.937424775101265373e-02
3.529809865542035685e-02
4.939499460151183241e-01
-1.946279662400279553e-01
-1.966748417113103331e-01
2.529324476855548953e-01
1.473625924415120914e-01
-3.381491770440275824e-01
-1.348670457932766853e-01
-7.216002673591201400e-02
3.467062538235542446e-01
6.100561094158536701e-02
-4.617832803804874375e-01
5.725087841172307734e-02
1.700392391342269161e-01
-1.363184288467394478e-01
-2.409275138480465872e-01
-5.238706241526952523e-02
-2.840474073016762135e-01
-8.573744363042476446e-02
3.740335605517910444e-01
-4.225417958672349483e-01
3.071759338951948748e-02
-3.870579910410387736e-01
-2.901096910022105124e-04
-1.656113341523820504e-01
1.638119026555861502e-01
4.360618318113912983e-01
4.484660435067339135e-01
-2.028746187262970013e-01
-5.217930528418981972e-02
-5.023940503539013891e-01
9.141631819096951439e-02
3.723225767500282224e-01
-1.197087195370145213e-01
1.303220539221688901e-01
-6.334256444340078396e-01
7.455272877771326745e-03
2.300866568170974180e-02
-1.026356578699708089e-01
-7.123597646764463498e-01
-7.510204461291234423e-01
7.034433515793987457e-01
-2.315094711587928344e-01
2.987242983087598502e-01
3.668287323424437862e-01
-4.661257592494807422e-01
-1.608550456857598399e-01
-1.074018321382409907e-01
-5.166148891688256972e-01
2.114161166668300229e-01
-6.871418436451474931e-02
-5.227461770452185297e-01
-3.206945167466445090e-01
-2.687242281567374658e-01
2.022354131875823968e-02
-3.961775876621994041e-01
-1.832294638543972565e-01
2.111272707000715065e-01
2.553904568584724477e-01
-2.576543703201110702e-01
1.572741013790126541e-01
5.485447411659433170e-02
-3.396648740749033668e-02
6.584796325525160698e-01
-9.297886392043301640e-02
9.475334822404159196e-02
-1.479023903724214217e-01
-4.155182248442348403e-01
-4.050813196935099114e-01
-4.040188477607283002e-02
2.046852786244989647e-02
-6.068933257329685305e-02
-3.047957372606421300e-01
-5.446707136502956792e-02
2.368725022422805138e-01
-3.301595596593253634e-01
-1.425536058666972972e-01
5.212039873778347987e-01
2.070481308848302060e-01
2.480970047047220128e-01
-3.875213167109334833e-01
-2.725550365120650298e-01
-1.075550003680351974e-01
-3.480293389889108080e-01
-7.746278562270701717e-02
-2.273055751881998265e-01
-2.255324413660493299e-01
-4.277994062469336889e-02
2.521224804307530265e-01
-5.500173340305155589e-01
1.387685892861482695e-01
-4.917292820388817765e-01
-1.932051766979423491e-01
1.947961201304312939e-01
1.486964989710167495e-01
3.292478430764957109e-02
-2.100780745548329609e-01
-5.695816863042505451e-01
-7.378016943783120007e-01
1.824106934746274056e-01
6.662071827997124718e-01
-4.079599827373256438e-02
-6.494867950684259927e-01
-4.004447270342236243e-01
-2.636577805198405677e-01
-1.513570635768268779e-02
-2.957635878702052357e-01
-4.649950251971038395e-02
6.332154910611539900e-02
2.994988911977331525e-01
2.352092536987739624e-01
-1.589764653338029410e-01
2.188468087054140643e-02
-6.209089852280196276e-01
-3.223937090349612844e-03
-3.658206421028500355e-01
5.221961244357261611e-01
-1.315063844999130593e-01
-4.708162762450809891e-01
6.547038578933629394e-01
1.147748381455029054e-01
1.116851608775564220e-01
-1.051356817947334127e-01
-1.552838984640961539e-01
2.611664577247572172e-01
-5.308554963400445859e-01
7.094000979511486116e-02
3.889618198975239999e-02
-1.499886252586688506e-01
2.004253550970751252e-01
3.569779755552245359e-01
5.813258043399974762e-01
-7.164849477745214301e-01
-2.257136597896465813e-01
-3.636155098931308505e-01
-2.574662730493336160e-01
-5.599260040838440755e-01
5.597837746631871836e-01
3.089961350971878393e-02
-7.498669953598727234e-02
3.078773731441235562e-01
1.879996622957304242e-02
-1.566280838742323267e-01
-1.077730998328164103e-01
1.812901790311972072e-01
3.126613899459551038e-01
5.969986193624579052e-01
