-2.560486367527707863e-01
-8.902345514137810500e-01
-3.890694449670697441e-01
-9.781764775873322826e-01
1.920983452846696249e-01
3.861414534135709786e-01
4.616045156755288481e-02
9.289708354455907813e-01
7.942686130142528889e-02
-6.753817252197857890e-02
9.774835726915813705e-01
-2.939950339277441760e-01
-7.400878973843525443e-01
-9.490327433796161838e-01
-7.105865543973510778e-01
3.208399919057798311e-01
-1.592990840559171950e-02
4.304233601828375555e-01
9.501794766473929954e-01
1.793443948861264126e-01
-9.924799549544058852e-01
-7.503022819630855711e-01
-9.398960023208609016e-01
8.622438667543002033e-01
-1.038373423863301337e-01
1.636554309584539180e-01
6.001652682870739497e-02
5.551333693649151968e-02
1.007846708527031510e-01
2.112596984664776301e-01
8.049063854992875022e-01
-2.625389769815666963e-01
6.001645786290019657e-01
6.428573802868740028e-01
-2.161452135698631594e-01
3.398385799611149949e-01
7.980223875829914881e-01
1.546228447815802820e-01
7.944693418246371319e-01
-6.411197297723814081e-01
2.640448253920435473e-01
-2.462444636404086395e-01
-6.614598901468831116e-01
-4.404104669386832427e-01
-3.545089422566538584e-01
-3.189049113115820511e-01
-8.997453383707758601e-01
-8.003720512378142971e-01
9.806752407019578843e-01
-5.737856664409275442e-01
-8.373184519619201183e-01
-8.491279361749537458e-03
-9.601330001796082314e-03
-4.761763221543073854e-01
-6.668221838282151204e-02
8.641779785764009958e-01
7.110871737036965623e-01
-8.452897698359247425e-01
7.348493535623463746e-01
-5.962311769246253501e-01
5.375918599349147620e-01
4.516127278020853897e-01
2.823548362555006186e-02
-4.452967920519634859e-01
-1.280666124136728978e-01
3.763730764645512039e-02
1.590205004297686742e-01
-9.685142392167649383e-01
-1.394406148958160507e-02
8.547434469897003950e-01
-6.433116447113005343e-01
1.326055905009140279e-01
5.373407914693562049e-01
-8.681222513469266655e-01
2.573075278530485566e-01
5.142869504449929519e-01
3.029710308335038516e-01
7.749201223450883358e-01
-6.821663850136081564e-01
5.386925938441180506e-01
-8.662387363971171261e-01
8.466777721464426865e-01
-1.637750442534329220e-01
1.695837921846015117e-01
9.969201330145915918e-02
-5.987733561999022402e-01
3.790280703547703745e-01
3.621569432808979805e-01
-7.588931111631986859e-01
-5.933368968522372278e-01
-1.786459256260586326e-01
-6.715306068091131397e-01
-8.975264279027319603e-01
-3.693452610950997972e-01
4.565611329475780522e-01
6.396007165802823913e-01
-2.660639801491704315e-01
-4.291015769527461998e-02
-9.996980532018078236e-01
-2.893827315215997675e-01
-2.263477883447797545e-01
8.022621668380121029e-01
5.269306328027889563e-01
-5.319058270849825742e-01
-2.934950929025597066e-01
9.369700383007351085e-01
-1.354870755153922968e-01
1.191037016141305305e-01
-2.874511811849369547e-01
-6.034765499343865969e-01
5.445726769903469489e-01
8.187276266173399986e-01
7.369804368098908931e-01
-8.134805263046307466e-02
-4.159745363525355621e-01
-6.976032068094077943e-01
-7.949926177314530218e-01
-6.376520849867470808e-01
-9.975948034657644570e-02
-9.589904107959272839e-01
3.006150927458564048e-01
-6.579093554733903559e-01
-1.000081544537978484e-01
-9.896295212476613479e-02
-5.365752223868740511e-01
8.122191660060269491e-01
2.055245986604041786e-01
3.078693139932735523e-01
1.925380150596789353e-01
2.937367395320988894e-01
8.250301516749769526e-01
-5.523903677422654646e-01
-8.982824806144562579e-02
-8.990369407991802841e-01
7.449429515615211272e-01
1.473222797591944300e-01
-2.767769734064156051e-01
-2.542390110658230284e-01
-1.400619879428788295e-02
9.126258048223578889e-01
2.974584306118421839e-01
7.384969692135054942e-01
9.014164494638408076e-01
-5.717274288303066943e-01
-9.815452232036754321e-01
-9.199058451434969363e-01
2.458646397485035884e-01
-1.079024275358775320e-02
1.920205094680502711e-01
-6.388147762535272278e-01
6.557882364398639474e-01
9.778213872844205845e-01
2.508759103963631443e-01
-6.655499420769748209e-01
5.180830268548521911e-01
6.977616008667537617e-01
-4.712849885909666803e-01
-6.400874341622642127e-02
1.326385947676942401e-01
-1.113253699516632000e-01
7.440109394140450583e-01
9.515016934436424378e-01
3.551241878718514045e-02
-8.346816800070655518e-01
5.302607199391669024e-01
9.034492760128272071e-01
-5.905371990337104915e-01
7.801311637006527189e-01
-7.637443716169178831e-01
-3.317294770950995897e-01
4.025055437195912411e-02
4.622295300091088244e-01
-9.450695081804141306e-01
-8.065882201412877262e-01
8.066607392465017234e-01
-8.026131811939014593e-01
9.239504465801489097e-01
3.496271303418989618e-01
5.036069961635660786e-01
5.369957465583397038e-01
6.705755530543231480e-01
-2.065970152312301966e-01
-2.496601896690875400e-01
1.679021472617958644e-01
7.872131534513853168e-01
-7.345011691959122402e-01
-5.892073180416639300e-01
5.863071319914097135e-01
1.860176254182968059e-01
-9.647372208905808932e-01
-2.903908484861847938e-01
2.730178511775542827e-01
-7.509394022111068878e-01
-9.128810709079582253e-01
-4.126905380286272074e-01
1.872775007030902383e-01
-2.919317603815079210e-01
4.126774590746196125e-02
1.708983475050853684e-01
3.871595351436951660e-01
-5.012368263081905528e-01
4.970868621337811710e-01
3.803189994514921679e-01
-1.904796466549663059e-02
6.636840249580189255e-01
-8.461890052542071494e-01
-2.608949764250350078e-01
-4.082872923856546432e-01
-8.979649869121228978e-01
6.645311336838650718e-01
-1.030265929301013017e-01
-5.709187410528546724e-01
2.128323550828381538e-01
3.464985647041165517e-01
-7.423712902390318114e-01
3.752708386408818431e-01
-5.730725509536749307e-01
6.569472729565672964e-01
-8.424516844575615782e-01
3.569439247887473687e-01
-6.976336012130881503e-01
3.625021156261318822e-01
7.764830136446743136e-01
4.420412537755946669e-01
-8.437287525578929248e-01
5.534348818964023309e-01
-7.470658282106956705e-01
8.685201983176522589e-01
-6.157786052400677779e-01
-5.166643587345638444e-01
-1.694694562067247112e-01
-9.054258780947870289e-01
-7.990252919945886045e-01
-6.501002762765935028e-01
-2.065647580154752472e-01
6.770578413729941847e-01
2.073400034965215966e-01
-2.763735293278073435e-01
-1.492167677785307678e-01
9.658988853153001042e-01
-5.968579073428068593e-01
-7.352448453788120730e-01
-4.470954502048942736e-01
6.208384992882567399e-01
-1.994438891988177254e-01
5.889698511473695497e-02
-5.166315979399791480e-01
6.730981645887859077e-01
-4.342276452407221043e-01
-5.462174283317733359e-01
7.203303159607776784e-02
7.753951181850982088e-02
3.128482599256370289e-01
3.763456387110042378e-01
-7.635577859233966258e-02
-3.475182512529289003e-01
-9.100767580873296847e-01
-8.788934719271122020e-01
-6.751128001532658018e-03
2.814865011788001414e-01
4.163716105753800800e-01
4.314446555373363523e-02
-9.526084486529804440e-01
9.979059726653793927e-01
-9.187531759722527003e-01
