6.462682362317406781e-01
1.028967550602814640e+00
-3.697010268458222892e-01
4.117861005562183374e-01
-2.022661406336719869e-01
5.915211630725931702e-01
5.789746215346556202e-01
7.219868687034131094e-01
2.980181592202668650e-01
-4.912015964765545917e-01
7.292155218273034256e-01
-7.399362616278934435e-02
1.321009762017961275e+00
-5.249187205031475845e-01
7.439433922671443433e-01
-2.867044345338014555e-01
-1.237846057090086216e+00
6.206686483496424156e-01
4.138577879161641215e-01
-1.372596430900354658e-01
-3.614561090701032264e-01
6.377144531574314712e-01
-1.212465427449602451e-01
-3.423568567016891384e-01
5.006340826785666831e-01
-6.179469982643308601e-01
-2.017797537957384812e-01
1.481628618950179943e+00
-1.762318221686047237e-01
-9.600726838765637206e-02
6.676618827425503389e-01
-5.807251719900309306e-01
8.761004389536302117e-01
-8.619933414206826239e-01
-7.270992099534734354e-01
-7.531991884362376766e-01
-7.685943321230022107e-01
-4.863822833435126058e-02
-2.614736159627555345e-01
3.383340092526424536e-01
-1.998215080134400079e-01
4.460196308917649399e-01
-1.524535244552715496e-01
-1.064288502428128447e-01
2.940041941657093316e-01
4.169048065430459582e-01
-4.136025939555213471e-01
-1.796635776737657952e+00
3.896934073427898437e-01
-1.173229247777566098e+00
2.280953545622215473e-01
9.026076027518726841e-01
-8.796739889850624383e-01
6.238417513788174773e-01
7.498438818812849238e-01
1.469812098438833259e-01
-7.531429461707436213e-01
7.489920690538620640e-01
-3.441819021401085754e-01
5.059152014699472844e-01
-7.884287549253304883e-01
1.146062699966665210e+00
2.703596441766232816e-01
-2.304564477034054260e-01
-1.711527101744041879e+00
7.130293641600045085e-01
4.795472467047511289e-01
9.041180387171330324e-01
4.674335166256203544e-02
7.500581049331156436e-04
-3.604707800896237574e-02
2.425496103705199746e-01
-3.541150553579638371e-01
3.419316029181347361e-01
8.904683573837314237e-01
-2.081862102470292131e-01
-6.972152825206714422e-01
-1.177148163024750172e-01
1.161437025139158363e+00
-3.323632513531374899e-01
1.585897926627554549e-02
4.713961089781937286e-01
-1.326734144458598941e-01
6.325668053667707902e-01
-1.703921538374699451e-01
-1.049463151852157716e-01
4.157641173232997089e-01
1.235630816599929904e+00
-8.710599886910985745e-02
-9.128014507853965398e-01
-7.168233536819654805e-01
1.014008898577434703e+00
-5.549897501771172692e-01
-5.177728401385714996e-01
-7.895010563894064304e-02
3.771067104461756081e-01
4.369089315242022931e-01
-1.442031631860291263e+00
-1.063643891261870089e-01
-4.424010906841178148e-01
6.888285169564458688e-01
1.823009298441174986e-01
2.090245322748667534e-01
3.444616362604033810e-01
-4.629795832052820970e-01
4.037087764408997526e-01
1.045307822388048979e+00
1.201687008533208478e-01
7.650783446066382609e-01
-4.280837200391186537e-01
-1.416206125809364447e-01
1.438697511189393818e+00
-4.078062037721946753e-01
-6.384034870269829076e-01
-1.738824752953796460e-01
5.685895657464909991e-01
-7.636913713018538274e-01
-7.731358982852689632e-01
-6.460534029494956199e-02
-4.426832890547253152e-01
1.895320847341924395e-02
1.112678312531924840e+00
2.873967900503603401e-01
-1.669467366928258700e+00
6.083035049722449461e-01
-5.176816873286906873e-01
-2.328380452676479251e-01
-6.035455394090546433e-01
-3.971153685824878599e-01
1.830689313508161220e+00
7.657616024058004900e-01
-7.035580736279205549e-01
-3.025765762144694282e-02
-8.100078842347778751e-01
4.129725388431389199e-02
-1.166406457262222640e-01
-1.172672874228122830e-01
-1.474071984279032410e+00
1.446995397418166407e+00
-9.770722337162800197e-03
-7.620167682987943891e-01
-3.469111836308477193e-01
-1.809085433263647458e-01
3.489155142333978388e-01
-1.329056081867632244e-01
4.614702389053484399e-01
-1.438610720423176392e+00
1.271752176880822649e-01
7.978837397844117385e-01
3.834931310649489777e-01
7.780554581274161663e-01
1.787653977299016317e-01
-1.106363079806574057e-01
-1.370385224616064157e+00
6.639942211242080838e-02
-1.056921415983279378e+00
4.635389641252735116e-01
-1.069029501224175865e-01
-2.145755195282704753e-01
3.909075735162111931e-01
-1.457349902445323586e+00
2.845684872501050844e-01
3.629058645024903912e-02
-1.914364318214167859e-01
-1.959972526391947911e-01
-6.610733500019054520e-02
-5.474452118272790102e-01
-3.162572700291617633e-01
-4.856925178526136921e-01
-8.192787837739373691e-01
7.119787008475131351e-01
-9.601637897245174358e-02
-1.002075109617289517e+00
-6.694845950445140748e-01
2.501397384509543853e-01
7.081149322067571417e-01
1.446202443029526719e-01
-1.045678540214763697e+00
-1.129367500513981104e-01
1.749454019963046780e-01
-9.639212403430061360e-02
1.387490700304328417e+00
4.599951993636426928e-01
1.164317902054309961e+00
7.281940204336802003e-01
-1.289960805821039891e+00
-9.202801159275890708e-01
5.694904029498641940e-01
-1.317389809435118853e+00
3.000694217212418469e-01
3.836041174619498895e-01
7.954107862981865118e-01
-6.342509132289557428e-02
1.319384231757125825e+00
4.932869610946765682e-01
4.159281235769684004e-01
6.542930581658318312e-01
-3.722289446527408951e-02
8.765405750771536331e-02
-9.065327527065067947e-01
3.007922628834305279e-01
3.007348794280426674e-01
6.537718059523559555e-01
-1.909814028124683150e+00
-5.240563746793987232e-02
-3.707863842242107300e-01
3.523416966652356264e-01
-9.070429201812773012e-01
-3.914555135811406128e-01
-3.415677979954503951e-01
-6.764669125046783860e-01
-1.363187599373617331e+00
-4.258822746448210350e-01
9.546642475838794661e-01
-2.950069869418224244e-01
6.736289253310359104e-01
-1.872900474762283496e-01
-3.308343772919185022e-01
1.493681168861374253e+00
-2.525579465700914517e-01
1.421528864506343137e-01
-4.145062322645163277e-01
5.356256204341303118e-01
-6.349081021318799811e-01
-1.235968354549857207e+00
-6.431971961993323550e-01
1.433590373076704672e-01
1.327286946201963636e+00
-8.244455208905667742e-01
9.110847228664302744e-01
-9.700974919093454663e-01
-3.145922652781454332e-01
4.363580548355588951e-01
-8.848076795222852287e-01
1.571455058108837122e+00
-1.441516523776173120e+00
7.929100451832789276e-02
-6.201455040122501039e-01
-3.861786947453476060e-01
-1.095093444391942727e-01
2.518460342528879847e-01
-6.789362534945153627e-01
-4.493739163044937479e-01
-1.519442953245958849e-01
-8.372922032896125133e-01
5.179748671614237132e-01
6.425144527245946202e-02
-1.258041786676191931e+00
6.498493781567312721e-01
4.529490573908803164e-01
-2.226243172143958837e+00
1.603155501465866939e+00
9.585068377715302290e-01
-3.974598253386235069e-01
-2.376024829825297058e+00
8.355455729603371295e-02
-7.611238047992455735e-01
-7.552131477857044750e-01
1.321105454715806538e+00
1.203564447166290297e+00
-7.252878417096556007e-02
3.893019006964354434e-01
1.730956621622513847e+00
-3.062800647869212134e-01
-3.213586406901057790e-01
