-2.783087825838453586e-02
-4.536438267247241418e-01
3.715970557692029573e-03
-3.119085719359170339e-01
5.851598138480870737e-02
1.385843207016226875e-01
-2.457063939110241124e-01
-4.559783203266132845e-01
1.857852304989481285e-01
4.078545711722590672e-02
-1.256079162362902235e-01
-8.181872473932746970e-02
-2.024002242382283712e-01
-3.936263792661245375e-01
3.048681434899650497e-04
-4.724796513474883997e-02
-8.131191234578713511e-02
4.266717021832533430e-02
-3.708818884215223655e-01
9.465217499438466006e-03
1.396286099638781864e-01
-2.230815575367454950e-01
-3.056960813938247035e-01
-5.507625169134271470e-01
1.578683455427025706e-01
3.239475281900622977e-02
3.287585479726183868e-01
5.749011188813583223e-02
-2.281410749426188989e-01
-2.754476003944817952e-01
-5.496709512815679127e-02
1.641026028828086458e-01
-7.815862543861556988e-02
-1.607033542853424091e-02
-3.628250660301641783e-01
-1.731282136054380638e-01
6.998953833642818090e-02
8.039750447223845131e-02
-4.931076565998242234e-02
-2.229846354750825987e-01
-1.052524749902766232e-01
-2.021772061290736389e-01
-2.013165276914747892e-01
3.599378352008643089e-01
-2.735603633199389789e-02
1.970600703307059665e-01
3.709313750162493428e-01
4.745595200919016099e-01
6.296615280720989638e-01
-1.620380093415097478e-01
-4.604101555061066442e-01
-5.090960927457036655e-01
-5.504030122805228520e-02
1.322732547769011335e-01
-3.369569123197986849e-01
-3.017523892997736601e-01
2.725213488350716196e-01
1.411945729957153894e-01
-2.069616423574881237e-01
3.535210870923309878e-01
4.289801555595174065e-01
-2.416062790614921796e-01
1.873443608530766524e-01
-3.977441409157604912e-01
6.385955522045533295e-02
-5.800117551632093943e-02
-1.502124925336695282e-01
2.652610373924178463e-02
2.565854095447843708e-01
-4.895775926593108895e-01
2.049759572474552649e-01
2.448804206058810551e-01
-2.491122262492220518e-01
2.406277535590545802e-01
-2.670034983847633381e-01
-1.487678192968603097e-01
-1.083092554535713264e-02
-2.117370267870944955e-01
4.869304026320890322e-01
2.618731959306377366e-01
-1.060036920855784576e-01
2.068137998086784224e-01
1.286922810023488628e-01
3.914885044527864899e-01
-2.048785555260980440e-02
1.127451063536789866e-01
-4.020609584412838111e-01
-3.717273046087132826e-01
3.649059732730648431e-01
1.388002817316713600e-01
-1.787592489862119827e-01
-1.613207797659123588e-01
1.903056992005370401e-02
2.932805244715854798e-01
-1.419948638054738810e-01
3.727038228965784405e-01
-5.380152770915834493e-02
2.157046439864803988e-01
2.363709710216629900e-02
-5.609216172998163774e-01
-6.261485586533974690e-01
1.418257222853286925e-01
-1.591885606951900373e-02
-2.286164371418889785e-01
4.954600864180305764e-02
3.672573597494308562e-01
-6.059833214871381823e-01
-1.238225427132688961e-01
-4.346641940278965777e-01
3.741209085886807451e-01
-2.839417040186658497e-02
6.616642832250738127e-02
2.392712971982627057e-01
-1.488985186053676801e-01
7.583415399643989030e-02
-5.402442658363437733e-01
-4.439405335628027194e-01
-9.795303126891446999e-02
-1.554192991436529336e-01
-3.066884826785135632e-01
1.989849925359408675e-02
-2.125692747818067052e-01
3.447959063854627582e-02
4.312140582046591897e-01
7.527341150614895449e-02
-1.243362682519487949e-01
3.438422114106807204e-01
1.433155013614380024e-01
3.167343926994379277e-01
-6.388922526299303795e-02
-3.190930097059132553e-01
2.421756093723068659e-01
4.750790924538063065e-01
1.329216544599347571e-01
-2.175986794412873571e-01
2.378765414990005045e-01
3.513537552767361793e-01
-3.370974674164325252e-02
-6.445534146720463542e-02
1.419930271995410442e-01
-3.938892826212635895e-02
4.338812497916642863e-02
1.563552385872130079e-01
1.048171769684236587e-01
-3.365762637959324177e-01
5.920386879830338289e-01
-4.033093609130745938e-02
-1.803092309710691704e-02
5.015079993388600332e-01
4.184555279728533472e-01
3.759672244002507102e-02
-5.055541984604730588e-02
6.668578813101763703e-02
4.365884744935684125e-01
5.092931290251601073e-02
3.983527851410340603e-01
5.399112176035374411e-01
5.816987072318020868e-02
3.518384915184258332e-01
-3.020323586198531141e-02
3.474956746169606536e-02
1.047843877535379054e-01
-2.127803842768926090e-01
-2.793432603663807967e-01
-1.906274941769762199e-01
-2.564243139418943551e-01
1.675145718697738095e-01
-1.869320695869830518e-01
-1.352834658780876012e-02
5.291740134721885092e-01
-1.472899641824906292e-01
3.864914729327577625e-01
-2.485023735797515024e-02
2.439556054982119637e-01
4.289829015984615301e-01
-3.129418137798056776e-01
-6.408704672377588119e-02
-2.025713739841458749e-02
-1.003181512308500001e-01
2.382104033204518467e-01
-8.647151950870010650e-02
1.572214791430049941e-01
5.707420362030143357e-01
5.493590086381144183e-02
-2.708589944694465013e-01
7.836112645315227582e-03
5.604166998535400346e-01
-3.256539213579722203e-01
-3.855222744806202639e-01
-1.123310265298157890e-01
2.954898227860445203e-01
-2.579155163079365765e-01
5.899577689089369192e-02
-2.241065327744157232e-01
5.922629738258707727e-02
-4.211898414474360419e-01
-1.634442302733827845e-01
4.164094435187082333e-01
-1.380550182808835125e-01
-4.753263074576807856e-02
-1.441852234615689787e-01
-1.748820647101625436e-01
-8.797758061907612337e-02
4.237243624362427852e-01
4.674212922749023669e-01
-3.278911278470482138e-01
4.924621549153457845e-01
-1.125880566468415861e-02
-2.927643685342690150e-01
-2.816143938008144887e-02
6.773196436341775151e-01
1.238072222444411633e-02
4.335256062984975678e-01
1.104656546065446443e-01
-4.001605961079025831e-02
-3.128072103487952726e-01
-2.426358685375117619e-01
-2.154300850379283205e-01
-5.393889293852849320e-02
1.022759291279554394e-01
-1.239767726452632723e-01
3.628848595049787296e-01
-1.671565546491494691e-01
2.299241008693597155e-01
5.975593757205810430e-01
1.266230785092117561e-01
-3.643642455250874490e-01
-7.598445313674684343e-01
-1.566479088658111196e-02
1.204135684796344974e-01
-4.922975275646919169e-01
-3.865618602498939183e-01
-6.772751252867587057e-02
5.639624906501337076e-01
-6.093107330936691213e-01
1.117785672696601160e-02
-3.789891109050834428e-02
-1.599525504431929257e-01
-4.595593623952566320e-01
1.122564206576477930e-01
-9.755688705487544632e-02
1.429574911806970605e-01
3.148915565162423436e-01
2.338696896934728819e-01
1.328659092605752323e-01
3.110819919026799885e-01
-1.228621047823878348e-01
2.983070272967271452e-01
2.046135033720729024e-01
4.512698242963559397e-02
-4.523325443000950630e-01
-1.721018774307716548e-01
1.574105941803659592e-01
2.498516137239023827e-01
2.344117973017161849e-01
-4.172228742375417299e-01
-1.956255207405893370e-01
1.117582665411624848e-01
2.205819853414284493e-01
-2.547941397898239035e-01
-1.656538485448902365e-01
-2.645963222331369491e-01
-2.857263718020121579e-01
6.677197776425364273e-02
-1.724575209585785807e-01
