3.091266332865553745e-01
-1.447529235019769378e-01
5.096934855811511289e-01
-1.007319639288977442e-01
3.742516506333655180e-01
-1.322385319850011287e-01
-2.625493140953878424e-01
-3.541423774472238772e-01
4.792266623219254562e-02
-3.207371390544298539e-01
6.118920470167205083e-01
-4.080246365953245080e-01
6.573759524383245359e-03
2.637057655867106609e-01
-1.520228546763572053e-01
-9.231380885342341247e-02
-5.770604891408730452e-01
3.988135101971193031e-01
-2.951817251161186206e-01
1.672191995878807291e-01
4.566794624257324298e-01
-5.793437741533040697e-01
-2.701898409553790681e-01
-2.242576800505527157e-01
3.192149656738280106e-01
1.981013758571875671e-01
-4.083195528186587403e-02
-4.507599639875731201e-02
1.422278775381251581e-01
3.635652385092207062e-02
7.497410790787290003e-02
2.006651199476152392e-01
-1.474776459839859388e-01
2.783040217665716520e-02
1.325267587251633405e-01
7.838263857743638097e-02
7.919085506416337350e-02
-7.230909468029937670e-02
1.127466479564911694e-01
2.493737471591158383e-01
8.669508970697795136e-02
-3.638645352938986721e-01
-4.918212003820889855e-01
-7.839608284015742168e-02
2.201606567035286344e-01
2.611052619650561790e-01
-2.578645782798238972e-01
2.119275475399373110e-01
-2.262508238636267155e-01
1.869343616027285548e-01
-1.955376905436665980e-01
9.832772372658338256e-02
6.254609887807096591e-01
4.198945382605398513e-01
-1.985356534666934958e-02
3.774721424645554602e-01
5.287887690881809544e-01
2.041199881768373386e-02
-3.741512242097906338e-01
2.545590943492217484e-01
5.242789998717899413e-01
-1.586659077317035260e-01
-2.493678423700274871e-01
-1.871841280821414655e-01
5.290056591965726362e-02
-4.660200732379992661e-01
2.917858682353474120e-01
-4.840600294026554673e-01
2.077949256239936537e-01
7.861958386496160217e-03
-1.820021267968605361e-01
-3.887415794312998329e-01
-2.165620791554387359e-01
-3.799541073322449947e-01
-4.889083244407649298e-01
1.551039147279191857e-02
-1.934383558289287375e-01
2.490752130829466116e-01
-6.545103669485102804e-02
-8.402505463989129453e-02
3.504972388708923470e-01
-2.784661732085157992e-01
-1.540523413315376677e-01
-2.577255483761184962e-01
-3.895535558008085542e-02
3.238207438312455388e-01
-2.653888501370993969e-01
-3.509468865838685000e-03
-2.577024010415277511e-01
-2.032202109418762004e-01
2.269543441638083650e-02
-3.399622588483807162e-01
-1.635575387134211023e-01
-2.397380952464156778e-01
-2.402079870072434953e-01
1.077649379698651377e-01
-1.374153865557654897e-01
-4.730914413990514045e-02
1.341401363323602852e-02
-2.035947833547657182e-01
-8.363431381206664489e-03
-3.117898932090203967e-01
2.330306931307763452e-01
1.199271021380006880e-01
4.319592905433958796e-01
2.909694810519659058e-01
1.729121979333375914e-01
1.049662643724584288e-01
1.305794362038006917e-01
1.324015825986985841e-02
-1.532185812310557678e-02
-6.462908653869711695e-02
6.385432912281099327e-01
-3.866226794594473937e-01
-2.687792033278955106e-01
-1.913044216721936641e-01
-7.026609485233475949e-02
-2.181143779932788462e-01
2.907836146871026761e-01
1.778421179439556299e-01
1.186505890856984491e-01
-1.827744768199418002e-01
-4.227322573873396050e-01
6.182429054123195211e-01
-4.308028539890443320e-01
4.077959618256213337e-02
3.224595846848522518e-01
-1.556278972893655917e-02
1.049086739496313675e-01
7.508352540288255883e-02
-2.315491194723904300e-01
5.866825064942178536e-02
7.350861719680719386e-02
-2.188716107191330806e-01
-1.035332041837338235e-01
5.278980430557489445e-01
-3.592679870946601239e-01
3.662905392699775109e-01
-3.535181747408367436e-01
-2.640177443925526002e-02
1.886815864722531377e-01
1.771727198961634345e-02
-1.454795916173867165e-01
-5.378639880199579393e-01
-1.865082991911378232e-02
-1.294922689800330207e-01
5.707646771916579514e-02
-1.537170415573445581e-01
4.123953318410088498e-01
-2.589247200016572270e-01
3.916169970835921554e-01
-4.143647569463935199e-01
-6.440334926843787056e-01
1.755339945254347778e-01
-3.748625490447549669e-01
3.709184531488978614e-02
-1.174776521764325926e-01
-1.934444480211540418e-01
3.952746921018553961e-01
-3.807985850803134731e-02
-2.619144384926156421e-01
-2.694044369837507169e-01
-4.124816046744465003e-01
-1.192564288132027528e-01
-2.313133597600597613e-01
3.228791211778674342e-01
-1.931826376418283031e-01
4.885265737184986135e-01
5.426283860213566568e-01
-1.758408546109986315e-01
1.101557793688605902e-01
7.360696040864547762e-02
6.072366379437259959e-02
1.866552536624482839e-01
2.464504914629402355e-01
-1.239496690670440215e-01
9.895259457791359681e-02
-4.129879675098933056e-01
-1.541177174377554304e-01
-9.585375055502215469e-02
1.127203084665581306e-01
-2.597229223159972511e-01
5.043572062923696864e-01
-3.410004475195549389e-02
-5.705640716940819923e-02
3.657195299588009707e-01
-4.684765632716252903e-01
-1.629213753320192248e-01
2.039455957402938613e-02
-1.178888748204224568e-01
3.243110114906228025e-01
-3.300696237041326753e-01
3.047084724069584194e-01
1.256297234663896478e-01
-2.539919639067336754e-02
2.062344712882455133e-01
-2.045484950407406299e-01
2.386071045640104915e-02
-1.496639313506681057e-01
4.740012422599599318e-01
4.563028278072734922e-01
7.717622087549545762e-02
-8.370102444959717780e-02
3.513946610674691384e-01
2.321061498576621196e-01
-8.915556379623731931e-02
-1.991961180521561181e-01
-4.297640660641031118e-01
-1.733623559312794937e-01
2.104118963229406614e-01
4.327859704372687133e-02
-1.178787616494811202e-01
1.097876419904613710e-01
-1.489131016563272625e-01
4.647004551681095941e-01
2.840765757600662855e-01
2.234017492985417574e-01
4.220840078475693313e-02
2.305756468430819883e-01
2.515356099880597940e-01
2.106474614099844433e-01
2.612911434828229518e-01
-8.983007893307096148e-02
-3.394562741724164168e-01
2.651810511497616485e-01
-2.670963161794555618e-01
-1.016957412462402011e-01
1.405204600007285143e-01
1.639577211825063718e-01
-2.514818929339005527e-01
-9.785301449794478468e-02
-2.636924593763584901e-01
1.784390506346813718e-02
2.739214873080443868e-01
2.690308548124188959e-01
-9.367209731547582185e-02
1.878526396101045659e-01
3.869641266615253539e-01
1.476489805612294648e-01
-2.852040495861380975e-01
-1.446870928964783531e-01
1.289437460358227872e-01
-3.330076628785521436e-02
3.864000269157351619e-01
1.368777175778444766e-01
-6.249010157326744253e-01
1.039764706418073864e-01
-2.952043359730336380e-01
1.506480282182222630e-01
-3.619347034228444504e-01
1.651948421505389786e-01
-3.078503529007105555e-01
-3.002111173769712038e-01
6.330972941343311344e-01
-2.209157091007158402e-01
-1.449508939534093488e-01
-3.101629851854732500e-01
3.445514889610375997e-01
-5.998239096316753116e-01
-2.724425890189652311e-01
-2.127010793096724417e-02
2.749840681418133093e-01
-1.132825333049166522e-01
3.368943059624103231e-01
-1.618640909285533058e-01
