4.051492662931490685e-01
-2.564061994109628206e-01
-2.710310398183320424e-01
5.367728520282593063e-01
-3.018267122065098063e-01
3.809805446774704452e-01
-8.816120261175780515e-02
-3.202127629364188710e-01
1.155025798515217084e-01
1.219360018042568716e-01
-1.711333208685540397e-01
-7.878518693796007777e-02
-3.337634117797692035e-01
-2.351148856079071300e-02
-6.695121234980874192e-01
1.446543881517925456e-01
-5.778940940508036084e-01
-5.999299787085006219e-01
5.866384875632055795e-01
-2.802763476859992942e-02
8.508273775469241129e-02
-4.546801421205727278e-01
-4.047285574818396681e-01
-6.560081528831140929e-02
3.963483216443409729e-01
-6.263973873730497299e-01
-3.867681586373689084e-01
-1.970711764684566214e-01
-2.065167581958777254e-01
2.399673959471800566e-01
-1.974362864759152680e-01
5.168405079238709288e-01
3.317953555379918318e-02
2.111594250990303789e-01
5.542904838472806350e-01
-4.222416895985389718e-03
-1.461769683668290853e-01
3.284280449508432675e-01
-2.049087804852208761e-01
3.531925413746964115e-01
-2.702723130418258624e-01
1.419233415000228926e-01
3.896214001585276282e-02
-3.592621469802393941e-01
-1.612591631473563880e-01
-6.571572715229423434e-01
7.215698536033109123e-02
2.532746238053870669e-01
-6.115024997628027981e-01
-5.760083035512883476e-02
3.262942126159628503e-02
-1.469718297692310938e-01
-2.298697486804596180e-01
1.136755747352146545e-01
-8.754407025138877252e-02
-2.568833864124209776e-01
5.371632110674010030e-02
5.489875506600801203e-03
5.484016783956652263e-01
2.698836655386191441e-01
3.940516648231529029e-01
-7.230070659000913391e-01
-4.483236047366516153e-01
6.447542130346479994e-02
-3.483834774273322776e-02
-2.592110781411329778e-01
-9.194454285900055535e-02
-1.426350310608540950e-01
3.728868157427592256e-02
-1.489647293473883409e-02
-1.410768818385221002e-01
2.956069448155882462e-01
3.476086147740010679e-01
3.719939250374975637e-01
-1.372624023753399314e-01
3.465046852055770898e-01
4.296269146745643197e-01
-1.342919544983207751e-02
3.589856552141966750e-01
8.655295098815375676e-02
-2.245458401262375170e-01
-3.833878401260390478e-01
5.379595971928499143e-01
8.319271211370921071e-02
6.324276616495974057e-01
6.212299081317715355e-02
-6.675930300023860675e-02
-2.017382690574079929e-01
-1.091761769937096005e-01
-3.481635952873964324e-01
2.552420164438748973e-01
-1.942386952848185744e-01
-2.206560377050809652e-01
-1.223144371221911164e-01
-6.422073161808655728e-01
-1.328785206613709580e-01
1.785930348568531001e-01
-4.104400854461779380e-01
-8.218307381516806731e-02
4.139127519708408198e-01
2.465382616680916739e-03
4.103741231848626048e-01
5.744175475188973978e-01
4.402284547812094218e-01
-2.103707237763039473e-01
-3.117132316612137855e-01
9.673405324910494540e-02
2.333150722858674531e-01
-1.026176044179412661e-01
3.178235618212842117e-02
1.837818936128936265e-01
-3.022012412988801799e-02
6.256080352974809078e-02
-4.191930871286850269e-01
-1.579928936487609570e-01
-3.019829173091222174e-02
-4.558279691311453163e-01
3.754146525751252822e-02
-1.132746695236802881e-01
-2.529477768903853896e-01
-3.550878107718142829e-01
2.202863265144836546e-01
-4.538780209533671561e-01
-1.589331302704407589e-01
7.559878561055807800e-02
-7.720828540606974877e-02
3.066913132018919130e-01
1.286349239740966766e-01
3.332783491528500397e-01
1.417219877164469510e-01
5.827241543579400607e-02
4.114015291492733040e-01
-3.265083027758777234e-01
-9.325414572375181899e-02
-5.532420930628570432e-02
4.633071254617538992e-01
1.744029764546142780e-01
1.015619844193120652e-01
1.354736747113344242e-01
2.128955916219233691e-01
2.563867926973201761e-01
2.076443228866153290e-01
-1.344066491288574416e-01
2.158934900056077300e-01
-4.143363656891823066e-01
3.981861366781392908e-01
-5.515226990867390100e-01
-4.588180331132834522e-01
-2.112820235840901506e-01
5.175465561628569411e-01
-3.583430389259494309e-01
3.525002118770538262e-01
-4.239529489375477578e-01
1.336013998105310407e-01
4.130483858073911718e-01
-7.710995618126650353e-01
1.790839628254176086e-02
-2.840270067148590316e-01
2.920883164273407329e-01
-3.618864416227831615e-01
5.359022031829172583e-01
3.863170306880157057e-01
1.344608598573206748e-01
-8.127863338186595843e-02
1.746391464135736427e-01
-3.569461251101618826e-02
-8.995001304825067656e-02
-4.554890880311320833e-01
2.133234249999620691e-01
-3.321046199871174887e-01
-6.580217533012019948e-02
-1.871619054226280332e-01
7.456199573931859836e-01
-2.138130315943748694e-01
4.341224708669053634e-01
6.234906162601518975e-01
-1.612133261230696002e-01
2.137780954804149591e-01
-1.926175357477351024e-01
1.571847762569860141e-01
9.351931988037465171e-02
-1.388958495660497783e-01
6.014351471165345631e-01
-4.589661824673718638e-01
3.817616057540515473e-02
-4.017932813851450291e-01
-4.789292838523019347e-01
9.959547639225629911e-03
1.808394308911326354e-01
5.962182762075398657e-01
6.713242562467394703e-02
-6.150728162709810931e-01
1.843119521867837007e-01
3.514973474092861205e-02
2.957122279001644927e-01
-3.527708575071792363e-01
1.078853664688929959e+00
-1.110830516259485867e-01
5.942192541066019240e-01
1.627265133245594242e-01
-2.987786191373910105e-01
3.793839785015054034e-01
1.304408681921267465e-01
4.262256373268641929e-01
-3.575440311207957189e-02
-3.532087676979564494e-01
1.549578419600090573e-01
4.195485750607798603e-01
3.603193045559657803e-03
-2.769693559372320146e-02
-3.925418923103513036e-01
-1.557853978512271920e-01
2.132463278446862787e-01
4.758002036164821758e-01
5.456832581348162181e-01
5.347588584755872398e-01
1.377809114083025088e-01
-3.697849393279795116e-01
3.036100648143982839e-02
2.942243840497257290e-01
3.063646415709538329e-01
-2.968654504700193320e-01
3.457611178675118468e-01
2.680469628882729549e-01
-3.198982855829211047e-01
-1.387967579644402427e-01
1.232296806864157379e-01
-3.570430607818800839e-01
-2.480263219666768437e-01
-3.043464377168894064e-01
-2.495050652666808144e-01
-3.578172602411173325e-02
-3.641738046205503232e-02
2.176860231371791632e-01
-1.562483738034502467e-01
-2.522726527307640465e-01
-5.310559209501215516e-01
3.569884410099012917e-01
1.412516047365223737e-01
-3.058233951334630718e-01
-4.302159244392403936e-01
-1.411324566825823412e-01
2.717510597676068840e-01
1.103900328675608278e-02
6.833647515298089115e-01
-5.002539312297588081e-01
4.528928133218819152e-01
-2.563640017613696420e-01
-1.722338126747374742e-02
6.491589458645978805e-01
9.880884049316655815e-02
3.344459161518471557e-01
-4.174687770727530944e-02
3.609765606266335247e-01
-1.023284236517256474e-02
2.792493121607142470e-02
2.871763714391115663e-01
-3.459384546654118431e-01
6.879911917821565637e-02
-2.516709460430059386e-01
-5.646423991378537455e-01
-4.443262407542720727e-01
1.009199877592715927e-01
7.698441140049241960e-02
-3.632758884960076151e-01
