4.313989909109388621e-01
-3.979331532006555872e-01
3.574314230455624131e-01
4.569778721933185350e-01
4.946459219076527747e-01
-2.763281226456667516e-01
-6.113479930423042219e-02
7.833010114833207638e-01
-3.957933317295591058e-01
2.765826454101631970e-01
2.459489513373104563e-01
1.590076669948619348e-01
-1.242435024956152073e-01
4.199278103815979324e-01
1.051081409772933184e-01
-1.657584758588888652e-01
7.880376053154791727e-02
1.534846765850099715e-01
-4.413021316568951358e-01
-2.809616344736231008e-01
-6.978755124489796624e-02
9.889627498408821993e-02
1.359082300815794841e-01
-6.738796700919202909e-02
-2.792132059146060913e-02
-4.507608097813556869e-01
-1.413470834351822532e-02
-7.778172192226094628e-02
-2.787085827530162985e-01
3.419301566659224689e-01
-3.837717911678035776e-01
4.439430506233382756e-03
-4.906776982323763914e-01
-1.398318706680097556e-01
-3.272597297154877238e-01
-7.503573598229249485e-03
3.208153044190875658e-01
2.600627085576949771e-01
-2.251580963585153861e-01
8.053606546871872052e-02
2.958286804312572349e-02
-4.920486426511576084e-01
6.983550906936828451e-01
6.616313489102820800e-01
-7.779472662823542217e-01
-3.972898362763881142e-02
9.394318974857815974e-01
-7.259385256016351318e-02
-3.076738744481085641e-01
-7.375512901334803084e-01
-8.287561397296695498e-01
-6.678645357679402483e-02
-1.355331712779779818e-01
1.096055897415163516e-01
-3.321303664214839135e-01
7.710537100324159343e-02
3.114189787184714620e-01
2.826955376445315360e-01
-4.282122589391106349e-01
8.085472474949167987e-02
1.551347747659020393e-01
4.158574018498845115e-01
9.129140068046051604e-02
3.854525210414053160e-01
-3.056889935955096060e-01
-1.473737783416146363e-01
-6.063677292610731850e-01
-2.262712736260760471e-01
2.788085498580894495e-01
2.452382878280754963e-01
4.312696603649089910e-01
-2.218966458536907327e-01
2.600269334481177808e-01
2.289417036195684485e-01
-7.119740653117829776e-01
-2.814033003438431990e-02
3.502266822151046677e-01
-8.948510361508186239e-01
5.472325145617631947e-02
5.343207869231410001e-01
-3.170011827492313916e-01
1.914883075894990849e-01
3.973900534929709072e-01
3.288295868034733505e-01
-4.316784096685379046e-02
-7.660081131947500399e-01
-2.943426852413547623e-01
-1.018566680372203770e-01
2.070513910423216891e-02
3.362270836369264659e-02
3.522031611804185558e-02
3.339474337721267672e-01
3.073593775206578255e-02
2.709993769715764445e-01
-1.987980623497102584e-01
6.812097450619686301e-01
2.296027933524281972e-01
-1.956748603849698398e-01
-2.445035620639647300e-01
-1.639268718578829054e-01
3.525747999051357384e-01
-5.064070027104876637e-01
7.773688139013498755e-02
-4.081564970327630770e-02
-8.927703673605831558e-02
-2.118377177845315873e-01
2.070230533823614882e-01
6.333999585031195867e-01
1.648201629862441620e-01
1.042983291629460962e-02
-7.391045565642145876e-01
-4.668641842448534307e-01
3.747305398953688638e-01
-5.146254934965184269e-01
1.679287063642048716e-01
6.024977423749626471e-02
-2.484311483039822466e-01
3.351208226219632991e-01
-1.064773191209406333e-01
-1.921139947829919037e-01
-9.893402286578592553e-02
8.157486688703488031e-01
8.184921256509585241e-01
-1.552245485501335676e-01
1.260731401824689568e-01
3.485329162955884685e-01
-2.099420618755319101e-01
-2.921424361461613106e-01
3.619619153897223329e-01
7.561214944013006090e-01
-3.579130937345259555e-01
-1.698300689829440324e-01
-2.185432120601006611e-01
3.559161057862089139e-01
-2.223380487192220811e-01
-4.782938582226040625e-01
3.184690327815856703e-01
-6.905299858329050355e-01
-3.014123460512302399e-01
4.208165429671368307e-01
7.810985433482552087e-02
-2.922351811017776524e-01
-4.820022413902488867e-01
-2.517953247930135863e-01
2.679506872543734319e-01
-1.472414422555842761e-03
1.530393063466410908e-01
-4.919838376913049371e-01
1.310031782160510187e-02
2.939303727119618737e-01
-3.369097091445422687e-01
-3.238925759556232631e-01
2.706127052618572532e-02
4.529727555051427657e-01
1.403955979184397518e-01
4.197237378979046807e-01
-5.502922979796581737e-02
-1.288654064821673217e-01
-2.287516121714243400e-01
1.385605623528885777e-01
1.358771548240405302e-01
5.773077401973152334e-01
-4.978450232334543646e-01
-1.368768472314263462e-01
1.803524200433596625e-01
-1.246225931838362000e-01
-3.900776145372320848e-03
5.649863203344562823e-01
2.447426113380950508e-01
3.794913733987649862e-01
-3.558817340253242478e-01
4.046266411500219484e-01
7.723736499827766888e-01
-2.664562154109247905e-01
-6.004405183174703342e-02
-3.275083312385238532e-01
-4.369462602175345767e-01
1.007408765213752277e-01
-4.771831675232743319e-02
-5.791377937755277650e-01
4.929611346060278620e-01
-4.583427034560028090e-01
-5.346337623629704439e-01
-1.751292282472231565e-01
6.321020272537922896e-03
1.776384532763577995e-02
6.812457974497729829e-01
-2.135531078054667131e-01
-4.108315500519258423e-01
5.897981507709133542e-01
-7.165996433250483300e-01
-1.427569933183504003e-01
9.256853771404021103e-01
1.083691286939017506e-01
-1.921896128810594018e-01
2.171735113494664415e-01
3.922189061013895417e-01
2.300194245862965392e-01
2.887253992006563741e-01
2.556496316699745103e-03
9.028522236756715558e-02
5.001870526909077408e-02
-5.363473429402888515e-01
-1.979034626939723540e-01
-4.549242416845828973e-01
1.452750632733408043e-01
4.153283634800073454e-01
5.492121215926770716e-01
3.298641476317414889e-01
-5.641904063431522065e-01
-4.288539967591176727e-01
-4.598538632625361056e-02
-2.284310114794412261e-01
6.114330844011613975e-01
-7.017344515593006982e-01
5.392649096077595239e-02
-1.310120119390406068e-01
-6.571237091387531759e-01
-5.646988002488042557e-01
1.320972185010730326e-01
8.764125316838951296e-02
2.339259816421747074e-01
-1.359484522529824935e-01
-8.807487303387363797e-02
4.415502729267517523e-01
-2.751623807322555182e-01
-1.644222275792301402e-01
2.624818922245716335e-01
-1.463741998564420388e-01
-3.013356257550535156e-01
-8.279840938780245185e-01
4.217283174659938183e-01
6.421659000563630926e-01
3.476926675281633017e-01
3.790660502913362206e-01
4.810677505090268369e-01
7.678946381388210285e-02
-2.289256915157630301e-01
3.071840793835813876e-01
-3.608113628621999469e-01
3.580948029535313548e-01
5.184147392536765375e-01
8.654883418048441024e-02
1.907465513616558583e-01
-2.474027231546931382e-01
-3.838736813783873991e-01
-6.367106247921987539e-01
5.962338484428067464e-02
3.910832339436085547e-01
-6.338672040026142041e-01
-2.113310966658701051e-01
-1.246096121630814180e-01
-7.484668470305522181e-02
5.325340750367441034e-01
-7.311000914479930113e-02
1.780247364101343321e-01
3.706806319165310490e-03
1.771666721536503397e-01
-1.289270594018293026e-01
2.946884814133843289e-01
5.390214512999269569e-01
4.182262909105129850e-02
-2.334590394740856945e-01
7.221200396236648889e-01
1.550483902639047951e-01
