-5.714809345863824941e-01
6.680505067681527520e-02
2.499366023416356164e-01
4.164943064804842443e-01
-2.300438807973190780e-01
2.438095306576002971e-02
-2.668927180456432957e-01
5.872612319624775923e-01
-1.114730457122209417e-01
-1.767974146270598901e-01
-6.058814177191060857e-01
-1.996354410851681471e-01
9.577725686849922204e-02
5.340643686589872097e-01
1.346151173719729588e-01
-7.229197940188394900e-02
-3.635989600409569866e-01
-3.585476886512219963e-01
4.648031610478919884e-01
5.508347429318261046e-02
-4.575657907055069584e-02
-2.060303253732539974e-01
2.032555468931603049e-01
3.015788173003320916e-01
6.759840758684970696e-02
4.610187147399243957e-01
-3.120401367496327127e-01
-2.608418584199191370e-01
6.856287742925699646e-01
-5.355046308328488269e-01
3.622947331314839425e-02
-4.492230521956212114e-02
1.654685768451278904e-01
5.538509570474865473e-01
-6.066311108461333590e-02
-2.923200789950406997e-01
-2.593104033829097821e-01
2.161733114138359446e-01
-6.113082835188521358e-02
1.637472096523625575e-01
-1.984040078503406246e-01
-4.608771655764378750e-01
-1.167738475212750371e-01
9.158309499046661528e-02
-3.327173577693374185e-01
-6.901245034216113572e-02
-1.635544783438508953e-01
4.735689545390539545e-02
3.641424347177123488e-01
5.180053123689603023e-01
-4.352163103347583273e-01
3.327247563992916657e-01
-2.103456921371688049e-02
5.903483092292489687e-01
2.459781242504299054e-02
-3.657014685370454932e-02
-4.748050846988382395e-02
2.344218520367091774e-01
-4.326405402622628960e-01
-2.639064001699532591e-01
-8.244020502235599457e-02
4.986480764676854971e-01
3.542505258770645149e-01
-1.830077050438919384e-01
1.156596416617959588e-01
-2.692594310947912239e-01
-4.323708883669984404e-01
-6.015778307339103570e-01
-1.030578618020472209e-01
-1.193035635924132032e-01
2.574651553303446416e-01
-1.321277612905396026e-01
-3.538519034095677362e-01
-4.904607077728895259e-01
-5.735678237758212727e-01
-3.065073183551975111e-01
3.159372698172234761e-01
-2.561490842508956645e-01
-1.534453027063017831e-02
2.591868183384418156e-01
-1.942922090696522219e-02
-1.122266576005448435e-01
2.117148901374732439e-02
2.616964270653794333e-01
-2.919685871407345923e-01
9.133392123066644275e-02
3.687046826843358438e-02
-2.368222157430686925e-01
2.842169097389859456e-01
-4.218160129041805817e-01
-4.287043540598987901e-02
-2.933171881002413217e-01
-1.396589919720766515e-01
-1.559943146399460703e-02
1.207873602374521516e-01
1.106564592179008488e-01
8.526709007720990885e-02
-5.318792109289578462e-01
-3.853309760349789004e-01
-9.379992163397055105e-02
2.572218529891797667e-01
-4.635806846375721546e-02
4.501352115308314694e-01
-2.500662711335569291e-02
-2.574856883850000777e-01
1.958459507047095177e-02
2.002450207979069863e-01
-1.713372094458298078e-01
-3.759512141034081212e-02
-3.190621711161338858e-01
2.662549825361174571e-01
-7.899008072267464653e-02
-3.292353269684045181e-01
-1.413461380292571623e-01
3.143532869487988268e-01
1.188291217770195973e-01
1.080477680792331086e-01
-3.536007926713344296e-02
-2.075215498907373446e-01
4.616213117027767043e-01
2.703503579168942128e-01
-1.444602039054078413e-01
1.484647332487922244e-01
-4.396140187114545850e-02
1.444870698044331547e-01
4.662157642626670734e-02
2.479152847254683933e-01
-5.723990881300691780e-02
1.934974391514645009e-01
-2.385067645409555057e-02
4.499411636924756028e-03
4.230745328644913150e-01
-1.543349007699429398e-01
-4.306875205368680404e-01
2.169638627469168690e-01
3.789618441542236260e-01
-6.925658416659172256e-02
5.316833730559975546e-01
7.291593198643084479e-03
4.874695716512819632e-01
1.913691989170741570e-01
-2.389145522501524843e-01
-1.625558489236440529e-01
8.663301350125682254e-02
5.405006539550479827e-01
1.363399788613941510e-01
-4.327183501982704295e-01
-3.548150427535677887e-01
-5.980416948311053638e-01
-2.015114493928124029e-01
5.515887125306301320e-02
-5.395172575359193923e-01
3.660383563610965507e-01
-1.979021159304414357e-01
-1.645495168642733264e-01
-1.152427220746251590e-01
-3.571099294514580302e-01
-3.165632966329235964e-01
-2.791578987241175730e-02
-2.147296514754877816e-01
-2.629625760349416086e-02
1.456563156110257662e-01
1.261020349581045696e-01
-6.194678813628652636e-02
4.233890834463374109e-01
-1.526330698613944659e-01
3.467127216908831855e-01
1.283376903604058761e-01
-1.155635776356173650e-01
-2.275358272227178125e-01
-1.105387077267070139e-01
-2.814542918425386175e-01
-3.828030733877505476e-01
6.228738695271087561e-02
-3.864938732706923452e-01
5.521689716151871596e-02
1.745909959753220719e-01
2.018389607402736596e-01
2.443512526465253798e-02
4.533364974798922420e-01
-2.829671273035917062e-02
3.522207728969431462e-02
-2.654065285693322229e-01
-3.243555039881210189e-01
4.767399755620501528e-02
-6.974951117291459113e-01
5.554106627001658136e-01
-2.363314156428925061e-01
6.112569954345109524e-01
3.126641309615436071e-01
-3.213399001470640393e-01
-1.581918907147104869e-01
-1.679402803262828592e-01
5.408575587739253843e-01
-3.928187529969860703e-02
4.250894102742615033e-01
4.177016119689174189e-01
-3.062060137178237440e-01
5.337731634309663686e-01
1.976912350049811196e-01
3.461855470637722476e-01
-7.956164204782782690e-03
3.307872641453190599e-01
2.284367688627017001e-01
-3.437525650108974595e-01
-2.594461999204128455e-01
-1.591910401086938098e-01
-4.277753068168111961e-01
1.420418209021120926e-01
-4.851010037790099427e-01
-2.472510085522436341e-01
-1.560253621695514292e-01
2.431467693240618733e-01
1.348972887955968980e-01
-6.934485173790153056e-02
-1.152067998709806196e-01
7.772947817119478520e-03
4.994726916160699415e-01
-4.152842442621307306e-02
1.736814215851602006e-01
2.451546427095849801e-01
3.723509406343969985e-01
-1.026668878118411690e-02
3.053605611273723097e-01
8.176169189868466580e-02
-5.847417712187819028e-01
-7.330483487976530155e-02
-2.459662996775427157e-01
-7.725308929060779872e-03
1.566469144801688196e-01
-6.118217244437837987e-01
1.236275962357930164e-01
-1.125084614385933428e-02
7.016723019437549891e-02
9.092886025845894893e-02
-1.171161092226147282e-01
7.166946577097520199e-02
-2.308685202990497232e-01
6.242382032010044407e-02
3.964506561458930878e-01
-1.462334298962408574e-01
-5.375902338025392302e-01
5.098659772816604985e-01
4.503275929558989144e-02
2.858520242584867699e-01
5.681468700182433496e-02
-2.024759527603858245e-01
-5.036576533712551207e-01
-3.887551051978238581e-01
-2.332483991301355919e-01
9.613735204518925048e-02
1.412747119646820537e-01
-4.739950188343952653e-02
1.378063845631199436e-01
3.890240053919923335e-01
-5.702462876995351149e-02
4.861640680825110028e-01
3.795154928244137693e-01
3.982321468300688005e-01
-4.981715769660378934e-02
2.293667979665891532e-01
-2.755257341815088232e-02
-4.538050130212389899e-01
-1.985944692829067493e-01
-3.889447246795491031e-01
