-5.403895499577993089e-02
-5.285608288079732819e-01
2.339099126546419494e-01
3.823125318389207494e-02
-1.205053849323822479e-01
-6.038105539731609683e-01
-1.957919048447205324e-01
-2.187271494318174248e-01
-4.284801814011071075e-01
4.479841795096069501e-01
2.587444809536266765e-01
5.261175657303329006e-02
-3.175666944338566278e-03
4.842254117775302014e-01
7.734081292323982670e-02
-4.342380498284630352e-01
1.378880485486484730e-01
2.622400338561406419e-01
-3.268743442306035751e-01
4.921629610619757123e-01
-9.370119377699492880e-02
-2.368666615851888202e-01
1.699076452465964060e-01
-2.009971536509026768e-01
-2.114578585844044678e-01
-3.255893438123645400e-01
-2.738867942083966778e-01
-9.490000132294863777e-02
2.056004813631256978e-01
2.198742215806320788e-01
-5.709820918324335359e-01
-2.398183550000143327e-01
-1.439471979748169483e-01
-1.163789597498691430e-01
4.720324064133783470e-01
-2.309040127488435901e-01
-8.088012141567429980e-02
3.755830537769375144e-01
2.461409929216177850e-01
-4.231981780937198456e-01
4.038879671475635591e-02
9.217519806557256112e-02
-2.162166512195351498e-01
-6.817209196620668821e-02
-2.560951719394348181e-01
-2.974380657045873622e-01
-3.247921857709364091e-02
2.159474045972592515e-01
7.984261625954730546e-02
4.537108585510925551e-01
4.006567555458309116e-01
2.526004613431673262e-01
3.784401242846530677e-01
3.745022942988592285e-01
1.168112130884666200e-01
2.107137383660845076e-01
7.087843125286469315e-02
-2.508070177745008733e-02
-5.358240142051516608e-03
-6.948147463477931662e-01
8.529671899393148626e-02
-1.530692028419420869e-01
3.250125254871651381e-01
-3.682833144068661801e-01
1.885809568191592345e-01
1.843218827493639522e-01
-4.273747294011979170e-01
3.870425658377349976e-01
-2.165272333078400724e-01
1.500344094266475303e-01
-4.380601531487430811e-01
-4.455266710957784815e-01
6.626015745023919323e-02
6.128606234885869419e-01
6.122672280802305966e-01
4.624310353563674814e-01
4.433694154040757063e-01
-2.012892769347289224e-01
-2.158625448783160206e-01
-7.598564826108595849e-01
-5.995701150460384238e-02
-3.572235553498939731e-01
-4.223041483820443864e-01
-1.469928656637736752e-02
-3.874730447208625250e-01
-3.028552931354134836e-01
-2.411571380616341909e-01
-6.271834305743908544e-01
-5.979386109714920350e-01
2.459827246458938521e-02
-1.301733193294474789e-01
7.630043231725172626e-02
3.099749478468344366e-01
-1.290238731547518058e-01
5.119515542823055432e-02
1.743543400906279461e-01
7.811521402405843251e-01
-2.445569227965265213e-01
-1.537518811806458940e-01
-5.558263287247617868e-01
9.936780021864029255e-02
3.429451947868714101e-02
-1.774939094254099903e-01
-3.556700050751175901e-01
2.886571381735615338e-01
-2.187297164551653683e-01
4.431992150032251221e-01
3.303686401761095071e-01
4.585468080503921073e-02
1.954594609158913088e-01
-9.285219743666361936e-02
-2.874176787739824435e-01
-6.374505904996898842e-01
5.370634511796450461e-01
-1.425026171797200147e-01
-2.794302881364774671e-01
-2.267017474779320363e-01
-3.860430917665387263e-01
7.969183833831508523e-03
-3.845039291633940981e-01
-3.325536024231012799e-01
-3.898954105346350563e-01
3.450613018301692536e-01
-2.361449930939431285e-01
-5.640920999844288852e-01
-3.641197074986348703e-01
-6.087582840498347858e-01
-3.001724993423647569e-02
-9.970836287926591879e-02
-3.754414833829168296e-01
5.192886114750617788e-01
1.084144777880900884e-01
-1.043802926137229053e-01
6.312836037433286474e-02
7.139289235820567292e-02
-7.286860326564559287e-02
1.048948489282155727e-01
-4.087583479550593868e-02
1.967679890591630676e-01
9.294942232548930594e-02
6.351896261307079516e-01
3.336718986388138575e-01
3.093991736984007951e-02
-1.559789634409107506e-01
1.381720309952093051e-01
-8.917553533705157021e-01
-1.868943683000854894e-01
-6.734144838497237995e-01
1.748699122143736739e-01
3.121604508251715204e-01
-1.822992112970605039e-01
-6.725970514898551578e-01
4.944263431769396755e-01
-2.608166432110185784e-02
2.328317103675722755e-01
-3.885720699800960243e-01
-3.316118959346553430e-01
-3.302007506796496017e-01
-2.328445934614536694e-01
2.208554476548726664e-01
6.630118253533377748e-02
1.787444968353652242e-01
-2.831267376899003207e-01
1.101901293781223368e-01
-3.265302820114852622e-01
3.178975988619825443e-02
-4.241084883314162335e-01
-2.141818491476512321e-01
-8.713921031479943125e-03
-8.754223356343733553e-02
-3.516894653141472427e-01
-1.160539410668218196e-01
4.708565099712115343e-01
-2.875703422627869377e-01
-3.724868114311221667e-01
2.461540289131281256e-01
-6.090478298271844171e-01
-3.377080077770340250e-01
-5.192479197660098134e-01
-5.626115341650780310e-01
-2.186821635112543016e-02
2.858596184845957899e-01
7.973334972188311776e-02
1.791125580758163582e-01
-4.740221778892386162e-01
-6.414068838482839263e-02
-2.123912189263604533e-01
-3.777294205735574062e-01
-3.961944314841846504e-01
2.533705014598408578e-01
3.972039963944266061e-01
5.674945170401436423e-01
6.796709516615094537e-02
-7.120347944978872023e-01
4.884202401761883472e-01
-2.341637701745697409e-01
-2.340385274548645866e-01
2.352293425252768577e-01
-3.200665144886294389e-01
3.766622824769621375e-02
-2.347966089481098584e-01
-4.169624116808840486e-01
4.546866565244898073e-01
-1.179067253282928829e-01
-6.902306978455213793e-02
3.802726297338420158e-01
3.262480619399127368e-01
1.136478417513335365e-01
1.795220486676133154e-01
-4.762586047315629512e-01
-9.206295138796339872e-01
-3.408267608706655460e-01
-4.156522827772729523e-01
6.640248245700546281e-01
-2.107904034004020599e-01
8.637011388168094883e-02
-3.026091392083485876e-01
-2.543607322186330899e-01
7.700110691417823006e-01
-4.269130920978662092e-01
-3.123242709773729753e-01
3.036935304052749696e-01
5.222989327961902184e-02
-3.336974408362254341e-01
4.864370341931997244e-01
-2.924817966246209822e-01
-3.586435566410838272e-01
5.460057301634478888e-01
5.914590090323178229e-02
-1.445844087936193345e-01
-3.284558822988578042e-01
7.216814206325345982e-01
4.240490832699391754e-01
2.728678346215460127e-01
-2.630813257576732900e-01
1.376332684160012365e-01
3.933865395048198876e-01
-5.162470882472800504e-01
-2.556071981023758100e-01
1.608340813027847038e-01
-1.337927371300682289e-01
3.432995222916367939e-01
3.456998879055727114e-01
4.346722329990906353e-01
2.346293590101548032e-01
-7.761471138594883135e-01
1.132500432076105762e-01
-2.986901859382783131e-02
-1.983372695613386805e-01
-1.426904331942857596e-01
-5.133290278705565646e-02
-5.752664228101826982e-01
1.423414903642029050e-01
-5.533556756811480737e-02
6.602627067144024586e-01
1.851594440796035523e-01
3.179492135450788792e-01
6.327513202320433905e-01
3.465224527189930126e-01
4.066252328363652024e-01
2.888890517838385019e-01
-3.027720307620153095e-01
-1.955545295474562795e-01
-3.321282346934577023e-01
4.664929989898692897e-01
