4.158743655022862917e-01
4.029727615022946630e-01
3.086621961111558621e-01
-9.888412680148048195e-02
-1.075951628054725440e-01
2.920013300950208279e-04
-3.830597359516199618e-01
-1.880639593284911815e-01
1.304774306982256493e-01
-2.450614694404341931e-01
2.913682351932291859e-01
-5.810242926768515170e-01
3.866522579186405517e-01
-5.076093849367697697e-01
-3.030593680611681773e-02
7.601841378593054976e-02
3.469699686000028427e-01
2.703892455437143516e-01
-3.589869768403263217e-01
6.491944960364184891e-02
1.686715054251341217e-01
1.602253261114414684e-01
-3.811074052604176421e-01
2.766461497945266190e-03
4.678685822132505057e-01
1.708081369993008636e-02
-2.119981881095960863e-01
3.277370620972698267e-01
-5.701964045237753465e-02
-2.293429658188709530e-01
2.296689474203655879e-02
6.743954631313403558e-02
2.271560707114632927e-01
-7.214830998865437439e-02
3.177414641538733875e-01
-8.723374400109407123e-02
1.391881747574700845e-01
1.437309496025688249e-01
-3.596548859101571516e-01
2.247073891422893543e-01
-1.839469691739445412e-01
2.358609529722964782e-01
-6.189214732736231239e-03
1.149796325354879301e-02
-1.637492335285283540e-01
-5.239524442714010855e-01
3.562808758837484602e-01
-1.010333143983939419e-01
-4.522642565271389747e-02
1.940843685447812272e-01
-4.223692154269623744e-01
-8.949092077979703408e-02
-4.966020899225553897e-01
8.762138962137319687e-02
-4.786303948443496048e-02
9.985730577404083874e-02
2.883389796173205233e-02
2.435295774851406747e-01
-3.765775619682483755e-01
7.830181584752698987e-02
-7.398758470861530046e-02
-3.107783234805653327e-01
-6.096092552844462054e-03
-5.722835740139609051e-02
3.879688790480253502e-01
1.643757580824206366e-01
3.664078340085806240e-01
2.267953671243212177e-01
-7.175549447141156278e-01
2.627935204063095997e-01
-1.718905001920104092e-02
1.551920939174561698e-01
6.013079832907075595e-01
-3.002390321713117594e-01
1.414796479226409220e-01
-3.714024693722294823e-01
1.946663384261173579e-01
1.503541219584214605e-01
-4.227624576051119965e-02
2.522245826504904143e-01
1.670147397543121914e-01
-3.720471989562541548e-01
7.941042300600098525e-02
-1.588516487848309067e-01
2.468066131248600192e-02
-5.338632768208698143e-02
1.125527348804697403e-02
2.884655233569539123e-01
1.011234892207081570e-01
2.409659667834296304e-03
-1.514371367822633929e-02
-2.720418861379086950e-01
1.565100545679590227e-01
1.813429168562891436e-01
-5.942502526181345224e-02
-9.264818740463506841e-02
5.606884994900236396e-01
8.225791437649015991e-02
-5.170279264891706195e-01
1.742194937675249078e-01
2.629147772549939033e-01
-3.545291701433865850e-01
-1.900379649874946453e-01
4.272839054408534287e-01
2.721952619140617369e-01
-7.110486718868297418e-03
3.393437145615428308e-01
-4.137286126326566449e-01
6.144132839498789300e-02
4.890688228395936310e-01
-2.642373668087567573e-01
6.676793729184304915e-01
1.540745887717289986e-01
1.154571454251715479e-01
1.785698655417256864e-01
4.138024673500225736e-01
1.153372015075686541e-01
-8.317910227868138828e-02
5.348587455281834657e-01
-1.954649509525498152e-01
6.973110775886723345e-02
-5.176097135159003493e-01
-2.864500890995628213e-01
3.210620242749681053e-01
-5.038863984934337514e-01
-1.742542373455988336e-01
3.183975711539749898e-01
2.377004551544445177e-01
8.973271460811224620e-02
-3.465584694584860070e-01
-1.638948340344171251e-01
-1.183953866641308250e-01
-1.655633898720773323e-01
2.066013023221734968e-01
-4.743946842883354220e-01
-1.622137024757676904e-01
-7.107533008206595726e-02
5.511685024769294450e-02
-2.158991757027503566e-02
2.498280437808727827e-01
1.675185259734809640e-01
4.292938086879427018e-01
1.409689385987737964e-01
2.086825480791827114e-01
5.423203730997983030e-01
1.422052468504279576e-01
-4.536439952835030764e-01
-4.763949008049612743e-01
4.702393397326127822e-01
8.699422471842704896e-02
-3.592679347708016002e-01
1.285528553506008198e-01
2.834015112178996931e-01
3.965948510994549148e-01
-4.259911283721362629e-01
9.106012159984133714e-03
2.782935374946219342e-01
-3.407517665602576296e-01
-4.051720471717111804e-01
-8.655761764878602826e-02
-8.032377818951069726e-02
-5.665933602605588426e-02
1.307494204180693342e-01
-3.057865519783564690e-02
-1.683613512430696957e-01
-2.634009150729558768e-01
-2.022997115991918837e-01
3.928373759687328048e-01
-1.545664703391006756e-01
2.789968139469281572e-01
3.355429936364615062e-01
3.967832141947517099e-01
4.316572109724025053e-01
-8.156913235099599868e-02
1.486515505691886618e-01
-8.580573985360367972e-02
2.557040021995978241e-01
-1.230916731510331430e-01
-1.491794982834963867e-01
-3.750095890197678861e-01
-2.932694857789958087e-01
-1.072883329786129825e-01
5.481259981755284838e-02
-3.081646591756966314e-01
-1.628085964692551069e-01
5.247222250897154439e-01
3.727401270917933274e-01
-1.383785207649043947e-01
3.596942244406500233e-01
-1.996572060892071454e-01
2.041271538294615606e-01
-1.285982648158531805e-01
9.865168821327796600e-02
1.721126715131261198e-01
-1.341936297279687496e-01
5.715070641726346934e-02
-3.199346669480472860e-01
1.186720018102349894e-01
-3.953985425030887013e-01
-3.432107594645408821e-01
-3.404452572774191443e-03
-1.963473982658598405e-01
-3.151702852257957099e-01
-1.626809671231833065e-01
-2.162352907477240183e-01
3.834505663332102854e-01
-9.920092258757945425e-02
-2.079885676325792798e-01
4.670363901761900305e-01
-2.412156913878527043e-04
-4.149306258103979683e-01
-1.553610252109832168e-01
2.673290139968275136e-01
2.039924101762637942e-01
-6.586074325307800237e-01
-2.398119082746748010e-01
2.421083167782547285e-01
1.873507182440324048e-01
2.076614575193595214e-01
2.591642911605499533e-01
-2.000092180903391137e-01
2.935052906560597918e-02
1.789156994828331737e-01
-1.787515146114218578e-02
1.044665588790710808e-03
-1.086894983911752544e-01
2.092296194517188068e-01
-6.153753250404334629e-01
4.840807244497736805e-01
4.419377317569620489e-01
-3.147803294441270383e-02
-1.679381017089581762e-01
4.700168832492634952e-01
-2.072688916850760066e-01
1.759291422613082356e-01
-3.932204599484689922e-01
-5.611736798346662614e-01
1.397563773099033679e-01
3.237396681681791177e-01
1.552977891030863089e-01
3.418386093683198346e-02
-1.155861565471324459e-01
5.700029046434271218e-02
4.603478195702566111e-01
-1.899461709471309545e-01
-2.540275793140635563e-01
-1.010022326812067550e-01
2.872849270439275515e-01
1.871560077437440239e-01
7.436226817037927539e-03
1.195357596086759344e-01
9.424140367908548366e-02
3.702356703371523783e-01
-5.192317189828540291e-01
4.073507109525718595e-01
4.873466739826521898e-01
5.696251802022898048e-01
-4.908997338681879707e-01
6.449296715754310183e-03
-3.522844241271125831e-01
1.559460039648276342e-01
-6.807522916384826095e-01
-6.020037736340316803e-02
8.980766648029178678e-02
-4.348422358573644786e-02
