-3.145357262038619983e-01
4.706251531035559044e-01
-1.056014635222590758e-01
3.826885588559640894e-01
9.412495141421389766e-02
1.888211577871850427e-02
-1.003606241338411142e-01
-1.661574953439523897e-02
3.078225895271108348e-01
-5.892237525805958942e-01
-2.103984420884173201e-01
-3.114130508854370816e-01
-4.888915116939548389e-01
-1.506443938502446955e-01
-3.845731731811088960e-02
-4.417588309566202603e-02
6.081577876702088520e-02
-9.839273189552430118e-03
-1.244966770595027361e-01
3.744384816717371001e-01
-2.842250564676301883e-01
3.104855250164229585e-01
-1.022870177740747011e-01
-3.464533311946194072e-01
-4.170302488063500346e-01
1.900247325294206480e-01
-1.901019323899583169e-01
3.975195470629991346e-01
-6.109052101302260562e-02
-5.557926284358474106e-02
3.767043131159709679e-01
4.349161968600616206e-03
-2.388033304001297430e-01
-2.706032567812726164e-01
2.517955100322236683e-01
3.992188110672159618e-01
-2.040112699566295484e-01
2.330986943051226723e-01
-1.365415120111160008e-01
4.014250965413874717e-01
-3.058784793396424617e-01
2.349025301968576396e-01
1.188469302284337753e-01
-4.960907310055445718e-01
1.656507992139202301e-01
-3.742498341341474188e-01
-2.109190388177890063e-01
4.047822512342108547e-01
3.562780882576324637e-01
-6.937532159206154514e-01
-1.279873681456897283e-01
-3.238134734486426969e-01
-2.852838722762507384e-01
3.250271158444775210e-01
-6.929163091665138663e-02
3.076874525730609600e-01
1.143026790270566390e-01
-4.263186956634120589e-02
-2.305524747026089782e-01
-4.786368396598597030e-01
1.186141737795141926e-01
7.592120927323539603e-02
-6.955777759648890113e-02
-2.835548805266178141e-01
-3.288967255406303192e-01
-2.987597307552948278e-01
4.297935188737092016e-01
-3.637792914841888603e-01
1.090467574400491857e-01
2.620679773195052631e-01
3.265333534426104189e-02
-1.269923778717753637e-01
-3.501107241708587559e-01
3.570417850206161203e-01
3.652755124732171010e-01
-1.406874991669005703e-01
3.087045961471095445e-01
3.476875445684735055e-01
1.637470421916210617e-01
5.522806688660484298e-01
2.955673769829630371e-01
3.343499864419452461e-01
-1.916991444629236735e-02
-2.241384013106877404e-01
-2.178215996387350972e-01
-1.706136820175035429e-01
-1.072782579967059835e-01
3.169969987056766580e-01
-2.801992926043812837e-02
-4.961778752316988172e-01
-1.112941357969900180e-01
-4.649234559233243747e-02
-1.591498675671521035e-01
-5.137116309324252228e-01
-4.240489688744666918e-02
-2.995402875220309902e-01
-1.843913092532184494e-01
-4.832549318119942761e-02
2.489875780730700927e-01
-3.578178203322012196e-01
2.922625458894175798e-01
2.368889805059513909e-01
-2.481447323979185382e-01
7.362940246413975098e-02
1.018476830536038380e-01
4.922618555039157129e-02
1.151224494455423131e-01
8.532594507443144044e-03
-7.976355091352016480e-02
5.463218137360394966e-01
1.414906482476883109e-01
-2.819378198962556592e-01
2.905145421452868804e-01
1.642120156508603337e-02
-4.327294213862230565e-01
1.131296702584825564e-01
-2.074550920895786299e-01
-8.985352702610101272e-02
-3.145316787971694783e-01
8.591290319951032373e-02
1.605834332885291149e-01
-1.415079604726429408e-01
2.431659455541935744e-01
-5.091382957900019157e-01
-1.875060364055593509e-01
-4.603971343125197457e-02
-5.141598268747574751e-01
-7.300735242509832912e-02
-4.684945684970541480e-02
-2.558116477268680411e-01
1.506799905723683539e-02
-1.692710515691860373e-01
-1.766290386982728444e-01
-3.390687852891205445e-01
1.739647971765831413e-02
4.616827547544517796e-02
2.720588711002932536e-01
-3.275138169180961123e-01
-4.941496697054155174e-01
6.224579521813760480e-02
-8.082449133344927344e-03
-1.379896471264359659e-01
2.242944811769420066e-01
3.247372832267741982e-02
7.157684783283732588e-02
-3.599132806368697812e-01
-7.096402559156732293e-02
2.629963593591743143e-01
5.427904986108874619e-01
2.827526560895657903e-01
3.344021944432720161e-01
4.422838451037742757e-01
1.700376441454471421e-01
-2.482923639558586720e-02
1.424891452120872759e-01
-8.783322266332502237e-02
1.796127087411611423e-01
1.372250947190515324e-01
4.317341214701191365e-01
3.935136856887260226e-01
-2.136827280391393694e-04
-1.960937688594856509e-01
4.209237810465303875e-01
5.980795165824333987e-02
4.247539917624965078e-02
2.870072726810962149e-01
2.948011784424875437e-01
-4.145002162953862479e-01
-3.796998537291421116e-02
2.071933263926969970e-01
-2.528012258662800660e-01
-2.164667996997291510e-01
-2.412885046599089756e-01
-1.845985106372071971e-01
-3.920193097892282208e-01
-2.608480193097953981e-01
-3.388496275550996195e-01
2.376274739684156589e-01
1.039681266620960838e-02
1.290269985825246712e-01
-1.403608514049171641e-01
1.182288509399415932e-01
-4.773696535948731556e-01
6.198184765484537895e-01
-2.164947130736028513e-01
-1.110636817000533738e-01
1.106794048642263800e-01
-1.077889893416666411e-01
4.299493803001770420e-01
3.941661252227357526e-01
1.347016507473451363e-01
-4.383892804929372389e-01
-3.094162849487018807e-01
-4.872456183499367099e-02
1.913104778757904745e-01
-3.588876623475138472e-01
-1.787920947244101555e-01
1.719092087459864193e-01
1.415930818312762240e-01
-1.501137936742261703e-01
-2.231314874021666783e-01
3.683527535195225966e-02
-3.926152944565212133e-01
2.756863295960684246e-01
2.060923542593926516e-01
3.610142658821611783e-01
2.115830405701329409e-01
5.328907905438080572e-01
-5.520267102491429601e-01
2.654033571442584449e-01
-7.469119162119615407e-02
2.567064294926751367e-01
4.902427775639315310e-01
-1.571661702249424648e-03
-1.304726041606154019e-01
4.334949552164698572e-01
-5.970657893677859818e-01
-2.435762192392397496e-01
5.812384681373099493e-01
-5.533652318520093649e-01
-4.841415169555153275e-01
-2.599376712617904039e-01
1.461571919895107430e-01
-1.547451383480381304e-01
-8.137379121180857156e-02
-1.464927117917119992e-01
5.021861981452098167e-01
4.182644438248883656e-01
3.112841224534461104e-01
3.678018282719476284e-01
4.101020968729787164e-01
-1.498616972023853258e-02
-1.454657052978550191e-01
3.281978111404180165e-01
1.827752939676274835e-01
3.633809940951630568e-01
-9.617645473763002106e-02
-3.826914526931218807e-01
1.925455568075063184e-01
-1.376210889811244897e-01
1.425891127638410083e-01
-2.605605685494277735e-02
3.281802485695838323e-01
2.955597528595519941e-01
-2.185376984201453376e-01
1.734723424958344307e-01
1.399634918933144179e-01
2.160057073591022669e-01
-2.199764688869209339e-01
-5.934753751739110239e-01
-4.779295638298647897e-01
-4.936020249814800920e-01
4.262941989164996115e-01
-7.029970648198256844e-02
-4.493315882435670039e-01
-3.132080292764705676e-01
-4.281080658159538421e-01
-1.112749021647134462e-01
3.116289662604201371e-01
4.842907550203714995e-01
1.156903819613928769e-01
3.594239685278551866e-01
-8.111988504424347268e-02
3.571561967142629079e-01
7.407981245703551543e-02
