-1.149107855885944524e-01
8.579130599092141263e-02
-1.658376688787538411e-01
-3.065073214764647558e-01
-2.590423365241685261e-01
1.673062216039465921e-01
-1.082833674991673656e-01
3.306620793673484826e-01
6.714531429043584243e-01
9.617798947280806199e-02
-1.824154784562804776e-01
1.192741371408892470e-01
1.216672128969815414e-01
1.454142403050662224e-01
2.315536935576615607e-01
-3.167511788553010188e-01
-2.368669942285229341e-02
-5.573004087573835141e-01
-1.899635397849794571e-01
-4.616198076936450789e-01
4.355970421110456625e-01
-1.771801339684465904e-02
2.777940585745007906e-01
2.169357140392322580e-01
2.845786759396484733e-01
-3.366467387962143176e-01
-1.457447848688402381e-01
-3.172170980488205339e-01
-7.140039644902161642e-02
4.385418766836995941e-02
1.649306746966898995e-01
-8.680460909431469974e-02
1.277093677160871243e-01
4.865574333247706384e-01
2.180114949279808312e-01
5.757332768821371571e-01
-2.498331209746433579e-02
9.480117400283447071e-02
1.209922861553436590e-01
9.098167736203703615e-02
-3.339957229912591252e-01
2.187751910621646978e-01
-5.164003245128585551e-01
8.489369101552859953e-02
-2.598576086874743174e-01
2.237537961009427590e-01
-2.278787937668974861e-01
1.510903034072307860e-01
-1.348780844345312258e-01
9.217268939670818229e-02
-1.035734533742184715e-01
3.472648656359024200e-01
2.218238340509716688e-01
2.246543071301816963e-01
3.897762183193443364e-01
3.590436578089271080e-01
-3.337620383687847081e-01
1.328714223039531572e-01
2.247610643371290851e-01
-8.948778635735413212e-02
7.775180819580515545e-02
2.379109785015088019e-01
-3.384390330495749000e-01
-2.598580465482731583e-01
-3.367673764485038523e-01
4.750726319744857928e-02
-1.605481672692827821e-01
-1.203602408563012871e-01
5.254498045867976863e-01
-2.861180969106064120e-03
-6.001127233605318967e-02
3.109034190930197727e-01
5.895658038670682499e-01
1.115193206011228233e-01
6.064489866314182187e-01
-2.262124717206566715e-01
-1.138162892618142796e-01
7.067022440217471391e-02
5.111566178713290026e-02
-1.891052126028966440e-01
6.942986261257919067e-02
-3.897297664161579744e-01
-1.217044878251327955e-01
8.056391432759983651e-02
-5.482370942844965178e-01
1.035283119034159094e-01
-2.931847707441649353e-01
-9.438561768524890427e-02
1.710386366161127658e-02
1.572479095091262880e-03
3.609283087265090506e-01
3.488952576705685038e-01
-3.742106231391802984e-01
2.051908527604577870e-01
8.635110258605598055e-02
3.514046978523504006e-01
-4.112104221160230166e-02
-6.508074491419144070e-02
5.053761755519489141e-01
1.466930423043659726e-01
9.606871925730009476e-03
1.308797167516522197e-01
-2.500134913104219425e-01
1.365312105935697351e-01
3.321391622609272121e-01
2.639256088175213205e-02
-1.983495223692997023e-01
-1.749896002004197315e-01
-4.717206743941690372e-01
1.476344666095036340e-02
9.793458654203096581e-02
-2.280185567237767996e-01
1.193285603177958870e-01
1.494866285090797331e-01
1.107704109879802945e-01
7.883072826300509262e-02
2.456814919534543173e-01
1.296462925761877882e-02
1.585024612620530154e-02
7.059150053825544169e-02
5.289910026427845080e-02
1.433899513006406667e-01
-2.228158573391082753e-02
-3.178763957163861786e-02
-1.432578051008157050e-01
2.095628543055667037e-01
-8.938385480200809752e-03
-3.686392676551919489e-01
-1.359503376104450045e-01
2.486231963407647683e-01
-3.502208886402027321e-01
-8.936553281928358294e-02
-1.284685958793658767e-01
-1.280918182332515809e-01
-4.352782141941656247e-01
-1.207173235090641950e-01
1.361348538925051255e-01
1.668442546136701121e-01
-1.014574813270173181e-01
3.551117856848634013e-01
-2.667314756771608231e-01
1.911719136133059882e-01
-5.567318532980081863e-02
3.184070262776171889e-01
3.255680545399442655e-02
-3.360076396482992167e-01
1.916586836506743163e-01
1.843092729562498255e-03
6.644244933829558386e-01
1.704733543491410847e-02
3.864383231869006341e-01
-2.771209053247957743e-01
8.253254358606526564e-02
8.738134220584189982e-02
-3.988187339431578105e-01
1.800172930397272997e-01
2.719462571222239222e-01
1.022536457713079661e-01
-3.327370611495569230e-01
-9.720157528161053884e-02
1.552730655646562818e-02
-2.747539981212933358e-02
-1.257284022943733898e-02
-3.689239964940072003e-02
4.952139625093288089e-02
-5.748591332121248954e-01
-1.988055398839466692e-01
-7.792391999111114576e-02
2.887807886788777978e-01
3.511053237049680531e-01
5.746995155486032125e-01
1.437016699400905928e-01
2.500512074945721031e-01
-2.641794965225164882e-01
4.991457895143806001e-01
-3.043167937599036144e-01
-9.275310241652813537e-02
-9.191645105084969569e-02
-2.689507096035980149e-01
1.369741714068581639e-01
-4.895221468020920230e-02
-1.281825641454472503e-02
-4.004073818292941400e-01
-4.182579649116816567e-01
4.762957332907453156e-01
2.385171162912099740e-01
1.068131077833853471e-01
6.664811227065026156e-03
1.374324323809392734e-01
5.418137299168702958e-02
1.277294085813870939e-01
-4.696534409902318186e-01
1.021856880202703932e-03
1.423839923343566682e-01
3.235835532260022962e-01
-3.897370584713580333e-03
3.699274067305993174e-01
2.472395285637320195e-01
-1.795772294871979535e-01
1.272902465681611528e-01
-3.943608623687497872e-01
-6.785643433606407260e-02
4.597883831206872607e-01
-2.784363358520646203e-01
2.863746817033726577e-01
-1.487454320129770746e-01
7.214611766822939809e-02
9.964438150386845106e-02
1.717201120760825928e-01
3.252372156072383946e-01
-5.922368027282012282e-01
-4.600683629985957007e-02
2.008378476437620158e-02
5.131357186351011013e-01
2.029315569309957795e-02
-2.326515132936528008e-01
-3.681003172502314569e-02
6.479130330996267784e-01
2.661981717415168314e-01
-1.271938771658439049e-01
-3.874522451895158481e-03
-2.976002890802995626e-01
-1.531365422913858465e-01
2.519277952155545286e-01
-2.329842155629662653e-02
5.916871399611171867e-02
1.037096297811988532e-01
-2.026998514405372320e-01
-4.895370760290029266e-01
-1.558360562883202016e-01
-1.681754477824415617e-01
1.178706950387689162e-01
-1.629413907471840561e-01
2.178688594911443177e-01
2.953701842062926852e-01
-5.198384608984923938e-01
-3.534369636985480456e-01
-3.245209239306771076e-01
1.094930262052196956e-01
8.808760804549017887e-02
9.853916352763975040e-02
-4.488536979746694799e-03
-6.337303653126269420e-02
1.886321734053369448e-01
3.134320538209099949e-01
-2.538421444626009493e-01
2.710815011154706911e-01
-3.106312890440037222e-01
3.661183912859169443e-01
-2.534032925684476245e-01
-1.589841739484733063e-01
2.802725815487001615e-01
7.581221844292740375e-02
4.638371077159355593e-01
1.268089520617572408e-01
6.875045873069376978e-03
-1.215000088232742331e-01
-5.911622548062596405e-02
-4.869147962120106143e-01
-4.886316487130752950e-01
4.435960453739962173e-01
-4.354710339685925469e-01
4.421308959350451762e-01
1.730960179702348001e-01
-3.007941199060328724e-02
