-8.893782098857461182e-02
4.119579405134696781e-01
5.046404841552554199e-01
-1.259330939916930570e-01
2.649132791561460976e-01
-6.195144426010608107e-01
-2.296114681787927991e-01
-1.088806632387321338e-01
1.473440750409169553e-01
-8.139264757102171455e-02
-1.228092703279983766e-01
-5.021353266106365343e-01
-3.585638613258163576e-01
5.170155477515198106e-02
-6.839270079339287989e-02
-6.522188121292840091e-01
4.837601922532042131e-02
-5.273553676154512093e-01
4.543391988718115115e-01
-5.336109930127974632e-01
-1.437770287871180663e-01
-2.173314353843368019e-01
1.007057684229984429e-01
2.644286687619600840e-01
-5.874286254381805294e-02
1.543335535566127681e-01
-7.933782844814100121e-01
-3.404224545879158681e-02
-5.249812014649013481e-01
-2.638356915946991621e-01
3.659322863612350929e-01
-4.394357019922245366e-01
-6.746160923703112822e-01
-1.094862399498769401e-01
2.552487194280204097e-01
-9.128063149209497684e-03
3.565118011188906921e-01
-3.781824649016924944e-01
2.383052930597159835e-01
2.011266785731127271e-01
-3.504003477771632236e-01
-1.268079488419643353e-02
-1.128759453573582872e-01
-5.267938627912418514e-01
-4.795836679582895501e-01
-2.701105727747931118e-01
7.913311915711468414e-02
1.269869956897248797e-01
5.079252400396819800e-01
2.849457824263545991e-02
6.445449749161239472e-01
-5.585891813118052385e-01
2.665354954296662582e-01
2.051239326190635315e-01
-3.169001527383100703e-01
5.929448287281047225e-01
-4.860009792935944262e-01
4.414021722511406454e-01
3.844242006620500196e-01
-4.729918863109490723e-01
2.035962242974233560e-01
2.533776101326401520e-01
6.809496100241452243e-02
-4.964763101030261749e-02
3.393343089823278036e-01
1.407306805679781059e-01
3.788440687911899807e-01
7.501660030575647564e-01
-2.213668826154674696e-01
9.151908123214508306e-02
5.911124632706654669e-03
1.933852412213195593e-01
4.262362090707312312e-01
-1.603093917542991464e-01
5.870213360688065762e-01
-1.060734059296286058e-01
-4.285516014515228234e-02
8.331314738029690359e-01
-6.000541267191898953e-01
-4.979753010744497610e-01
2.767269148665792988e-01
3.789439749063406859e-01
-7.338222951167594488e-01
-5.739221586870624225e-01
-7.434368989031352459e-01
4.356777223835510693e-01
-6.625554986927635337e-01
-2.223397647431613056e-02
-1.383683799252671265e-01
3.607241315620466349e-01
6.331623225520865983e-02
3.676326126342591705e-01
-2.392740318406784139e-01
-2.714708333391807615e-02
7.403531838143002641e-01
5.423191733786427715e-01
6.342918295840731524e-01
-4.750580226793882366e-02
5.276524757902766316e-01
-1.743071382337444963e-01
-1.590233924649753772e-01
-4.879820919945354607e-02
-2.520000354668219811e-01
1.224968726419560783e-01
-2.699228372948577204e-01
-4.994688033096176816e-01
2.992904400807026022e-01
4.320872979086554100e-02
-3.819848211731052823e-01
4.248050812492059070e-01
-7.010951667678927413e-02
-2.365172900810622592e-01
4.633709039113396155e-01
7.029244983638102129e-01
2.303666903347476591e-01
-1.492909459838900887e-01
-3.386013703346569814e-01
-3.016619976737727749e-01
-8.384257363120278805e-02
-3.590834112440636217e-01
2.198357609630574583e-02
-2.774754182763071175e-01
-1.452900414647184668e-01
-3.442451351631855561e-01
3.138990302039806335e-01
-4.819529614488332614e-02
6.502417244276526009e-01
2.522686997359291361e-02
-2.048171128315874889e-01
9.470662418480491063e-03
4.353781477866713878e-01
-1.730490535165856714e-01
3.014486631072127998e-01
1.538052577918408437e-02
4.247837438854824565e-01
9.857511567163218524e-02
1.732687616173810286e-01
-7.821540770350499105e-01
-2.749927516460909382e-01
1.738065800514999593e-01
6.823625109959563506e-01
5.701524498479186853e-01
-9.884790345209459872e-02
-6.301458904403403061e-01
1.276276290315671580e-01
-7.698105582528493862e-01
8.718975240934021542e-01
5.014060466269976146e-01
-4.016877132073226608e-01
-2.769363977574715308e-01
-8.801320514808803619e-01
-1.422763109993466224e-01
1.393151948653792438e-02
-3.009147316678500994e-01
3.612346701041869168e-01
-5.761820344442498687e-01
3.831577150965692069e-01
4.362453260392402665e-01
-6.530886391412158432e-01
-4.130643694326829873e-02
-2.361499684532242238e-01
4.081235130714996884e-01
3.355815066746465347e-01
-4.331135876298308762e-02
-6.505849770002480881e-01
4.608274114364495633e-01
-1.175654766320338163e-01
2.917030855143937229e-01
4.684842118472835604e-01
6.640828234087748916e-01
7.594235060835835549e-02
-5.834815916955282677e-03
6.400326511528274809e-01
5.342547019556100896e-01
-3.176368402485324482e-01
5.064144504048850859e-03
3.840337753140170562e-01
-6.169798399210697504e-01
1.350775197374798342e-01
5.565925033444115710e-01
2.072833678734613549e-01
-3.218604308622293741e-01
-4.987385587676519960e-01
1.043990429587820512e-01
5.192725714694416128e-01
-6.300830923315048349e-02
-5.884511526962842298e-01
1.992029117780641512e-01
2.539872066117413452e-01
-2.017954373243024402e-01
-5.123199309952006786e-01
-1.222129855555577627e-01
-9.255947452336721337e-02
-3.948241735194449320e-01
-1.686948442338312426e-01
1.936843376761769875e-01
-1.884040420324459841e-01
7.541933825927105151e-03
3.725057139384362337e-01
-9.161410869394093215e-03
2.614799614845909614e-01
3.066299471373848951e-01
1.163303759996632825e-01
1.691328304093758783e-01
-1.874011378564036656e-01
-4.498211145285182511e-01
-6.072665981286902159e-01
4.741582957340077509e-01
4.655996856019502528e-01
2.002058386277456581e-01
5.025107671437484269e-02
-5.299847656643339455e-01
-3.756931394206377561e-01
2.826312360873272089e-01
-6.023854564034818448e-01
-6.735135847161008993e-01
-5.472584880616060410e-02
2.383386871880128210e-01
4.308616460072408061e-01
-1.160003499641057423e-01
-2.621449208852996704e-01
7.687088483314130638e-02
2.497823957548452323e-01
3.129172661707657621e-02
-6.363955399737485363e-01
2.858224748180225316e-01
-4.011335032924353006e-01
6.477221781504427511e-02
6.621889049047569031e-02
3.297484909544646237e-01
-8.632164099512695810e-01
3.800311442444365140e-01
-5.655956762906397817e-01
-5.525456364689335098e-01
1.456402923972250907e-01
-2.255636559556958853e-01
3.306836248149574442e-01
1.493540740538451539e-01
5.970763023771739064e-01
-3.240132364409656351e-01
-7.454111193004645530e-01
-2.296549796510432007e-01
-1.446157256234465449e-01
5.189998500999669639e-01
9.473563706358762992e-01
3.430059187618613725e-01
6.869725658766089316e-01
-5.055601772106681491e-01
1.194416938834053088e-02
3.490127909819311092e-01
-2.115058855138963190e-01
-9.528320933429579309e-02
3.400567342453066910e-01
8.791733723228473130e-02
1.972955350016198928e-01
1.060186451705077415e-01
-1.268170881205819556e-01
1.010598712135843402e-01
4.196601702803883782e-01
7.792018520399277559e-01
4.028833282727690701e-01
2.694448115812547728e-02
3.431230332855844667e-02
4.517743814905940680e-01
-1.233520768083796737e-01
