-1.307242174922590427e-01
3.230090667433066498e-01
-5.265329073652032232e-02
1.677433940132919687e-01
-2.856554610249358861e-01
-2.224310295021442729e-01
2.119006911215279843e-01
-6.920318225328156436e-02
-1.184347519266358978e-01
-3.693835376459940756e-01
-1.501517957929230512e-02
-4.064171246820204308e-02
-1.001414985249812484e-01
1.596879188406359340e-01
-3.385761151724210327e-01
4.475499697171052560e-01
3.506457136397469476e-01
-1.090004293012244996e-04
1.165662154489833652e-01
-3.338001178581503359e-01
2.777148726468601225e-01
4.403271816501911906e-01
8.142489568301079783e-02
5.103103440048319950e-01
-1.146023751460130413e-02
-1.971058231723816501e-01
1.135979958308229870e-01
-2.129626737923254187e-01
-1.332409037956911457e-01
9.263933801561811954e-03
1.891807940597072524e-01
1.593216892379420990e-01
4.408073137309478917e-02
2.216923411456343113e-02
-2.651480221360098533e-01
-1.996697738097180652e-01
-9.065563353520315892e-02
3.974941323061693677e-01
-1.941050895682216448e-01
-4.282894863744012293e-01
-2.599095373429953504e-02
-2.103331379345893537e-02
7.285802399573110266e-02
1.464665567419469183e-01
-7.026108456508314837e-02
6.589710000516538213e-02
-1.838507308710720101e-01
-4.522271552189476851e-01
3.960020112529817893e-01
6.624179736970596533e-02
-1.600339305990945149e-01
-2.900056539013933232e-01
1.973127982367378630e-01
-3.524446258149924877e-02
2.136103100640637520e-01
-9.174973832249247452e-02
-5.307487756562894177e-01
2.547169911182011193e-01
5.930754150315285800e-02
-4.206483020246543636e-01
4.272195380379432139e-01
5.401281696029325285e-03
4.797893373025786112e-01
-7.005000237415713593e-02
2.562169306638143462e-01
2.003748642089556165e-01
-1.859120103692319947e-01
-3.114036064480408053e-02
-3.091595497078000743e-01
9.606474961192379425e-02
3.879383539376894396e-01
-2.683683948771937722e-01
4.502695004846921090e-02
-1.587945269531888109e-02
-5.710242163706462371e-02
-3.535735016633168026e-01
1.071989230382382335e-01
-1.298528126228040980e-01
-1.810147695894823161e-01
-4.409567580952163390e-01
3.246187223317163750e-02
-1.000951025552293538e-01
2.207932541930517356e-01
-1.156643033065370973e-01
-1.578752987489567272e-01
-2.216400407724541388e-01
2.033034195204969641e-01
6.327026362349918998e-02
2.146598195723416203e-03
-2.338315477303173906e-01
5.582029989920130886e-01
-2.559565627580883684e-01
2.002291568354483964e-01
-1.111559104833326761e-01
3.292065444938908070e-01
-2.537788283032666459e-01
-6.290702708516240915e-03
-1.334251519940031772e-01
-1.407435025180218124e-01
-1.692330998704363876e-01
-6.498182983792669121e-02
1.023597985565272150e-01
-3.248603612959559683e-01
-2.744237764803607593e-01
2.754893316299532047e-01
-2.366894897147446553e-01
8.005850507233688851e-02
-3.217437813979637240e-01
3.050107749734141116e-01
-7.523312969145945495e-02
-2.897748856559957398e-01
-2.025386505394900227e-01
-4.503606071663528859e-02
2.595743091066601282e-01
5.249829055996581284e-02
3.896902506947360623e-01
-1.363126848665059954e-01
5.381536045961578946e-02
1.044674536417199151e-01
-3.753152425965244898e-02
-6.679571477115033018e-02
3.017778534754103070e-01
1.487069438111144615e-01
-1.624882659706950450e-01
4.999912368905105042e-01
-3.940231017442626382e-01
-5.238021186930581496e-01
-2.539424164302708231e-01
5.505188567390381094e-01
-5.529646907460747385e-02
-5.366056802091572625e-02
-1.126021969184259897e-01
5.729382936512608659e-02
-1.000134685309413823e-02
-1.053858877660880100e-01
2.453069221964629398e-03
4.656424128513564353e-01
-1.511006303214738056e-01
-2.330067542552577975e-01
-2.086717302956102998e-02
4.639779762855436029e-01
1.948005567713902431e-01
4.319426190727933546e-01
-8.484453576408715336e-03
-6.459591111584501999e-02
3.768771468287178406e-02
-1.550466404403771370e-01
2.765140116528092551e-01
-2.766347404238976848e-01
-4.389555336003897468e-01
2.661319867001542272e-02
1.371159702990262796e-01
1.079678981216814077e-01
-2.585669853012338357e-02
-3.146017037057200483e-01
-1.673138281683716477e-01
-4.441525851803246328e-02
3.684832415731609245e-01
3.467678498426877282e-02
-4.797636618106053685e-01
8.193188128607091503e-02
7.586580834157034825e-02
1.350732922966695060e-01
-4.008301598388645803e-02
1.919967079096852602e-01
1.682060259595513640e-01
2.164258832316559023e-01
-3.276845893376489904e-01
-1.333575717064029442e-01
1.790257180211085597e-01
3.662500714342070696e-01
1.642175086892177366e-02
5.083586875044439068e-01
2.836670290622342883e-01
-2.930731802033207933e-01
-1.188655584801494441e-01
3.312776025349714604e-02
1.505417965853091677e-01
-3.822770845268506079e-01
-5.333957804263764202e-02
-2.601522455805391765e-01
1.285643791722729523e-01
8.663133265509891101e-02
2.528221219555923938e-01
-1.913352266473395957e-01
-1.988260370764500518e-01
2.018234426282319860e-01
-6.051864675259650828e-02
-8.308094926387710188e-02
3.349555819882124030e-01
1.617561651591953864e-01
4.503169636914274021e-02
2.231599222578321828e-01
1.084644456303622412e-01
-1.527713301702021131e-01
-3.814298443076066109e-02
4.226507449954979012e-02
1.058703409645105342e-01
4.375646808470715077e-02
2.901364400029509127e-01
3.634773530893356530e-02
7.232807993596845897e-02
-3.337374254744602253e-01
-6.212051957528788027e-01
1.866175033811380557e-01
-4.874467205418175908e-02
-3.500782687247082081e-01
-8.624502313601140058e-02
1.187836486958160215e-01
2.549337316249604135e-01
-1.293165060698920898e-01
1.780449183042183692e-01
3.579152716518543831e-01
7.658140045915001748e-02
-1.698041998679704623e-01
-1.889250019919576085e-01
-1.729251652268495310e-01
5.653521943201309519e-01
4.259591562489364325e-01
-1.839333237150874711e-01
-3.343837649768439946e-02
-1.863114066914187128e-02
2.648973727626795505e-01
2.276503809054204464e-01
-3.622503102596725810e-01
-6.267924891474099258e-01
-2.318699803718925756e-01
-2.418142034084881375e-01
3.805454268769056236e-01
-4.075945057879254430e-01
-3.830029465391691923e-02
2.663242178697960427e-01
9.873602950704449266e-02
1.238285324605032656e-01
-2.333422388541762371e-01
-4.048691581861292299e-01
2.787161945348663739e-02
-7.199290442357828002e-02
3.189659926189859773e-02
4.494407990124971719e-01
1.968949067974590794e-01
-4.537906868928183457e-02
-3.971907442239950292e-01
-9.211992170336534558e-02
5.823168639440425703e-02
-2.401245034783526244e-01
-1.359403100102762885e-02
-1.792720881134683419e-01
2.944543377415482222e-01
-4.993762726548202080e-01
-1.125952421051310270e-01
1.468787376272405187e-01
-2.519952851321967113e-01
2.004795217544181329e-01
-5.144599569938895778e-01
-3.086518890336303333e-01
-2.172462625585775409e-01
3.770854489233699258e-04
-5.879799042063305059e-01
3.500878812943863938e-03
-3.535378390105921309e-02
5.474842652065643744e-02
-1.941447570565806302e-01
-2.772882949009194964e-01
1.490132995963754647e-01
