3.603643261362652339e-01
-3.356065527809175553e-01
4.744219077706070542e-01
-4.590799754336963856e-01
-3.215205416607591626e-01
3.239789597181418346e-01
4.643610296568113222e-02
3.081982797071117774e-01
-2.550472057711916651e-01
-1.274742367165047630e-01
-1.850471342407949138e-01
3.369684609630891892e-01
-2.178725364967700195e-01
-7.290532586656917058e-02
1.880796724697845479e-01
-1.152037706066339762e-01
-7.824077895220282741e-02
-9.702858618192300444e-02
1.017779823157050623e-01
-5.176135263573993228e-01
-5.515688567322555302e-01
-2.456759921358569465e-01
1.061126781473593905e-01
1.854650343398591417e-01
2.173474024349747458e-02
-3.885255278871366236e-01
-3.957640129450654687e-01
4.560732749672700981e-02
1.280689259491803456e-01
-6.664529987417548984e-01
-4.085441336855288874e-01
-2.671942334681892683e-01
-1.667457909209978939e-01
2.676006737038283401e-01
-2.203545161530446883e-01
4.029872158372488911e-01
1.113821294194088651e-01
-1.616531308106483877e-01
7.750807956380395547e-02
-1.538770309302770201e-01
-1.016620872916542961e-01
1.562813369880882430e-01
-8.944130406466845214e-04
-1.994426295540522864e-01
-1.553900917422928185e-01
-5.940579617125166245e-02
4.429777007848147152e-02
-1.992242282219091054e-01
-1.998691514578266049e-01
4.609796083412836532e-01
-3.162631283369297108e-01
-2.996724537168113933e-01
1.589005139804312017e-01
3.803937076077126278e-01
-1.423001519936900050e-01
2.782711424738757433e-01
-8.520596067910285454e-02
-3.978160609594273978e-01
-1.722094491399049354e-01
9.196606613412333653e-02
-3.217577652611200434e-01
3.276398656663698783e-01
1.091798452867468044e-01
-3.267544756123356153e-01
9.614887662503917090e-03
-6.496317571141732583e-02
-2.245346651509934344e-02
9.397542368462274975e-02
8.013583268257092052e-02
2.447126804876263717e-01
2.425084285416779784e-01
-8.633174714018157503e-02
3.743412673663105150e-01
2.121455464051397455e-01
-1.190958906541870858e-02
-5.053750022699841082e-01
-2.683367125547994614e-01
6.380581542597054678e-01
-7.979178479928634993e-02
4.723145293354196195e-01
1.785996467519067044e-01
-4.115522017625888873e-02
-5.740104577326585744e-01
3.943335908952369517e-01
-3.105877082635972175e-01
3.990299246756617291e-01
2.049028465819724421e-01
-3.948001835120627107e-02
3.812185080264200998e-01
5.273272868384195622e-01
2.876822859334008942e-01
-1.163639193077374845e-01
-6.980252381817207696e-02
-1.181526783386920715e-02
4.967949026306245353e-01
-1.352532589259912155e-01
-4.610890305738366557e-01
2.740580693150962976e-01
5.551875301055216039e-02
2.514274700684765787e-03
-2.546305575241457619e-01
-3.090255266275988566e-01
4.279621522386514165e-01
-2.534292787535453173e-01
-4.032627744042390772e-01
2.513730425960534198e-01
6.120509065753818728e-02
7.377301109846134963e-03
-3.095741568279409411e-02
9.357956550571361332e-02
2.555170396768820518e-01
-2.777167106510418371e-02
-9.328998835452367855e-02
1.535529904082519603e-01
1.611486295010911840e-01
2.355124736732715912e-02
3.771328725110978941e-01
-3.484117447176880988e-01
-1.974201974664863135e-01
2.263363397829106782e-01
-4.649809303940037331e-01
-2.202475269077862341e-02
4.860704734788723336e-01
-4.611827029821466417e-01
-1.792883316884991973e-01
5.623308765847483404e-01
2.935065353293056511e-01
-3.488674622362084587e-01
2.442111165040209975e-01
7.278946910271941184e-02
2.929836872150958227e-01
1.321978658761314707e-01
9.756066633252147291e-02
-7.008807683565729252e-02
-1.970952571649510210e-01
4.645626282409662938e-02
2.781907122487084494e-01
-3.219398710645521855e-01
-2.376171049658126200e-01
1.291943832118334634e-01
-1.602158544530607465e-01
-4.066567845276490845e-01
-5.710124839611902675e-02
3.450419604888259606e-01
3.586504296846056428e-01
2.111477354312570054e-01
-5.049224737846231825e-01
2.365082537666613194e-01
4.218519190645254602e-01
2.329311054864022512e-01
-2.325706730447889559e-01
-2.729779359601745559e-01
-1.084247709745788379e-01
-1.297629598551016672e-01
-2.999238672800556005e-01
3.615618567630557445e-01
-3.172408428632393917e-01
2.090315063655538430e-01
4.691399524891895489e-02
2.922235019595148531e-02
5.077364513714709426e-01
5.452592934551755421e-01
3.529142282366040662e-02
-2.653592050928366142e-01
4.098411193763029647e-01
4.055933064850900660e-01
4.253967421097050727e-01
-5.236931756783848035e-01
-5.115800408487529705e-01
-3.834175803578285802e-01
-4.513735162997639661e-02
-1.066983512181583910e-01
6.503984499727127888e-02
6.071597632489477148e-01
4.145451196317012643e-01
1.182215220896198349e-01
4.331765566601654127e-01
-2.355984749808459067e-01
3.926286713718116911e-02
-1.515245057599997058e-01
1.194296128372966670e-01
5.963635369161633670e-03
-4.598343312797876364e-02
-1.945729572536616658e-01
3.166859337411168651e-01
-4.463153917656419445e-01
-4.397725391675998408e-01
4.294472490126783892e-01
-4.364288712265781411e-01
-8.433424072093947954e-02
5.881079873923560075e-02
-2.387923636558543228e-01
6.549958026825747348e-02
2.762672765980588863e-01
-1.117738752416344355e-03
1.907185673613640831e-01
-2.355858315624421717e-01
6.016878670529381967e-01
1.686430494573704364e-01
-3.355569518971392995e-01
5.573482731505295835e-04
2.910126809617485932e-01
-2.045708814136062148e-01
1.410461740349312487e-01
1.835998498754028430e-01
5.365389499248450489e-02
-5.790925345164700255e-01
2.852531660422835680e-02
5.224571608176276083e-02
-2.278276582113107282e-02
-3.089248227248452827e-01
-3.325149131999873831e-01
-1.651071376485118147e-01
-2.412602616715228132e-01
8.183467046048532867e-02
2.878582534122152148e-01
1.625681020199591931e-01
3.909520894142438086e-01
-7.810175230110810718e-02
-2.794015828523882528e-01
-5.172364188584985811e-01
-1.052796621198187482e-01
1.445489151732785582e-01
-2.139799302788514823e-01
4.723520015176769782e-01
5.916182592600056911e-02
-5.642537891837234865e-01
3.902801726239679692e-02
1.984829997742074692e-01
-4.252745034061902740e-01
1.455958824795959561e-02
-3.114053851307235221e-01
-1.269575407209730944e-01
-2.208847521085874899e-01
-8.485014502578709650e-02
-4.058265611182461097e-01
3.390970985567940410e-01
8.978037587495889260e-02
4.242376496966090982e-01
-4.861989098752078631e-01
-3.480672019904106906e-01
1.595710756525673402e-01
1.526296615420981162e-01
2.594366520742216742e-01
2.243073403854055070e-01
2.828091744078863046e-02
-4.975676909117703051e-02
6.736507728869720601e-01
9.415565454485994024e-02
3.991001226150760472e-01
-7.455375429011873445e-02
-3.191343085888422859e-01
-6.691181375096703909e-02
4.277182035315763020e-02
-1.160886122516398555e-01
-6.101954952059995829e-01
3.169232466598498332e-01
2.705284160018297523e-01
2.517587435286992026e-01
-1.119342326312360025e-01
2.524793214613783032e-01
-3.890143550816835827e-01
2.695981799618628050e-01
4.631418854416895492e-01
4.493063263545038488e-01
