1.162536018169332830e-01
4.394502874250378888e-01
-4.062429235562061702e-01
-2.328143182748915185e-01
-2.082848764760151239e-01
1.593484647629057338e-01
3.010365471985620434e-01
4.444394239070343366e-01
-1.701026151247532481e-02
4.235153971213575508e-01
6.061314036943241668e-01
1.518608516081745852e-01
2.964252933941761148e-01
3.021180987051058087e-01
3.228721204348165008e-01
2.395938043937376194e-01
2.225581695183184161e-01
-1.573768888897536244e-01
3.130535997054064712e-01
-1.895140335714810831e-02
-2.515002808995687178e-01
1.420260620981239619e-01
-4.104810523489736407e-01
8.654854370548308029e-02
-3.044410045124323339e-01
-5.107435666250554895e-01
2.544989473937924185e-01
-1.383662657187236800e-01
3.873895201281024603e-01
-2.501362105869637809e-01
-1.872870412105350768e-01
9.683779467174478961e-02
4.755220304205430848e-01
-1.352732826988800041e-01
1.432682123088822590e-01
5.484118129513697593e-01
-3.699159847505954501e-01
-7.536293154820225548e-02
1.447939640445589093e-01
2.251861301406943294e-01
-2.143388202368201600e-01
2.393071013563474181e-01
-4.020237010165108593e-01
3.255267259307071948e-01
3.086486328396775281e-01
4.840989394505094967e-02
2.038411478708943361e-02
1.029984720834786066e-01
5.529581262565406996e-02
-2.262854286930498782e-01
-2.798828870332524810e-01
-1.614346103281189826e-01
-4.906008754452069187e-01
-4.332343268133193592e-01
-2.069869231540925336e-01
-2.067617874906713116e-01
-1.826700314225051525e-01
-6.753448731716094056e-02
-2.806992339291206617e-01
3.134836265968883318e-01
-1.379189398035987335e-01
-3.560217723194882278e-01
-7.165931661300106725e-02
3.318958749379291584e-02
3.482156925572429396e-01
-1.725907246330612987e-01
-2.603923851372107467e-01
-1.367716857863790492e-01
-4.089233423787546062e-01
4.858632720112161518e-01
-2.511593519365713512e-01
3.382138883413814967e-01
-2.257262818545310024e-01
4.117978650507935212e-01
1.757882981744084694e-01
-4.505236834072968710e-01
-2.099838340690872718e-01
2.819702492452358933e-01
-2.627367050024119743e-01
-5.080139444298577001e-01
-8.422503545915585588e-02
3.759380941359774519e-01
-3.431560601174571956e-01
1.011361742831683869e-03
-1.395067813382672162e-02
1.773575181549996715e-01
-2.176206529253501554e-01
-3.683791159975307594e-01
-4.821204383911852354e-01
4.057299326530569017e-01
7.505997067614300633e-02
-6.145742647421589822e-02
-5.390633875937569375e-01
-9.524687588894943657e-04
-1.740667453656394581e-01
-1.513122297136534553e-02
2.228350306530905295e-02
-1.972675736524697743e-01
-9.914682689688877892e-02
2.451490481135067401e-01
7.167153870336728794e-01
3.391152698046850933e-01
-3.740383493508678825e-01
2.567606959597562577e-01
-6.100039712401315040e-01
3.585487992968228732e-01
2.899292212595476759e-01
-1.310586313166215988e-01
-6.718163470412562566e-01
1.277807262238714603e-01
-3.679905218654870858e-01
-4.139386688046191587e-01
-1.076122611946009333e-01
2.041154006455751790e-02
-2.385854813867584745e-01
1.679136997748434390e-01
2.980661991875004774e-02
2.740365513818506238e-01
2.562227059188719180e-01
3.664903265936192978e-01
1.650725832831861362e-01
4.935777963748588792e-01
4.335296028181588879e-01
3.750051688718105680e-01
2.281518483357055649e-01
-2.444856955370905416e-01
-1.018233179704180896e-01
-1.023135736659093326e-01
6.181848359178332419e-02
-8.102385163906003496e-02
-4.229744336217915457e-01
1.834968188730737304e-01
4.470348614138257570e-01
3.654926402880026570e-01
1.227685974310232242e-01
-8.280101876411533057e-02
1.252550660489652190e-01
1.460360869516326709e-01
3.899797740473788799e-01
2.180298951536684127e-01
5.230734399153261771e-01
4.627089130187498900e-01
-4.938463717718270113e-02
7.276000685051581263e-02
-1.537353416287131486e-02
3.796117915933395204e-01
-9.388546054151296338e-02
-2.945069935673815253e-01
-7.141772475551855237e-02
-3.687330138127272172e-01
1.863346862752589539e-01
2.237392555651453729e-01
-1.756415090542445545e-01
1.111212212440612634e-01
-3.712155043222611916e-01
3.947901602383034614e-02
1.226592502867184520e-01
-9.361245867752769623e-02
2.516669080480136156e-01
-2.402862811524076880e-01
-6.455457170140316281e-03
1.948728699266807918e-01
-2.153643793581152543e-01
3.627600464678152337e-01
-3.169398427342137170e-01
-3.935591295490969976e-01
4.555630581409122470e-01
2.354213635711545627e-01
4.841056613557537247e-02
-2.260015783592232430e-01
1.137250716170772405e-02
-1.600895139424717561e-01
-4.846324763557229853e-01
-2.786274924556797483e-01
-3.980033449199810724e-01
4.020066830755952142e-02
-3.144350123512139050e-01
3.730341083573054384e-01
-1.421824241765520802e-01
-9.240152611742746824e-02
-1.985139010114954083e-01
-6.382486289280564495e-03
8.711119396586315677e-03
1.349227480008246272e-01
4.113425297197189079e-01
-3.898582330008734664e-01
1.293728694073093821e-01
6.085614876422067443e-01
-1.515852532479129433e-01
-6.009124971516544012e-01
-2.806909129034393935e-01
-2.565219567310468227e-02
3.814408409851274828e-02
3.512091331844989228e-01
-1.671661843638797551e-01
-6.449148386433231628e-02
3.290718906580855085e-01
-4.535364351989054077e-01
-4.095740741585651712e-01
-2.247110623928942341e-01
2.841121650212501959e-01
2.976914096240646304e-02
4.264163181033090444e-01
-5.274094240260440714e-02
-2.969349204932107966e-01
4.048910224585370865e-01
4.284840315174385239e-01
-6.343579862598214270e-02
3.271102850690926767e-01
5.242283037751243463e-02
2.159446181298435574e-01
-6.253320704340336045e-01
-2.823985342509937047e-01
4.135732063321537755e-01
-1.326646622561330757e-01
-3.081885816639159392e-01
-2.789797595568878630e-01
3.115710049842795870e-01
1.963947076714881723e-01
9.287686202541356462e-02
-3.126544257617464018e-01
-3.277720173624153882e-02
-1.482505097208505762e-01
1.757137579533242511e-01
7.106850969319865319e-02
1.177601828321867689e-02
-2.474325225662618866e-01
2.509546879611611048e-01
6.260390498221449218e-02
-4.352776924821188942e-01
-9.686326805704649490e-02
-2.165504356278077913e-01
-1.485029626675571646e-01
-3.499691220366902833e-01
6.958269892053944861e-02
-1.827607427102643789e-01
-6.254006585853767453e-01
-6.686903931421145364e-02
1.903709934629977535e-03
1.486557076996785631e-01
-4.666911130360337223e-01
-4.326438435784477066e-01
4.817467108652267460e-01
4.039133049327719438e-01
3.569782619377492305e-01
-4.260241033882724571e-01
2.494615608693903364e-01
4.011902758467281727e-01
-5.223404474904339012e-02
3.506306229219157689e-01
-1.832597880392574929e-01
-1.164342310940049974e-01
-6.160574928673689943e-02
2.161039721219988330e-01
-1.508870254131680633e-02
2.488243128222258904e-01
3.144233816065734044e-01
4.181929608380272612e-01
-3.646318774105770100e-01
-1.586935331719288023e-01
-4.176261617625978140e-01
1.240702589171898268e-01
2.478497100893964911e-01
1.293053865683481962e-01
-7.050366086038438729e-01
