-1.393248154567542640e-01
8.250455997815897558e-02
-2.814405849091888845e-01
2.188796925955922568e-01
-2.249847457497237690e-01
3.841635885789030369e-01
5.063007656229411707e-02
2.205708415098876496e-01
-7.916529288623841421e-02
3.344266989954202685e-01
-2.532201434665242168e-01
-1.212137769721715053e-01
-4.739650622993137885e-01
1.121671475536291374e-02
3.496763077153943744e-01
3.036859889189882367e-01
-3.312983127888882162e-01
-3.108437464358724395e-02
-5.162537694362546725e-01
-1.942128225643529466e-02
4.272861689380285100e-01
9.020015626286148613e-02
-2.343294696464667259e-01
3.061411238838286294e-02
-1.009801006773257681e-01
-2.336024668658205627e-02
5.422922392246267709e-01
-2.942356634013001404e-01
2.537428670277626086e-01
-1.659554881874834575e-01
1.577798159372329184e-03
9.095306183372819583e-03
-3.390062436028452586e-01
2.541355951119144696e-01
1.219899107121165116e-01
-9.385165481445359448e-02
1.055522524709420346e-01
1.030662881385690233e-01
2.060727385821845559e-01
-6.202907732350601555e-02
-2.274022902490547282e-01
-3.581267361826737661e-01
-6.790301694582887015e-02
-7.709827056868420389e-03
-1.382298709918693691e-01
-6.760954086136558017e-01
2.147191811613125001e-02
-1.558465603911659003e-01
1.121687531945910338e-01
-2.013041736781851776e-01
3.238464164367841347e-01
-6.397859202702788073e-02
3.851779518499616195e-01
-3.219417978313303119e-01
3.775442515815241595e-01
-2.436428688811505539e-01
5.292967801089477620e-01
4.692765115909407481e-01
-5.555289509011400451e-02
1.489483055491089628e-02
-1.196222543530457011e-01
1.339955219393198227e-01
-2.403331215109788532e-01
2.574573065520905368e-01
9.673359016374102892e-02
-5.403155021972885219e-01
2.266039855203321740e-01
3.100475487732717861e-01
9.060170369342021579e-02
5.443349962012646870e-01
1.230103191631140569e-01
-2.326376089730746999e-01
1.364022246331003385e-01
-1.670458743859581929e-01
-3.955300069347024439e-02
4.249222838966918436e-01
2.026243584149293175e-01
2.022925816575296132e-01
-2.776951401558248600e-01
-1.545945182227703163e-01
1.572902440490758780e-01
5.436067451347300628e-01
3.418867759861811684e-01
2.350279706257350221e-01
1.916724419797150858e-01
1.120663787111446097e-01
3.845751242466151076e-01
3.222175803819476991e-01
-1.686561958894083613e-01
-2.444414966049460181e-01
-3.767951329475501682e-02
1.184995382978008827e-01
-2.191174400616836306e-03
-4.805120848331323122e-03
-2.520658788478826740e-01
1.537405677724300035e-01
-2.408180991903855483e-01
-1.595953106231673413e-03
8.365058533268583674e-02
2.863774271180857811e-01
1.671160147624173031e-01
5.605381042144890191e-01
2.242499777215723467e-01
1.073375879946888989e-01
-2.787306951853339432e-01
3.965244323242364533e-02
5.969976561426606487e-01
-3.470720623191947407e-01
-2.718011794302684914e-01
-1.196462521931185852e-01
2.579271113982306574e-01
-4.788783998885562387e-01
-3.740339258224680830e-01
-2.206673197582045276e-01
3.725725211299347195e-01
4.835146787205372165e-01
3.647451684517937637e-02
-2.007720400313353915e-01
6.292345417268229157e-01
1.559404257061531695e-03
-4.196760248419380557e-01
1.373654898714700145e-01
2.482785933054417193e-01
-2.733900029277624641e-02
-3.036690195763261935e-01
-4.005271154822223623e-01
-3.802386134298298415e-01
3.238545343250490705e-01
1.998144446262690721e-01
-3.171136244574885854e-01
3.987797215778464410e-02
-6.117013249916378737e-01
1.882308558690830025e-01
-6.518519565072907751e-01
5.673114376350200105e-01
-1.674287390510677542e-01
-8.914690670817539131e-02
-1.715332872741304748e-01
1.885543073808284426e-02
3.634028376508078306e-01
3.380955713090731396e-01
5.145281506753167367e-02
-1.129134147304639291e-01
2.004108093085712472e-01
1.226387387803947598e-02
-5.385052885926457089e-02
2.427307798981488962e-01
-5.976432083099976200e-01
-5.218973022260544603e-01
1.127882388087389498e-01
-3.062253185452373794e-01
5.835589145921266097e-02
6.831038521244375827e-02
1.544058019606665277e-01
-8.356769374517144522e-01
-3.211799861637331666e-01
3.692368602703460234e-01
-2.750713250586155345e-01
1.352933555431896639e-01
1.153242941985570813e-01
6.566021389080975434e-02
3.755584453269458223e-01
-2.986142851887438887e-01
3.990781144566573069e-01
2.590791247613988268e-01
4.814930202286079042e-01
3.969721243031080204e-01
-6.060017032762925193e-02
3.428485711368143285e-01
-3.656277568748471096e-01
-1.730682434667518699e-01
1.230030183521022558e-01
2.523909149995053891e-01
-6.980154976103125630e-02
-2.624701267616879607e-01
-1.481583374450081148e-01
-4.278356260964872870e-01
3.035120507112248900e-01
-1.945130251670350030e-01
1.183236964936998648e-01
8.915189726509892276e-02
-6.496305642033764483e-02
-5.411041826097073848e-01
-6.456276466625678889e-01
-8.425483700707193935e-02
-1.340629384904628574e-01
1.755595012462251581e-01
-6.990245282935091120e-02
-1.133963894868339622e-01
1.339754702575312595e-01
6.443800198706419735e-01
1.497475032304374509e-01
2.707549623007597384e-01
4.245940606283297170e-01
3.791280291001140612e-01
-6.663407170404705981e-02
4.021992669451571745e-01
-1.158775858023187028e-01
3.727548239711989675e-01
-2.798301210731897193e-01
3.917053779230678101e-01
1.277260321423201728e-01
-1.284102968162471048e-01
-3.662003957950438204e-01
-1.686536228857235253e-01
3.176770838922337026e-01
1.419135193928316718e-01
-2.365707283340355294e-01
5.012181688684833603e-01
2.231678659669135423e-01
-5.296816209607431158e-01
-4.176273670526275961e-01
-4.101208827717521821e-01
-1.012377487108352819e-01
5.536645420830230147e-02
-2.747056103679170191e-01
2.865230875200132643e-01
6.804829704975123850e-01
-2.618243278418671549e-01
2.448037291119719294e-01
-1.155065900865943629e-01
2.936043890306498927e-01
-1.285013112669650959e-01
-5.388875576126388456e-01
-5.197113570286159695e-02
-1.497357314352233404e-01
2.866538314532041110e-01
-3.939677089033032376e-01
-1.276679940691846649e-03
-1.985720962429313174e-01
-4.460587545134557241e-01
-2.043555626162155969e-01
7.542826024587451217e-02
2.724326120817966990e-01
-2.825920775891955228e-01
-4.402728735874766874e-01
-1.449237223787737394e-01
-2.592716208200005479e-01
3.363400271545335385e-01
4.511893479973203558e-01
2.921108300848584971e-01
-6.529023773876294623e-01
-2.321485025313398398e-01
-4.243913604414820129e-02
9.102460342711857222e-02
-3.422940490377694434e-01
4.582045711187145431e-01
-1.604121947134481974e-02
6.986281739623465548e-01
-2.851061110171320134e-01
7.620695039484925992e-02
1.682528420477896469e-01
3.546301272907394497e-01
-3.476155332095841599e-01
2.117225180148931685e-01
-1.111979610404394136e-01
4.305157911971119189e-02
4.918595660514571422e-01
2.437857037675007499e-01
1.915945781317479613e-02
6.114394686987216776e-01
1.791936155348680393e-01
-3.947794868324741580e-01
1.399341321233522339e-01
2.858590764082712954e-01
