-8.011117830048264388e-02
2.239121189738923490e-01
-1.264015338443362224e-01
3.927156888216086772e-01
-6.609139436159316983e-03
7.890273494421884415e-02
-4.375571009897522012e-02
1.533006603710492244e-01
1.017589813505265228e-02
2.706993597361816994e-01
2.559612632854124659e-02
1.902886771141562017e-01
-4.876932637281668481e-01
-1.821106461238623520e-01
-3.205329144390772766e-01
-1.867295228831050702e-01
-5.852085314290624840e-01
4.950946578672815734e-02
5.030639345385319317e-01
-3.085805014937088031e-01
3.115920735228594474e-02
7.197494902756216284e-01
1.872129390164690155e-01
3.230030997164646256e-01
-2.379229360156682738e-01
2.866728345963088231e-01
9.035269111994259639e-02
-1.667905136523273879e-01
4.908924408341267531e-01
3.724231280528120247e-01
-4.458775768142220208e-02
1.297226695188357648e-01
3.526200709340727713e-01
2.457426336489154650e-03
1.241430158799333161e-01
-2.926191625782126327e-02
1.849036643597742335e-01
1.371048386475433034e-01
-2.725495427621021372e-01
-1.436803684926225566e-01
-3.924258142235585445e-01
2.744473222206849083e-01
1.481447825037418009e-01
-1.442284993916876368e-01
5.871081597499533400e-01
-3.222611732927009864e-01
1.573544359314640317e-01
2.097562016526507978e-01
1.265713524478307983e-01
6.392448389997917868e-02
-5.089962545347920253e-01
1.153823262272458128e-01
-1.923718538503867426e-01
-3.719257383543078666e-02
4.181118648604185140e-01
1.703498319306212538e-02
9.978457742901081229e-02
-1.909835863438324455e-01
-3.679845916532792360e-02
-2.781325723177519582e-01
-2.538875516096461560e-02
-4.559295898756143828e-04
5.106957772807784179e-01
-1.925576705242732500e-01
7.158512111739667727e-02
-4.078528568928498910e-01
-1.826912550935685386e-01
2.605575893047512581e-02
-1.575902042343425569e-01
-2.788391839272632566e-01
-2.726383540011044770e-01
-3.652647714702375592e-01
-2.201386539171706902e-02
-2.355547219077210874e-01
1.553548183605419908e-01
-2.978891883251209016e-01
1.878132053873388108e-01
-5.261431081042815538e-01
-3.864965792564766245e-01
3.425761251008391239e-02
5.799196973324495241e-01
3.905966467232925843e-01
-4.868117523652935041e-01
-7.372348540177953158e-02
-2.428984874469174993e-01
-8.217184410414735130e-02
-2.825884344270013782e-01
-1.193475819730734910e-01
7.097115951029342451e-02
1.874053606109226666e-01
2.704420246715779075e-01
5.405011241745473205e-01
-3.634378016987985238e-01
-3.826578062048910933e-01
5.885309037411246003e-03
-2.134214573913006951e-01
3.593214620680516003e-01
5.831094628203914443e-01
-1.545517262071643971e-02
-6.867718145883183745e-02
-8.817275158748200115e-02
1.467575314365583417e-01
-2.949633198384476462e-01
-7.567425483819634202e-02
1.403840973938598746e-01
-6.103544027263840821e-02
5.185510889832940506e-01
1.146686749005579320e-01
5.533534624238879429e-01
1.982964504947781759e-02
3.742330826033124502e-02
5.107129799969782891e-01
-2.680183752918885443e-01
-1.139584935741235205e-01
-1.876494102882138026e-01
-3.296508611210134387e-01
2.107658736942401578e-01
4.005913773628411167e-03
-2.385664294720505896e-01
-2.705271965250310995e-01
-3.824321562591793122e-01
2.267541956862286212e-01
-5.512791793476718993e-01
1.691189804959544185e-01
-1.240582182256638188e-01
-4.884864453076243063e-02
6.304716666812952841e-01
-1.388233607723436402e-01
2.093827629467784335e-01
8.394018846944245604e-02
-5.781607179404496533e-01
-1.834433869344944679e-01
-5.996946023544076354e-01
-2.578218368248830217e-02
-1.149310288383832424e-01
9.693887253837363271e-02
4.260549856856744588e-01
-7.946713708993291547e-02
-8.615927610377549506e-04
-4.382988388720067685e-01
-3.978684696328683712e-01
4.688182068632573696e-01
-9.521494138084524161e-02
4.953430024302662993e-02
-1.891008257645667157e-01
1.095902042306856616e-01
-2.322342760791490379e-02
6.556847563562409054e-01
-2.486636298337071005e-01
5.380296699151537743e-02
-4.115999648272388733e-01
-1.505283044523849090e-01
3.525497509482228287e-02
-2.564658762943847758e-01
6.733066641473117730e-02
-2.649291687819807506e-01
-7.337260933135003604e-02
-1.335605110879126700e-01
-2.211037173648938148e-01
6.527402643926930592e-01
-1.919426729273292498e-01
1.720757922051749933e-01
-3.298422946267572375e-01
-3.574127200784470437e-01
8.597624532389919194e-02
-3.191524589855032623e-02
2.899268445012893047e-01
2.035786706641678490e-01
2.736603540147660718e-01
3.186428400388384707e-01
1.087933774959626287e-02
-3.637575774921456562e-01
-4.375269313731853238e-01
-2.066603958657154960e-01
-3.550433944536124375e-02
9.465888709733338846e-02
4.102174136830814000e-01
-8.240605028577696611e-02
-3.296271544187961977e-02
5.156968939781192418e-02
3.890275674852170518e-01
-6.031662287602432837e-01
-3.265269192417036281e-02
-1.595177284140654184e-01
-1.293336812913366551e-01
-8.038908642091134871e-01
-3.676236137939433712e-01
-3.252056542472469558e-01
-5.747581089987905401e-01
-4.183066678808964323e-01
1.313080859018209701e-01
7.313282358394068705e-03
-7.822681515244550576e-02
-1.657172489014233641e-01
-3.337128867433591939e-03
-7.022425746675886593e-02
-2.952556812896233729e-01
-5.892080506247654448e-02
2.644317816961588852e-02
-4.873964053680308051e-01
1.108311708067736823e-01
-1.415842305082020136e-01
-6.620208981305134577e-01
4.066483132571552250e-02
-1.137058991936354402e-01
2.353647931925978432e-01
-5.588837958100306702e-02
4.482656780805055474e-02
3.751220170591473280e-01
1.587306386485028975e-01
-1.485831896974500466e-01
-2.756211262863905165e-01
3.425915360097554485e-01
3.081247722604957273e-01
-5.107834981052465917e-01
5.346196728455826497e-02
-5.472040321383131456e-02
3.933386898425450529e-02
3.090058867409098964e-01
-4.087477117846244346e-01
1.112171707551209421e-01
2.342890213042359004e-01
-2.431596569792608964e-01
7.636542893452158420e-02
-5.219018685512443190e-01
2.520291655743794879e-02
4.476509606760503690e-02
9.602798779367244242e-02
3.375384800782910144e-01
-7.440447717548270834e-02
-5.817762834170836506e-02
2.191953386822288463e-01
1.780134654844889308e-01
3.596639368722246988e-01
-3.097279899556377170e-01
2.499842040843686108e-02
4.532000557905269122e-01
1.991571380852128481e-01
7.562240026436084506e-01
1.846367544317209508e-01
1.377180367919607629e-01
9.921345635765405069e-02
5.256900653391460843e-02
1.120848568945289614e-01
9.513819952937990765e-02
-1.668117869712485990e-01
-6.009129279310028160e-01
5.872278629877333289e-01
-4.219336176341986766e-02
3.231476984171821054e-01
4.954305860038255016e-03
-9.592157590267808009e-02
-2.832007204956814017e-01
-5.977992190880804246e-02
6.379250237383667921e-01
-1.730097292184135105e-01
-6.039784793885067948e-01
4.605615775546800794e-03
1.286372118604531267e-01
5.534343416349010170e-01
-2.365325820906458154e-01
-1.054414649265228432e-02
4.292224387574397615e-01
2.638421196519053491e-01
-7.299108023486322594e-03
