4.018477553740161801e-01
1.250221090748190322e-01
-1.034580930194800158e-01
-4.755505296889177558e-01
-2.146496867374241002e-01
2.209077480925457915e-01
-4.648536391930109812e-01
4.965169310102575395e-02
-2.425551701412325678e-01
-2.112702971843974931e-01
3.285782086834984073e-01
-5.526720270134497515e-01
1.367563398241864459e-01
3.798581723989755826e-02
4.118023516318529142e-01
4.398598952695638165e-01
-4.945158369914545715e-02
1.702426553245635910e-01
2.830545203387374587e-01
-3.197097283221267405e-01
-5.306695554006488624e-01
-5.032271557934272499e-01
-8.158371110619766498e-02
2.117354830488570872e-01
4.277025609559056418e-01
4.028101434329567354e-02
4.232862661481004984e-01
-4.217141864695165276e-01
-1.800075357241152640e-01
-2.367225149323547440e-01
-4.578014661956664177e-01
4.414808351771124517e-01
2.775893281387656897e-01
-2.582227202344700157e-01
-1.360430287095312774e-01
-3.544440199146239867e-02
5.635846453869051975e-02
2.785985646145705541e-01
2.362315310275792668e-01
1.740746739409503030e-01
1.911164916021845794e-01
-3.202797554256669489e-03
1.044992527061647525e-01
3.202864455050551118e-02
4.148141749720142546e-02
2.395117924003564158e-01
-8.850753439415555424e-02
3.362365576220682252e-03
5.122268525068455203e-01
2.713433120147308308e-01
-1.900879839821035810e-01
7.576861096739798129e-02
-5.513200527719740868e-02
-5.645119149134322084e-02
-3.455575268509603060e-02
4.416945695495430035e-01
-2.754306533499868703e-02
-6.217547514913093210e-01
-3.914153910172711581e-02
-6.486823455181047748e-01
2.030008287856027716e-01
-2.472764592002343609e-01
-2.402514765853177581e-01
1.285569150150739914e-01
2.054230781846271281e-01
2.670266130629758011e-02
-1.592972591999170795e-01
-1.844063073869285918e-01
2.043485519643674642e-01
2.765376641303105565e-01
-2.449974474269100422e-01
-7.104633988699711467e-02
-6.456636293332246312e-02
9.789992991024842883e-03
-1.097917655824381111e-01
-4.250399513940998630e-02
-2.720314279302292193e-01
3.671499118098058845e-01
-1.879058752921962672e-01
-5.680066273041268765e-01
6.395822186604855908e-01
-9.010843274923208135e-02
-3.149886491489125584e-01
-3.949649242377205605e-01
-9.697507291886171832e-02
-1.618735749337227858e-01
-4.460441380892450347e-01
9.050782955107020133e-02
-2.365991096345943512e-01
4.398031264413463370e-01
-9.731718926434740347e-02
-2.210880810567932009e-01
-4.818124802445578059e-01
-4.248863899060101867e-01
9.236524048046926977e-03
-1.267930717959594444e-01
-4.117690133826301668e-01
-4.283942696223314028e-01
-2.583500157920350926e-01
-3.069064715630207552e-01
7.037707704301068672e-03
2.837638568004878237e-01
-2.111088226249131505e-01
-3.482885564581200688e-02
-3.570678342458949439e-01
6.646781806597271136e-02
1.484785961995634396e-01
8.165672574640399188e-04
1.935218591108968655e-01
2.355854085886373295e-02
-1.750626932557741156e-01
6.522949008562448081e-02
9.538829430826176181e-02
-2.455144693905454423e-01
-2.452717874034998080e-01
-3.228716274773761885e-01
2.016090750563866996e-01
-2.167782956486059009e-01
2.047766658579535173e-02
-6.354569558410610303e-03
2.592474185943271364e-02
-1.755795716958329922e-01
-4.627245430792704672e-01
-1.801096513152551370e-01
-6.360877662767331353e-01
-4.433715333642703621e-02
-1.899869815618248359e-01
2.232381725347990786e-01
4.550860328584830361e-01
3.045520792463458637e-01
3.362426777229714503e-01
3.526096124792257869e-01
-4.192903022088179665e-01
1.151283665977514692e-01
-4.366163130806059445e-01
3.166012636593251717e-01
-5.555931397063760269e-01
-1.203047050153188968e-01
-5.323816406722529926e-02
2.156206977331297236e-01
1.087290430802276830e-01
-3.568905668596500380e-02
3.144273692225006966e-01
-5.827422317258255102e-01
3.564281507077327604e-01
5.082290933188351456e-01
-2.628661279573836218e-01
2.359385516992417720e-01
-1.410709130542941309e-02
1.363910566908236865e-01
1.536444741305838524e-01
4.375063719465864809e-01
2.568415854650001329e-01
-2.856256490120651081e-01
4.555424474960846348e-01
-2.433948937270547230e-01
-4.297357455805256299e-01
5.065237210183021199e-01
3.084545920335903246e-01
2.566921530777845906e-01
-7.703852324189318368e-02
-5.192722736859020083e-01
1.699047091960683986e-01
4.320903637537059083e-01
-2.743051228294938193e-01
-1.797119544184420659e-01
-3.310036906243968291e-01
1.464092717856971954e-03
-2.368282581004424459e-01
3.844008844034839667e-01
-3.259224581001431975e-01
4.592268087741994964e-02
-1.492224056500733864e-01
4.427802806325148444e-01
-5.264453811934677319e-01
4.099700946017186265e-01
-1.165942435152758465e-02
-4.170081607651400235e-01
-4.699858023691872444e-01
-1.745035588348631261e-01
-4.905125899305939896e-01
1.913637214174598589e-01
-1.925080386688898804e-01
5.363314552074336383e-01
-1.671038296545198920e-01
-5.926494718551373886e-01
2.753018808221159297e-01
3.750421340618925736e-01
3.241316689818480312e-01
-1.753701186207217155e-01
-6.318524165336614901e-03
1.189325958545879858e-01
7.028777088591650624e-02
5.141311048304989528e-01
-1.908050791452069461e-01
2.869393845698406942e-01
-2.171888192642451865e-01
-3.106211614711956726e-01
-5.779840620121121653e-01
-3.001992079749608022e-01
3.633328442159435845e-01
3.400682272295281749e-01
1.067334698179074268e-02
2.220002024924324358e-01
-1.961508239422392608e-01
-2.987582455252386221e-02
3.066561058859219036e-01
3.941330858909161683e-02
2.205226571755065229e-02
2.952945438756924834e-01
8.989285881508150833e-02
3.345432011332982736e-02
-2.991146456039963097e-01
3.544980594756482750e-01
-3.477240935960713292e-02
1.731685606804651001e-01
3.607040777859377156e-01
5.797944987385840188e-01
6.881184304944695795e-02
-2.985162812158648205e-01
-2.245740705181732966e-01
-2.993310139262079783e-01
-3.403736755240663325e-02
-9.228069800181787352e-03
-2.481841457462164238e-02
1.900399648965965804e-01
1.535315216417416084e-01
-4.605485056545034483e-01
6.624742748436421302e-02
1.364542324453692571e-02
3.723870416276980344e-01
-1.483039579298894850e-01
-1.043618712920359182e-01
-5.878574227096317051e-02
-9.095093880821913945e-02
3.665135555565822156e-01
-2.770755364386886521e-01
-2.615634563852575756e-02
-2.059505697307043720e-02
1.734688251801426717e-01
-5.559749715748839582e-01
-1.818016077537244479e-01
-5.043278005218643223e-01
4.161503682166255436e-01
9.050521569811287304e-02
-7.089628667067670031e-01
-3.033403882644139515e-01
6.859175727007971179e-02
-1.065139629664234172e-01
-3.513633314778086270e-01
1.659849958454371610e-01
-6.486499732990655964e-01
7.524002376596940211e-02
1.832905847908357800e-03
4.138561958157379039e-01
-4.477385263822428740e-01
-3.886661468658252350e-01
4.085108371286613749e-01
-2.415273474204336634e-01
-4.469916699675756666e-01
-4.535736269918951846e-01
-3.265507080873337716e-04
4.819538747204571427e-01
-9.307566933371635987e-02
-6.024218494989320820e-03
