1.263197038194440076e-02
-6.335540786231536048e-02
3.414725014395647573e-01
7.543610079496698706e-02
-1.074322536201615941e-01
7.367375478866323990e-02
2.763995875133371527e-01
-3.568212757356667986e-01
-5.164247160701854016e-03
5.902224109855800371e-01
-1.181178201152344037e-01
-1.483769319323537117e-02
2.409410604819710588e-01
1.135412334667052214e-01
-1.189773462977762597e-01
-2.007223529531885764e-01
2.285038134924630981e-01
-9.809830778020527109e-02
-7.759053744242791484e-02
-1.375691363752764296e-01
3.434844579077871163e-02
-1.601179770477554332e-01
1.009376175411851456e-01
-1.093240607339915627e-01
-6.043811193573302987e-01
2.162688583158210442e-01
4.326020231942036554e-01
4.939030042795285458e-01
-1.523297226341779886e-01
-1.683558746603778522e-01
-2.662118751601105227e-01
1.167712569357056973e-01
3.638950387781896001e-02
6.499299631162833851e-04
-4.758909002720952686e-02
-2.462542526628732631e-01
1.116673785079462522e-02
-1.840453995146837732e-02
2.762053263529893332e-01
-5.343846233198649293e-02
1.740666654840106742e-01
7.688922385314320325e-03
1.952503479868063219e-02
-1.887307404387361109e-01
1.483259452938820444e-01
3.056000134538539720e-04
3.209455596114438314e-02
3.799622836144744831e-01
1.158645531878080143e-01
-2.671617186346582073e-01
4.817967711324071256e-02
-1.032330690265072515e-01
1.808339753191677834e-01
-2.942235634990243015e-02
-5.412404598372300146e-02
-3.022601184979488709e-01
1.879982036237060339e-01
2.420987221991392213e-01
2.750482500461910451e-01
1.366466142156676500e-01
-4.310886394069752825e-01
-4.041081179961734937e-02
-1.628822811561136258e-02
8.230442349552048731e-02
6.483993352940722876e-02
6.502226895561022402e-02
-2.365234265161094696e-01
1.352949560715429878e-01
3.393048288420461023e-01
1.828466347542490045e-01
1.913634155182142305e-01
-2.095377304144008246e-01
1.915016510201467959e-01
5.888813317422536553e-02
3.814413977484286677e-01
2.914835638795609807e-01
-3.902667791795439989e-01
-2.322094726701119938e-01
-1.778043351806777028e-01
4.142083517053063435e-01
-5.684415667373968750e-01
1.132656833846599764e-01
2.869355961552204626e-01
2.150178831177144145e-01
-2.056021195508819233e-01
-1.042769973217946289e-01
1.460635480853395701e-02
-3.399230456862688265e-02
1.987833695062591610e-01
-5.892813163184720121e-02
2.799425675520955670e-01
-1.134413599038620879e-01
1.692527731552849468e-02
2.224686391750522185e-01
2.171617508547457054e-01
1.959881941911729430e-01
6.030573354855110757e-02
-2.814292269313452971e-02
1.259239871328652130e-02
1.173375709619364216e-01
-2.311561524501241360e-01
2.246250045299275425e-02
1.673447227525657333e-01
1.747679116054991211e-01
1.360607055535565380e-01
-1.970507622169648948e-02
-4.477873424155646154e-01
2.104199551668344825e-01
-5.003916104848826762e-01
3.869777832498820791e-01
-1.101324677428846543e-01
-2.193225552924112920e-01
-1.353850305902916905e-03
1.373091375274023973e-01
1.417501531390767955e-01
-2.854719572794596205e-01
-3.817868666960644308e-01
-8.132485150036344868e-02
8.190255085388892242e-02
-8.269807561028791332e-02
9.947185358400144339e-02
-9.263721477818639971e-02
-3.119263627575779019e-01
-8.653336236745198806e-02
-7.022639613167677708e-02
-2.742085757982326566e-01
8.959377101257534615e-02
4.746981912498604572e-01
4.305429340975864827e-01
6.382624447797791145e-02
-2.008726456209558586e-02
3.895344072235374933e-01
3.358908230237286907e-02
1.740892805034852664e-01
-8.086589335340789442e-02
-1.990397205192895314e-01
-6.657633771372283016e-02
5.942082203056507639e-02
1.500700226969133855e-01
-1.814500984670507910e-01
-3.170957876801628883e-01
-1.687040436600054094e-01
-3.293961846770008250e-01
1.831391796246344128e-02
-1.613886607838875276e-01
-4.563412737029930860e-02
1.222445179006402538e-01
-1.381310229203859541e-01
2.144875717914042357e-01
6.089134094003818137e-03
2.872260471229528545e-01
-7.520802356845116866e-03
-3.761932748018627093e-01
2.055481222645002826e-01
3.784765896201144342e-01
3.189897958497365238e-01
-3.591742333827048217e-01
2.508744720963623082e-02
-2.520995839967832830e-01
1.440400483919662689e-01
2.201650515585265762e-03
3.061663191833624009e-01
-5.571438136000088359e-02
2.208961717661441782e-01
2.906725273019545863e-01
7.488364539399988695e-02
-1.068106524286200065e-01
-8.013726218142344648e-02
6.616824743300619982e-02
-7.835363253780092130e-02
3.633275159352703509e-01
-1.014470795110689882e-01
2.755732476709027434e-01
-1.719321628554578707e-01
2.704159387520447266e-01
-9.687995407137772741e-02
-5.825960214046876917e-02
1.485075330916812431e-01
-1.128121264411038327e-01
2.495902420337136052e-01
-3.411090590501184711e-02
2.272273836480411813e-01
2.775989638914107549e-01
-4.156455797603601093e-02
1.021747481621007592e-02
-8.226878035894209795e-02
-1.182906297756651098e-01
-6.759062448032646109e-02
2.951334049487738254e-01
-1.948938213483226711e-01
5.913327886185791582e-02
-3.492141309132306137e-01
1.470167626212216250e-01
-1.713486398047860682e-01
-3.812116969702701585e-02
-1.309885279543221981e-01
-7.804233323311982051e-03
4.863183182374002794e-02
7.769025661545592328e-03
-8.934403171208417371e-02
-5.165861917175379806e-03
1.150551087680323215e-01
-3.814779073162302137e-01
-2.322602895082650498e-01
-1.288686247472471402e-01
-2.000799998775067493e-02
5.077584454217640847e-02
-1.248081720897273872e-01
2.147960001776875738e-01
3.173732592032491723e-02
-2.167200786146671054e-01
-3.638645986949464728e-01
2.237180006006992961e-01
5.287080434173669907e-01
7.180758061857586694e-02
-1.452555952163341324e-01
-6.916114697987765791e-02
-3.632226454301259455e-01
-1.809604560280013430e-01
4.531918443693377929e-01
-7.985177017579246639e-02
2.311547146487960558e-01
-1.720472454770816118e-01
3.317468961760672297e-01
-3.053060452307462258e-01
2.703394664568464084e-03
6.267856387111801764e-02
1.093656220288631575e-01
1.344689189912505120e-02
1.151363339920847967e-01
2.883708666532688314e-01
-3.400622191923116655e-01
7.253165112044714091e-02
3.519116229494358983e-01
1.113458256375199212e-01
-2.852392841650718269e-01
-3.553135342477905384e-02
1.203020272634914289e-01
3.589567794138098789e-01
3.140143333145529736e-01
1.580121653350778643e-01
1.187493085424146944e-01
1.355130580093030501e-01
1.287071742533701380e-01
3.688342584631442156e-01
1.508605359094683795e-01
-2.113186864410827037e-01
-1.128347492032903548e-01
6.220785428953695684e-02
2.204924196780534418e-01
-1.657192059946807072e-01
1.070729097738467722e-01
4.534670671455746926e-02
2.200791810105586638e-02
3.120137211121410958e-01
-1.614033108820872309e-01
4.518194232613864658e-01
1.494573971916538790e-01
-8.985596037446487439e-02
-7.158643698171691938e-02
-4.549664748310334739e-01
1.446567836678294694e-01
8.374611793877242971e-02
3.385439865191860465e-01
3.447183355982672559e-01
