-4.976872184286882869e-03
4.131022616727786367e-02
-1.474450744648189704e-01
-2.232676990278079088e-01
-1.986108211393305401e-01
2.219227987727335205e-01
1.599368266049006060e-01
4.993084281738337515e-01
2.120124868893563941e-01
-5.482749381972287783e-02
-4.853114627524371949e-01
1.743036082294358302e-01
4.338912452061137737e-01
6.542428504618347240e-01
3.272638701296508579e-01
-1.648692852658965036e-01
2.390251884915449432e-01
7.017794165937113471e-01
-1.749102398975902473e-01
6.501023427927331566e-01
-3.703372258553643825e-01
1.669131641011251665e-01
5.570392215066870961e-03
2.268914160694910365e-01
-3.589848613739644589e-01
-4.514168698091220594e-02
6.630424479091524548e-01
-6.850401717847512395e-02
-2.433438028336725456e-01
1.210470944187059944e-01
3.735840177297818920e-01
1.922236656716573844e-01
-5.276109221982421271e-01
-4.622446785551820314e-01
-3.405083182819088061e-02
-1.894112181902998515e-01
-1.427044917291730997e-01
-4.171605031525220664e-01
-1.427295724817192329e-02
3.262409326260921061e-01
5.361556596457387608e-02
-6.377632350513622317e-01
-2.726392463451925430e-01
-3.845493572005935778e-01
-4.273907747048818484e-01
-3.209686693924408696e-02
-8.936818667923260295e-02
2.160758800403246860e-01
5.196992758098972764e-01
4.132474278286567965e-02
-2.396875382676503241e-01
4.592175422591794343e-01
2.087680444698825633e-01
4.287863857615917262e-01
-4.285555922895418757e-01
-2.592974476864877698e-01
2.814784873012289579e-02
-4.638468943117381449e-01
-3.435586278781991298e-01
-3.020639230846359005e-02
3.070428574231368613e-01
5.637541580143413666e-01
1.892861735276040736e-01
-1.335014118559009477e-02
-6.959558218065955981e-02
-4.487116131880685144e-01
2.558620974291668793e-01
9.055311643833684199e-02
8.149323367633096171e-02
3.332904403955980199e-02
-6.641891178770105431e-02
-3.825834069902605550e-01
-4.241603658234424645e-02
1.960051453020589252e-01
2.052395852005992616e-01
1.547090146408165445e-01
-4.459471345767071493e-01
6.521607838702625504e-02
-1.455326903344601464e-01
2.727406293507648738e-01
-1.558565392295389040e-01
-5.279860746977659280e-01
-5.710242320728236010e-01
-5.379299483272202698e-02
1.087625665751812409e-02
-3.474888273399013849e-01
-2.244883742295370466e-01
2.844760286635946711e-01
4.376995704545965094e-01
4.554999951321606066e-01
5.150467378863531343e-01
-5.470978276505417126e-02
2.199453029229952172e-01
-5.237806308866550797e-02
1.268140738172730542e-01
5.269450625332705584e-01
2.002059106176010128e-01
9.399252080077638571e-02
3.232883881936643999e-01
-1.161664708802218338e-01
1.041728188521258425e-01
1.627948128750538181e-01
-2.419215508780147295e-01
6.330510227373810084e-01
-1.097584278427573834e-01
2.242848461468269217e-01
-1.646526994248503906e-01
-7.026791817153063002e-01
-2.356773279779273145e-01
4.124245781781494813e-01
-6.571747796272471298e-01
3.623940765338998782e-01
-4.846278882148891132e-01
1.124043865988909041e-01
3.123685742851481928e-01
1.666341695455807875e-02
-2.891082976584204850e-02
-2.705894186729260742e-01
-3.099641181486607056e-01
4.009015085672208434e-01
-1.356734712979771884e-01
2.020580553474188856e-01
-2.153219719692439360e-01
4.786329447254041858e-01
1.076924140068980310e-02
-8.352128647696155372e-02
1.275185134511179208e-01
-1.761491363889586548e-01
-3.083268676269573239e-01
1.093755879021723609e-01
3.764917209435731521e-02
5.885886116501338750e-01
1.189404908524147875e-01
-8.741449486151792181e-02
-8.073360824012665304e-02
5.346565712243773333e-02
-2.650220568357494200e-01
-1.874196345482246895e-01
3.927639580023284394e-01
3.572200338084159377e-01
-5.778542305027491999e-01
2.227390481671877032e-01
-6.173122040645636494e-02
-6.507066649700257166e-01
4.410657067527249398e-01
-4.711892931257932737e-01
-5.638931382104876988e-01
-1.915474753399799002e-01
6.846527102747461402e-02
-7.987670965585186994e-03
-3.279152865841775122e-01
2.212076447656821654e-01
-9.440970651174858397e-02
2.006796905635057637e-01
-9.109490696556231393e-02
8.010765728891024173e-02
-1.402881163017298538e-01
-6.724320799867135323e-02
4.467086137802842583e-01
2.160342069882266736e-01
4.891487677405095824e-02
3.387312290418314498e-01
-1.119290678481119072e-01
-1.754172253046473451e-01
-2.608247583202228936e-01
-1.522428362677741938e-03
2.176464778356321794e-01
-5.527362512019343838e-02
8.755389651431917664e-02
1.225714005608175422e-01
-2.475601593038690429e-01
-2.853661120054642453e-01
2.631928466434578506e-02
6.199426956097615904e-02
7.534260718603773554e-01
-4.287285158027273058e-01
4.465269483498089942e-01
1.271261323095460583e-01
-6.765668393136556880e-01
-4.975857007426052192e-01
-1.883843662221278137e-01
-2.458486299122095431e-01
4.704718661780099564e-02
3.664465890062296727e-01
1.158257501460814229e-02
1.388440401013459405e-02
3.336422926926996269e-01
7.279042051679982528e-01
1.103611816817214319e-01
-7.620398397688532555e-01
1.711159466263353357e-01
-2.646165342066720272e-01
3.823662072865204875e-01
3.879261091759039770e-01
-5.286758195524572657e-02
-2.762896608420569583e-02
-2.189295677004635676e-01
6.016744130143703018e-01
-5.404062979499701935e-02
5.986718523727236480e-02
4.244230038737113464e-01
-1.543456898079900719e-01
-4.246002049554782332e-01
5.435695669183634449e-01
-3.553766683163238627e-01
-5.579009890063201249e-01
-1.588794546178993461e-01
3.512951775596739878e-01
-1.370070356903625164e-01
-3.842976557269099369e-01
-4.622440043911461571e-01
-6.283341765131678081e-01
2.689536992304540283e-02
2.938338897955110607e-01
5.585226406698609036e-01
1.392602074098577558e-01
-4.089066975968820294e-01
5.690915109653011950e-01
1.211599392682140702e-01
5.046373866381472784e-01
-1.736992982786437212e-01
1.477829097092829905e-02
1.526822254951802453e-03
5.483208258245616529e-01
2.205702456304707015e-01
1.830024153400073850e-01
-1.507156537163612531e-01
2.410993741730072526e-01
1.899861979829357839e-02
6.718575856249937583e-01
1.946658298319764169e-01
1.586243143583499285e-02
-6.155609811191387060e-02
1.151535460321500837e-01
-2.350312413393195188e-01
8.385940080864320856e-02
3.226448389076592704e-01
2.816074904523831468e-01
2.802566923764395757e-01
3.390922424543382219e-01
5.376041758596845632e-01
-2.068701295630412940e-01
5.640355925447374519e-01
-1.745543503100549509e-01
2.357388463859463323e-01
-2.129752019660757778e-01
3.103197357724306604e-01
3.746733235159602771e-01
1.103909688391243038e-01
2.527719611723640014e-01
1.517040312487170084e-01
2.668399514428240055e-02
8.346152525287417467e-02
2.525198988009634826e-01
1.519467371020351842e-01
1.306237912098147207e-02
-3.610965961799730839e-03
-2.365029241225060086e-01
-6.353312400740731558e-01
-3.451159878196665698e-01
-2.248320802026839982e-01
7.927737771389649080e-01
-4.764916628525261988e-01
-4.889755461383827329e-01
1.235447483535226376e-01
