4.258796359438493107e-01
-3.511988894176136800e-01
3.768064379596589020e-01
-2.636616590161084961e-01
-6.486958005416132433e-01
-9.622858239563283345e-01
8.797122788813650784e-02
-5.235383656852381495e-01
-1.145566902657023552e-03
2.405825834066433744e-01
2.317744355877852658e-01
6.517945907833688768e-02
-3.270316969607064972e-01
-2.364134653375170869e-01
-3.838147998000521754e-01
-1.407060341310970020e-01
1.467841347722169398e-01
5.602231535993007494e-02
-9.458913602711837010e-01
7.261310091587527826e-02
-7.388202178562411904e-01
4.413872556461781449e-02
4.875081174741242585e-01
-4.717968557756240244e-01
-6.056040666425945851e-01
2.604113293378659266e-01
5.990616390288799886e-01
-1.530998209151296363e-01
-4.060006806062290557e-02
-2.973098312549531941e-01
2.451563933702624598e-01
3.086086467223205232e-01
8.342315659461060351e-01
3.987994103822758984e-01
-1.670545155392600400e-01
1.525027890455847301e-01
1.543789735147227671e-01
-4.572847538451716987e-01
-4.702852936837434439e-02
4.990773039396696753e-02
7.275509822565755513e-01
-3.649578296482993145e-01
-3.843911670562429883e-01
4.186850538614902972e-01
2.250197391369854194e-01
3.392445935056037087e-01
-2.862524757523261798e-02
2.522565015204558669e-02
-3.230736764874209133e-01
-2.308419381101874113e-01
6.207830610747994138e-01
-3.201082921436319562e-01
-5.690386136305736198e-01
-3.547126833043359739e-02
1.420792151184762930e-01
-5.750537965868804946e-01
3.686155138364821671e-01
6.711012503815778629e-01
-5.642790467866815041e-01
1.213674100955632884e-01
-4.422780938684356400e-01
3.730744870920502665e-01
3.805909143385261539e-01
7.270904906848527638e-01
-3.560574158111836640e-01
-2.503706103392234761e-01
5.582453953492760856e-01
1.767658606133992033e-03
-5.921170150958011968e-02
4.377320221367612951e-02
2.570563571970040373e-01
-3.587641386459697879e-01
5.325453026316377958e-01
-3.913467665733663670e-01
6.086313309415455897e-02
-1.523216036825505715e-01
-3.627322406199664506e-01
-2.398709752328428979e-01
3.262802588393211023e-01
-1.552162021144815329e-01
-8.664351758735714393e-01
-6.975655357830050640e-01
-1.753436789070426938e-01
4.133453561053044290e-01
-2.597259017369295264e-02
1.469691028259916266e-01
1.212516341258311828e-03
1.309134855510632467e-01
-1.075780528128120750e+00
6.040263597325563616e-01
-1.775964865083452804e-01
8.543222425075036597e-01
1.370244053868113487e-01
-4.732414009813762368e-01
6.373699279421571884e-01
-5.348608261956193655e-01
1.675987277763106020e-01
1.007185421502397871e-01
3.973321840672063010e-02
1.552941248304870459e-01
3.207067559250098565e-01
-7.460722803993530272e-02
7.841271982429156573e-01
-3.287002963830816804e-01
4.380790208478140824e-01
1.777131046467548825e-01
3.190006950585333456e-02
2.883874192801783587e-01
-3.177574648163689619e-01
-7.539947485531212079e-02
-2.432208227162987457e-01
-4.303083975706639697e-03
-2.073730864104873783e-01
-5.450893119679591781e-01
1.540788745760093559e-01
1.853767895575676727e-02
-1.258616445580189869e-01
3.932238074960010543e-01
3.635832677522184975e-01
-1.856156160055195126e-01
-4.184814120513519198e-02
-5.278646148606583877e-01
-1.416813099737626869e-01
-1.993837477344592712e-01
3.726632182339488231e-01
1.259201089706296628e-01
-8.182168401227121746e-02
-3.206949190950694750e-01
3.409938106826720938e-01
-4.721172967778264340e-01
4.890880163922440294e-01
-3.858739460894002327e-01
-2.629732423136250108e-01
4.556686633804203357e-01
2.455343014905238264e-01
-4.478684077653152240e-01
1.954156584944579528e-02
2.730104502997364735e-01
8.060873840100468701e-02
-2.099938315053301308e-01
9.475686154509707637e-03
9.554085726635509479e-01
4.261440897615508816e-01
2.870994752753299739e-01
-2.633839092096791346e-01
9.643937928142917726e-02
5.458524435797008634e-01
3.068334045937270993e-01
2.714818366338673794e-01
-5.372907566888024400e-01
4.436925407727770887e-01
4.355704958950129546e-01
4.608431450155353604e-02
-3.548355253244543928e-01
2.470880317006565186e-01
1.658183113177011392e-01
1.448836740241139509e-01
-3.093660769174457759e-01
2.683539888021058140e-02
2.575508350841171357e-01
1.698149506871775294e-01
3.067550012535900650e-01
-5.293938620614312418e-01
3.382994941764528862e-01
2.606439919713317011e-01
4.920384748796927665e-01
-3.756593492055401717e-01
-6.742232988217096434e-02
3.317486385979063757e-01
-3.044547476987187196e-01
-1.762768117487766295e-01
-3.854957728199888134e-01
-2.634487410419502629e-01
-4.050362620681348114e-01
2.367325365998176889e-02
1.284224868776693562e-01
3.820236091305490023e-01
1.226829998143337541e-02
-4.584453831864600537e-01
9.812333319886179517e-02
6.280965504859201687e-01
-4.123429801421855112e-01
2.811952301138052612e-01
-4.488922375901139850e-01
2.209908695084865926e-01
7.337210977699001879e-03
-4.521753886379396015e-01
2.394603630938276773e-01
-8.668061229757741959e-01
2.059226711695931189e-01
4.542867208175613292e-02
3.014394266920458199e-01
-1.682023077921259158e-01
4.791058908850366338e-01
2.758792524066669416e-01
5.541175908127843330e-01
-3.707929285317872470e-01
1.339958881438020888e-01
7.999266874283652573e-01
-2.737651538737141954e-01
-3.385949950668779573e-01
1.697414646381439352e-01
-4.705393042464559722e-02
-8.917063873691977172e-02
-2.853234444667677172e-01
-9.893458623278663655e-01
-3.025485529935311724e-01
-3.689930191217030142e-01
2.570535406461122441e-01
1.697958312025517336e-01
3.671007592507855716e-03
-4.509456800952443833e-01
-8.740911132773580838e-03
7.047841060937435342e-01
-3.963396362124567696e-01
1.792723064949300338e-02
7.075794849067751358e-02
3.168255625781659091e-01
1.472024469256988377e-01
-7.927922116143645836e-02
8.729590870625758559e-02
-1.218684770083690166e-01
1.868474955676741045e-01
9.095714059087846026e-01
5.744583256073999555e-01
-2.764343747191723155e-01
-8.616091354387579448e-01
1.194891124639174962e-01
-3.720829177730683446e-01
3.360164795396811815e-02
2.738444397899147953e-02
3.034380948157862079e-01
-4.487931479610416385e-01
-3.254301931610214388e-02
2.858816482321097641e-01
-2.232544500726926784e-01
7.514005283193755935e-02
2.945200884973706579e-01
8.065434232609552945e-03
1.975577522895454186e-01
-3.269103769424450134e-01
-7.165678445153345066e-02
-1.513299689389260849e-01
1.016817600786066034e-01
-1.114754101121133267e+00
-9.104390934528543422e-01
-8.526933527718880135e-02
6.966199789963120059e-01
1.871665468435718682e-01
2.365017909618903902e-01
-5.992080309293054130e-01
5.547848902999548137e-01
9.855640955073009801e-02
-2.425322734058174556e-01
-2.239405152880032390e-01
-5.303950537844605018e-01
6.687937969163004759e-01
-5.736960157188485815e-02
-1.320894984770411285e-01
7.819872742683446898e-01
-1.468373311450960894e-01
-4.431220717535407361e-01
-2.593705868996424441e-02
-2.718780308504409327e-01
5.433428239544474403e-02
