-1.518488150394119995e-01
1.340208390115296411e-01
1.120694264677103702e-01
4.445575063050274389e-01
1.000434272435628824e-01
1.723209001314014166e-01
3.437175604116817218e-01
4.681529750465298623e-01
-2.033707430636217950e-01
-2.464701722248698879e-01
1.807374601865380584e-02
8.925977028164883489e-03
4.713806854676854674e-01
2.095616389664450574e-01
6.516382547823944271e-02
-1.755039860273210905e-01
-2.071996494269120470e-01
-6.595034975097066599e-02
-1.443663753179832976e-01
5.164780221740015304e-02
2.107911516512342431e-01
4.320501750600673208e-01
-4.733939209301843594e-03
2.343952667211887109e-01
-4.500644345800565160e-01
5.913938058102068129e-02
-1.107402146751458871e-01
2.907509624106202617e-01
3.483818532160349868e-01
1.206034566887530246e-01
1.136422296365588794e-02
-3.569588504046264377e-01
3.939497777829897157e-02
-4.862085949207209934e-01
-1.762777573622164584e-01
4.924633022439484087e-02
-2.646565261867794838e-01
-2.827937573709045638e-01
1.562360995056822910e-01
-2.627976363124603920e-01
-7.400176472726782695e-02
1.983836417529179774e-01
-2.333887899607373362e-01
-3.751671092888424486e-01
3.452244095108284450e-01
-1.630234007008049546e-01
-2.058959690802805165e-01
-8.256198606335565793e-02
6.302601416746367313e-02
2.241183248321102772e-01
-2.750579897197129031e-01
2.503153492095970822e-01
1.578982331605932425e-03
-6.304846220840143456e-02
-2.815775243326507776e-02
-3.231915670284689623e-01
-3.006238120856501994e-01
-4.618801838779453828e-01
1.331592095396046671e-01
-1.620567692150467476e-01
2.922325032434948677e-01
-4.687002359859886169e-02
6.656508822440815321e-02
4.228443780282952202e-01
4.857317024723561416e-01
-2.244255561267479160e-01
3.345292659224217147e-01
1.846403801889425211e-01
-3.724040468356005530e-03
-2.387918250524813379e-01
-3.457592423383265001e-01
-2.275570156929241084e-01
-1.687077578842844927e-01
-8.997697057041768864e-02
-2.995905389756415849e-01
-3.430949344915884547e-01
5.136169865903048026e-02
4.340652428996474854e-02
-2.333358714556265090e-01
-2.971154224268109448e-03
8.391082561031548703e-02
5.303675040614662661e-01
-2.222970718024864234e-01
1.512774707599861546e-01
-9.214642391645103126e-02
-3.467641287750468093e-01
3.305686800145413717e-01
1.326209429673100293e-02
1.084291191781423282e-02
4.048082220756945016e-01
-3.767350949083104750e-01
1.241935849373340672e-01
5.470139100168108781e-02
1.823376651765353795e-01
3.205203503640146057e-01
-1.922633431922723679e-01
-3.527214685773241154e-01
-3.890852966643894018e-01
5.137988499535367515e-03
4.218620664169085988e-01
1.523766511902673315e-01
5.074213578102036992e-01
-2.137421492485941030e-02
-1.419761962539958511e-01
1.868510755147342328e-01
-5.007978209090688804e-01
4.231350669231928041e-01
1.786206292883034952e-01
-2.116404328981793259e-01
3.151793532247856855e-01
1.284898032819928870e-01
-4.444707530679010699e-01
-4.580272887574692031e-02
-4.931979890635351249e-01
1.082383891240352169e-01
-4.151024983490642084e-01
3.185693829327562177e-01
2.043956246678787364e-02
4.422356308801566604e-01
-4.801720771802495680e-01
3.583309460109536382e-02
3.262045921026250905e-01
3.026872745837662082e-01
3.395357336574970075e-01
5.784816242441004688e-03
2.817701241071022822e-01
-7.071200849638625829e-02
-4.289146884854179720e-01
-2.490916195312931070e-01
-1.446678119350649494e-01
2.377998933517521118e-01
6.370758370461775122e-02
1.280516221418806222e-01
2.577363479968506482e-02
1.625554857138089559e-01
2.937798089992642581e-01
3.532866682732639929e-01
9.996999994758376529e-02
-2.034168268010969616e-01
3.454413427160432093e-01
3.724016082019214191e-01
-3.877323875052758884e-01
-5.740876654970723525e-01
1.831032075340870979e-01
-4.374348841482184058e-02
-1.427282309348100117e-02
3.612139102499306031e-01
-5.620422138544195478e-01
-3.021629046915931260e-01
2.888414606932402373e-01
-1.671731348676663287e-01
-7.305212127645593911e-02
1.122466529769594462e-01
5.244997507815788440e-01
2.368856870363614531e-01
-3.954158934580411788e-01
3.987972710921299235e-01
4.887206049469440261e-01
9.712802984794889627e-02
1.981815917855132003e-01
1.860888938349050115e-01
1.642136561011664220e-01
1.090905922449739510e-02
-3.240109670135071784e-01
2.655305974333390662e-01
1.496702762636034079e-01
2.336753223184006578e-01
1.004615101997458487e-01
1.514000662817318876e-01
-4.937117766094025438e-03
-1.701328180933191214e-01
4.427319169847031000e-01
6.203032892613817573e-02
-1.792766913052036559e-01
-3.434461107889350551e-01
-1.281596155584201757e-01
6.079298408130873188e-02
-1.212474495980321032e-01
-3.383849588475092429e-01
-6.927339618424373235e-02
6.261839044584749381e-01
-2.874556688217679845e-01
1.006501278167579172e-01
-1.135138249591532977e-01
2.268148073041089119e-01
-1.484330768171538972e-01
-4.480451438311604945e-02
-2.861518568199578061e-02
-1.896564492888302422e-01
7.298361838996079987e-02
4.294448069711456761e-01
-2.824205707862835757e-01
-3.086444065034030793e-01
-6.340273520947367625e-02
5.299890013294342173e-02
-1.998244675785682545e-01
-8.739313737277455696e-02
-1.180810315550425982e-01
2.542108060176555100e-03
2.992991801852157296e-01
1.689970575754218274e-01
5.896566041644217826e-01
4.021972291868961547e-01
2.241676972062326134e-01
1.787223577037493072e-01
6.604280885393100098e-01
-4.441553580675573487e-01
-3.985526523966604895e-01
-3.364395745990898523e-01
-3.682358671584839427e-01
-2.399048407209865841e-01
-1.807007238812614047e-01
3.000298744588213440e-01
5.460261768274435878e-01
1.908973467764357168e-01
-6.083201410838828815e-02
-3.439948247870579234e-02
2.916482693899739853e-02
-3.542864121722607562e-01
7.593621874926324844e-02
-5.495554787156063936e-01
3.974664135888914540e-01
4.784226012275837880e-01
9.872926986692853735e-02
-4.431440392371542858e-01
1.822475532460144931e-01
-1.765236366993902239e-01
1.002514230733148326e-01
9.913906503783306845e-02
-5.766205836002908924e-01
-7.701958276186556332e-03
4.485456441204821454e-01
-2.744577068285526389e-01
4.697731301834776607e-01
-2.472976757163846892e-02
-1.660982512788369836e-01
-2.617741218488137123e-02
9.071516933004816763e-02
1.320024364757762247e-01
2.697100335848714447e-01
4.178733463515383884e-01
-1.303236099005939952e-01
-1.227224898678216380e-01
-2.769394001879796341e-01
-3.182624812327172759e-01
-1.631057239741247056e-01
-3.987691421528194446e-01
2.515725992522770127e-02
5.612646552404048084e-01
3.868021463244084579e-01
-2.176346550538712510e-01
4.219841222531836578e-01
-2.416954591464096358e-01
9.981072681607720473e-03
-5.361799189462104209e-01
-2.671460463735290669e-01
-5.300408678979728894e-01
-2.755503852024274725e-01
-4.622030746917764055e-01
-2.826759259784255573e-01
-9.206738622569128616e-02
-4.934060009480444320e-01
1.484707098645708934e-01
2.220051867061827860e-02
1.603457864417723866e-01
