1.054954653040762885e-01
6.811328585269351820e-04
-3.125148148210296073e-01
-6.455822357324402655e-03
1.294657814638053572e-01
1.274428708585013115e-01
2.973113473325562084e-01
4.849051784260129949e-01
-2.283518395203900653e-01
-4.239705162781269854e-01
7.607753493441637982e-02
-2.320740378576197638e-01
-5.431778581155973784e-01
-1.442589338989934411e-01
2.436301640348731701e-01
-6.166748336983858270e-01
-4.273064606190937198e-01
8.365575413643525082e-02
-3.533835761769231754e-01
3.179477107831540916e-02
1.869333186371942845e-01
7.083987787543680192e-02
-2.958025154997100392e-01
-3.801776820436016946e-01
-2.713358039564131574e-01
-6.153470201208226936e-02
3.590317695111676644e-01
1.458207598459825283e-01
-1.273237530862918465e-01
-4.076053444518695779e-02
2.035370228143910665e-01
2.068611023908705493e-01
2.853625526677714963e-01
-3.232599176907146044e-01
9.707947050527990229e-02
-4.982387824022376233e-01
6.407140905519383145e-02
-9.355664638296556923e-02
-2.158463555579916426e-01
2.637844320172048063e-01
9.287350251731164852e-02
-5.116421457681422091e-02
4.416667980029597707e-01
-1.856904390976564234e-01
3.080364704385219476e-01
-1.682972871687490324e-01
2.226526322210732878e-01
-1.785645474651935682e-01
2.237853598833086932e-01
-6.171938882056540732e-02
3.909797274630419928e-01
3.687378076117234782e-01
1.237109415561908621e-01
-3.283460782461044558e-01
2.240037019591832601e-01
1.215814584442961588e-01
5.577566645507194693e-02
-3.690171455384981258e-01
2.031843842868803762e-01
1.059415722024907580e-02
3.771712748132353132e-01
-4.204833820317581683e-01
3.063445155790000402e-02
-6.820286566078422041e-04
2.040134679920971306e-01
1.168739703726911494e-01
2.519550727056015793e-01
5.426450207107085255e-01
1.953120976080806592e-01
3.857162848012579692e-02
1.057092313505062775e-01
-1.783137459386952561e-01
1.427001797361187319e-01
2.034788484913158113e-01
4.396342376465058877e-01
5.968823647907695040e-01
-2.934241255926085534e-01
3.466377767063850701e-01
-1.819679754236719349e-02
-1.687081522048249418e-02
-3.103982669682270323e-01
8.894121499137566667e-02
2.707590461917447604e-03
-2.900502880318535717e-02
8.558479362389365130e-02
-2.348183188245930308e-01
-2.401373194771044828e-02
-1.847408563078613286e-01
-1.610831896358355109e-01
-2.218963657186670546e-01
1.886749063996012721e-02
2.763644072644756977e-01
3.048254577342505295e-02
-3.466962529607958698e-01
1.066247093207990312e-02
3.471005476767978215e-01
-1.080252581050381855e-01
-5.150467511439591473e-01
3.144421075932530285e-01
6.227147243022949086e-01
-2.604393865744341618e-01
-2.999719726321867785e-01
4.552817250697948487e-02
4.740481047471150067e-01
-1.536600316244252640e-01
-2.025798256903172390e-01
3.127475522277581854e-01
-6.760428414922713125e-02
-4.904170754607520277e-01
1.867356715284611973e-02
-1.526163320035781902e-02
-3.593391076327848710e-01
-8.756677038994470363e-02
9.859230072295128988e-02
1.636769731696420538e-01
-2.061249151230893639e-01
-9.374748252111923807e-02
-3.679236013065594335e-01
3.384213960426407652e-01
-1.493087784638500171e-01
3.205520526115098745e-01
1.035820568512840628e-01
-1.809616207856942771e-01
-3.745497047377879252e-01
-1.158618173721070593e-01
2.277047212224272699e-01
-1.225219016540900346e-01
7.519649451350574054e-02
3.871094204942400197e-01
-1.865624959053587273e-01
1.383336172517963814e-01
6.232370414921429777e-03
-8.905249218574340375e-02
-2.567525932416666046e-01
2.455034073375948062e-02
-2.502127867090538360e-01
2.640009316449249965e-01
-7.029794010364911853e-03
2.322445404203005159e-01
4.121108141255783175e-02
-3.725828149491262620e-01
4.405345628240583955e-01
-1.347160132264296206e-01
-5.359275830476182279e-01
-1.740840085149604755e-01
1.497306378655938186e-01
6.237824710558195762e-02
-6.219094100977429207e-01
-3.038833511985540858e-01
-3.222172912105230047e-01
5.749860623696601003e-01
-2.439308291009166241e-01
-8.930571267236415284e-03
-7.388249606438945793e-02
-1.919613242348397475e-02
2.966295805873055969e-01
5.332866570872687451e-01
-4.912888969487966828e-01
-6.777668514824990165e-02
-1.208891069811327823e-01
-2.283827159619595537e-01
-3.294033246353008093e-01
-3.010344995677314284e-01
-4.445088477694649765e-01
-1.346286192514350444e-01
4.087398992904178185e-01
-3.653594887292715976e-01
3.634121351391134819e-02
1.934224350320177810e-01
3.424004657676124053e-01
4.121413496093105644e-02
3.844897674029813112e-02
-8.833390566744236949e-02
2.652939184086944291e-01
-4.061264058248904574e-01
5.515236850670450774e-01
-2.878982629583858310e-01
9.543461819201751184e-02
7.089170693665652889e-02
-5.158227214645858538e-01
-1.136597399363476479e-01
-1.821585560947817095e-01
-3.790415780673243029e-01
-1.590665516173717930e-01
-6.109950934336784434e-02
4.087054569217985489e-01
6.863770478418859677e-02
-6.560985160603958199e-01
-2.381704786615550795e-01
2.153576349623388120e-01
-2.714819465740262450e-01
-1.775522924869514518e-01
-3.622213390803665778e-01
-2.801291478717353733e-01
2.072754937348031956e-01
3.179446412803738076e-01
-4.547380076838092484e-03
1.935039656908909000e-01
-1.849607022335516826e-01
4.330612758296858988e-01
-1.360739228139546952e-01
-1.146833662885556882e-01
3.453768740566253159e-01
-2.743062451309551397e-01
3.480877813328315806e-01
-3.937296417968045859e-01
4.491007497646839347e-02
4.825686766403395334e-01
-1.228581199381172662e-01
-4.905837509650499140e-01
-2.311851443335754264e-01
-1.558407180870074182e-01
-3.715047737908670766e-02
4.425777229160589576e-01
6.250067761026788238e-02
-2.729303428489954775e-01
-1.488373170228198261e-01
-4.866288566818879890e-01
2.717139999724775823e-01
1.605387330449095651e-01
-2.499483204009912696e-01
2.277846785131052154e-01
2.166910809733212651e-01
-7.119279691559344571e-03
-6.517036520439751790e-01
-2.990319095032439312e-01
-3.037778376087421073e-01
1.803859646872363054e-01
-1.898172202267642550e-01
-9.467195645537347659e-02
-5.187573801428360110e-01
4.816411325380980102e-02
-1.173437357381125062e-01
3.641295707162561096e-02
4.313380389628782563e-01
-3.087762576226819045e-01
3.794481881908327026e-01
3.064897720313925489e-01
5.772015167519848333e-01
-4.501856411507524358e-01
1.450899721431629930e-01
-3.876770770272612854e-01
-1.627432500531250381e-01
2.965432226590603015e-01
1.418597279207682305e-01
-3.548940358302591913e-01
-1.306220759983233171e-01
1.005231188752272742e-01
-9.935193821900371869e-02
-1.032726958574941706e-01
-2.357827429788885987e-01
-4.354473393532743430e-01
2.537462899604889244e-01
-8.660502487341617539e-02
-3.022013793051599451e-01
1.251039636344560557e-01
-3.479782424200658086e-01
-1.045423646947258589e-01
-2.023182444749399567e-02
4.999450152312116535e-01
5.194809504752311707e-02
4.815690553985335631e-02
1.644674046714549309e-01
1.963796522772898179e-01
4.174433626135939379e-01
