3.415033464691128451e-01
2.303182770942798219e-01
1.500768994857928917e-01
4.203088540587815447e-01
-9.129398039217043181e-02
1.742529320214035449e-02
1.706576185827809455e-01
1.122169964565619960e-01
-5.898668371818879264e-01
4.285337936700699402e-01
1.726831266796852865e-02
1.289480623365243939e-01
-3.216064270422052118e-01
-4.596013133153599162e-01
-4.005140712651881207e-01
3.553824013598462228e-01
-1.254085767896334636e-01
-3.425540913265494591e-01
-1.198916150269442940e-02
1.634302407845380500e-01
-1.733474696216522337e-01
2.338708631882037980e-01
4.120592168836028635e-01
2.301165327855119180e-01
4.283197502831339598e-01
5.572531188231111265e-02
2.356461180890099261e-01
3.968848252516926634e-01
1.504602001710720338e-01
2.786120330384594390e-01
-1.772131976804138254e-01
3.134301956113293430e-01
8.808385957506046360e-01
4.073905389645653408e-01
2.181752223954850911e-01
1.630655933768178634e-01
-3.100873175816233340e-01
8.795470475739700089e-02
-1.494393784664691527e-01
-1.003978137806528764e-03
3.706324251409311987e-01
2.695435112637063479e-01
1.902242490539375885e-01
-1.932921812829498931e-01
-1.255285753717634567e-01
7.542087108022712538e-01
3.738013080854286629e-01
-1.040078769485467125e-01
4.620887607836109412e-01
-2.514889717240461064e-01
1.265074077401182329e-01
4.558705395967755369e-01
2.626816418634320693e-01
-3.759212302712162251e-03
3.568664370650277418e-01
-4.209308398017461705e-01
1.948480037362039161e-02
1.054689686288755868e-01
2.375902884561029715e-01
-3.886173642352766522e-01
-4.364530538776471846e-02
2.713837421216990231e-01
2.324632932868798130e-01
3.478528972516414797e-01
2.319974678389970790e-01
2.494351670896598483e-01
-9.306099765334014950e-01
5.997583333385915483e-02
2.816550350282225335e-01
-2.949045396550297182e-01
-1.046945382499901364e-02
-6.292011867632948396e-01
-2.474908205513928205e-01
-6.824920645453658175e-02
3.887308382414702557e-01
2.061466393525339669e-01
4.660226448815307787e-01
3.783892486308815251e-01
-2.361354652172067692e-01
-1.569802467155572145e-01
-6.237066317703221507e-02
-3.188243743670637342e-01
3.741293689567549152e-01
1.966896190620418261e-01
2.355304843280150717e-01
-2.620280070228970803e-01
7.494263514549062699e-02
2.709187073953099323e-01
-1.591171546782486068e-01
-4.719748436579235262e-01
3.962382937500951718e-01
-2.071258338205759220e-01
-2.800520885125508119e-01
-1.511856600473524548e-01
1.025553949847735416e-02
-4.163643247649983503e-01
-1.393041998372078205e-01
-9.725796587356962120e-02
-3.880359982607712865e-01
-5.424188656506359063e-01
2.281389370302576713e-01
1.020803716339886008e-01
3.809725210648562954e-01
3.065169567280153218e-01
-1.825977397834429097e-02
-3.301061082735880226e-02
3.001152118271111502e-01
-6.269030993086884829e-01
1.594740461548099786e-01
-3.848463938062985368e-01
4.592135060938454250e-01
-2.509880833631490948e-01
-3.819590603602174977e-02
-2.114920855444869241e-01
1.223856434994438358e-01
-2.456736775429834985e-01
-2.216505950310620685e-03
3.092455382718476975e-01
2.526976428946681730e-01
-1.626244512185050228e-01
-1.780435439938977266e-02
-3.810625531720649439e-01
-4.343949325478519974e-01
-8.272128436044318134e-02
-1.641267444968708689e-01
2.396072918033028964e-01
4.858671393443896314e-01
-4.147917412182529628e-01
2.328787727982006839e-01
-1.347718499427479344e-01
-3.567760406283155827e-01
6.123470933801483662e-02
2.305449290868195056e-01
-1.126476069353795212e-01
2.579617437055359286e-02
1.533054957690669351e-01
1.359101416963484077e-01
-5.049904977193642175e-01
4.185282666371423765e-01
-3.505135241634073640e-01
-1.693677428537110063e-01
3.122036158259180461e-01
2.962336373165650460e-01
-3.397255764875792838e-01
1.424377739120514241e-01
3.952655347789125750e-01
-3.925367717003052093e-01
-1.938840492571207164e-01
-2.215897215954444888e-01
5.881508553724759114e-01
-2.704275749693773045e-01
-3.897472751878608421e-01
1.965270230363035942e-01
9.617080109647813124e-02
-4.499065623388038837e-01
2.617909245948565888e-01
1.345385912914496274e-01
9.721684800308487417e-02
2.953349720665929268e-01
4.416706986620004827e-01
-2.797892883667449926e-01
3.545083787876404102e-01
1.633688887263860801e-01
-3.183385971602050724e-01
2.937777140460374747e-01
-2.324789397809545743e-02
3.887835975975500458e-01
2.226799795194945308e-01
-1.671409001500819835e-01
2.143047172945376083e-02
-1.267362668433988371e-01
-1.624695006363916783e-01
1.188626495272857159e-01
-1.544259231887284978e-01
8.976781077140230658e-02
-1.215669707546621903e-01
-2.452523759932407899e-01
-3.086599097934145663e-01
3.649526617755015079e-01
1.627022129656229832e-01
5.270171000494733304e-02
-1.377143539803491190e-01
3.987407805654962223e-01
2.129883453446562713e-02
-6.338109102806334105e-01
3.178545662869047828e-01
-1.059323017295631941e-01
-1.220176611046639298e-01
-3.407864683063154265e-01
-9.641251044842680251e-02
1.808810154046775753e-01
2.447780557939216797e-02
4.508326243623141938e-01
-2.029400262368762364e-01
-2.592428196273616203e-01
2.682690157034361422e-01
1.818043737236809121e-01
2.843312127495378760e-01
3.899693669362241238e-02
3.135491260938185198e-01
2.950499615848801716e-01
-3.828375569813480261e-01
-4.237425974262621908e-01
-5.798081584507862596e-01
-1.226669135953997042e-01
2.371130840366496573e-01
-1.167847937793512619e-01
-3.566219123727439877e-01
1.781060300688704912e-01
-6.119757795696745273e-01
3.820063886853156676e-01
-4.292259994309705062e-01
5.068001381228988134e-01
1.664207826800149226e-01
2.528907473672210027e-01
-1.011637873368875784e-01
-1.240722923854586657e-01
-1.493383231024917879e-01
7.700123403777732467e-02
-3.951921230740604862e-01
4.540286357522593796e-01
-1.413581355715161636e-01
4.038582790434106645e-02
-2.324906593889454198e-01
5.878004910402521987e-02
-2.051688158542288309e-01
4.725422572733917193e-01
-2.796067684722753910e-01
3.822117977431163105e-01
-5.783753670282265613e-01
3.294387767523985211e-01
-3.907993086416698680e-02
-7.475005001641803482e-01
-1.544841811885984961e-01
-3.709057061603331096e-02
-3.324034156197177015e-01
-4.338717620562024813e-01
1.148631501804955532e-02
3.500151584701073348e-01
9.695525925431493566e-03
-3.234094941985373728e-01
-4.501069211238848400e-01
1.087134594418302513e-01
-2.005489167263858202e-02
1.193519614456281797e-01
-4.666272389200002424e-01
3.677869028099040039e-02
5.662153472564016021e-02
-3.714637433448542692e-01
2.239936606787342188e-01
-7.655684045155972672e-01
-2.428102782573409169e-01
-2.759551969865648990e-01
-2.094143110780537775e-01
3.287968914350760108e-01
-2.784358292192210538e-01
-2.663772905953073339e-02
4.632377465938340988e-01
3.029008715665157947e-01
-6.900406935096807526e-02
5.891474511669034797e-01
-2.853813926560012648e-01
-2.701723311704340436e-01
-5.147378691095137043e-02
3.469817205474233779e-01
