2.335391728948192358e-01
-1.371340123434230396e-01
4.245820445051718961e-01
1.076242418112677013e-01
-2.760576012076957353e-01
2.212069801661844526e-01
1.051459665309888852e-01
2.754870011489387038e-01
2.874277228949632668e-01
3.945200350636245828e-02
-5.472983800357665183e-04
2.758753361998157461e-01
-2.698669142452734815e-01
3.989744123746855609e-01
2.926230778448223324e-01
1.883596887153362598e-01
-2.944999035229097784e-01
-1.743036109650756837e-01
-1.294867120864989785e-01
2.503886868754614525e-01
-4.439536060069051299e-03
1.256977774932587777e-01
9.037906519327232324e-02
5.316510614275469226e-01
2.876074794106394661e-01
3.848714093664333258e-01
5.384572789728225839e-01
-4.269316072496074366e-01
-3.541563321195432268e-01
1.679037896064722868e-01
7.417225478895109192e-02
-1.735911319536221353e-01
-3.011871042619695960e-01
-5.655172578543768425e-02
-2.641783391744553094e-02
-2.368155317425589823e-01
3.966460437856025173e-02
3.428998248917997094e-01
6.448430187665649127e-02
2.087245379216232100e-01
-8.406346497734598633e-02
-2.859648352023800300e-01
-6.114903728218495926e-01
-8.214045816290296842e-02
1.932176158096635676e-01
2.011856029855244588e-01
1.619545035299211344e-01
1.780693392008458886e-01
6.529689033606189685e-02
-2.101826991937338074e-01
7.055058118713739002e-02
1.248944566993873406e-01
-2.328023054192347452e-01
-1.327185756807541805e-01
4.719661108670085425e-02
3.070550207995529912e-01
5.673061482424728297e-01
-1.175502365928288995e-01
-1.847652932344584758e-03
-2.747227200657972185e-02
1.431083367986737409e-01
1.361169029343985981e-01
1.471644996650313120e-01
2.279620831219902055e-01
1.502909532696697636e-01
-7.863949328632188762e-02
-1.474447000621493253e-01
-4.838726257212178083e-02
-1.624492983580872463e-01
-8.055799806796559021e-03
1.976954121031174738e-01
4.288302939520567958e-01
-1.739781288342460291e-02
-2.710934163564428928e-02
-9.683991188691669361e-02
1.815004096970668779e-01
-7.279678621745863665e-02
5.890912200074952532e-01
7.662240027947936349e-02
9.135400153394984679e-02
4.071595596872831235e-01
3.845405233727431510e-02
-3.747764466817024021e-01
-2.181629147636001687e-01
-2.926559504088789287e-01
6.270784754646333004e-02
1.799356007025492976e-01
-5.112357967221923261e-01
-3.151566384557695777e-01
-1.134717496567139994e-01
3.567533003874620023e-01
2.925263531647259718e-01
1.144867473205480879e-01
-1.786161052373961278e-01
-1.883858282734146572e-01
-3.060887534458148762e-01
2.993878778242352601e-01
4.394669465663875729e-01
4.570723219903879975e-02
-3.197018598386096033e-01
-2.784902565222214382e-02
2.617006909261931219e-02
-1.816361038668367622e-01
1.144986897051326058e-01
2.700456253414510455e-01
5.271819275074404731e-02
-2.700343669557022652e-01
-1.636088312760477503e-01
2.720221069719842844e-02
1.232391907936678105e-01
2.386870107039181788e-01
-5.250438915806315138e-02
-6.150330797434256508e-02
6.809552814280539490e-02
-3.840108281699083359e-01
-1.310337103841143769e-01
4.878545227485181490e-02
-1.233677599542097048e-01
2.206866123294139864e-02
3.330243809957613710e-01
-2.015451348926540487e-02
1.447965487358011671e-01
-9.765006582090635101e-02
-1.266018033179930335e-01
2.899359800318793701e-01
-9.866620140421381024e-02
1.856225299681973639e-01
-2.141686019321047685e-01
4.241183989597793191e-01
-6.540090874483980854e-02
-1.414992367162619218e-02
5.044568434816336655e-01
-1.815233538159398766e-02
-1.324068651177330302e-01
3.058883758144324561e-01
8.046918123352292396e-02
2.720668332052594840e-01
3.032723614938813705e-01
1.103052623860421161e-01
2.518092463924758162e-01
2.401110995942474791e-01
-1.904254887313039379e-01
2.297948508777873378e-01
-1.205609749270099007e-01
2.699565405007454677e-01
-1.971265508497603847e-01
-8.792215313098411533e-02
3.801238988992077239e-01
8.272871190432840027e-02
1.314376574110664442e-01
-2.611555398630374114e-01
-5.748725546736734027e-02
1.022219873912956749e-03
-3.427761143592955584e-01
-2.635222752877750541e-01
-2.166558496543372070e-02
-7.938616570620211921e-02
-2.320325410242622677e-02
-3.000758126308406548e-01
-3.523013463241622123e-01
-1.543964166630859003e-01
-1.511333793845222040e-01
-1.632783025731948112e-01
4.506641614547526875e-02
2.268929065768235664e-01
-2.633546906351313943e-02
-1.364411190303020938e-01
-3.522745705818625117e-01
3.816562240127355787e-01
3.509806567496166485e-01
-6.311416126987164088e-02
-1.582890086677244956e-01
-4.010521648483336699e-01
1.056053072294857731e-01
2.013363392278527952e-01
3.273381680931477383e-02
-1.329597830660931845e-01
6.181688488626473077e-02
2.474716060058768652e-01
1.767146295892330632e-01
4.773620165707203045e-01
-1.776623568509126949e-01
-3.981017618109735090e-01
1.664653029480389623e-01
1.081240829864876518e-01
2.738570191726005243e-01
-2.634679807609309199e-01
2.349510843617884370e-01
3.783755185803933108e-01
-2.759725698481557687e-01
-1.324011405850072931e-01
5.730890722867035825e-01
-1.976229376832783768e-01
-1.681671211941667965e-01
-2.192824924817422458e-02
1.006103419313245650e-01
9.814957575760459296e-02
-1.507719242906725987e-01
-2.442375666541055784e-02
-3.111861833618894124e-01
-1.878349759014477371e-01
-3.393135093665229363e-01
1.412506196131588232e-02
-2.771764023754776790e-02
-3.532825178450810927e-02
3.579466342023489567e-01
-1.799110211254220659e-01
4.124486383402444639e-02
1.615809507039148718e-01
3.699225312620483819e-01
-3.107414993473176512e-01
2.592089176587704658e-01
1.476303593586928420e-01
-2.283319968579340387e-01
-1.401016921240707536e-01
-3.580693041261079346e-01
-2.602270074248787517e-03
-1.959457808469964868e-01
6.173418310908872914e-02
-2.153741168021268415e-01
2.328101265991516788e-02
-1.359401903238620368e-01
-6.390912203376428735e-01
1.297460363517226323e-02
-2.785646476797829507e-01
-2.682735677354075587e-02
1.313465604827845634e-01
2.244606432367637905e-01
-3.002784896667261005e-01
1.408389741892014935e-01
4.895772226179742059e-01
-9.039621085391429112e-02
-2.928967182657876700e-01
4.782821323267072433e-01
6.524734603302554531e-03
-1.463516741618636208e-01
-3.378040134352237045e-01
-9.335754973797452672e-02
1.701158377004372835e-01
9.934096996434715887e-02
-1.460753241941435132e-01
3.138010765400732205e-01
1.560569564954470967e-01
2.574173556368929416e-01
1.808730629561752790e-01
-4.337697584383277682e-01
-5.212045156019889935e-01
-2.911815249612269979e-02
-1.740347545264347429e-01
-2.247096387162170888e-02
-3.470712866312342104e-01
-3.603730340536594468e-01
5.018826345260112287e-01
1.585148574147366429e-01
-3.811761120077507004e-01
-3.334179148777949298e-02
-2.236424553333314913e-01
6.217266501317814109e-02
-1.302588854437560228e-01
1.074533757905492826e-01
1.810989517259630199e-01
1.359382361987289678e-01
1.362624057705562053e-01
3.731493347202839983e-01
-1.303908327237604525e-01
