-4.491005024591384620e-01
-2.930019246149270784e-02
-1.595869015672261859e-01
1.133628743909373127e-01
-2.660470356646837953e-02
3.472307245612942239e-01
-3.573791783621880214e-01
-2.331291850869360305e-02
2.400270786456353000e-01
-2.489155415532612325e-02
-5.486874626937907617e-01
-1.430082518647023404e-01
-2.582699576281951570e-01
4.359907210507305009e-02
-1.310351793582616442e-01
9.619364165925159416e-02
3.498464318339374879e-01
-2.103102434776517315e-01
-2.819672790850865640e-01
-4.947888895106566931e-02
-3.695023385829365736e-02
-3.477893274491077324e-01
5.359175575835503080e-01
2.405892256862509626e-01
1.918639566891827408e-01
4.130834376679048958e-01
-1.602395885879001336e-01
-3.414327353070406579e-02
1.807212043197428675e-01
4.829171086825523318e-02
4.440497711393914804e-02
1.778222809891160106e-01
1.700837447902455446e-01
-1.072409308696200547e-01
-8.410286935325955726e-02
7.104956096643733066e-02
-2.180008163744228677e-01
-1.575894122534740316e-01
-2.231526326921183523e-01
-5.680684380498033370e-01
4.657947518070896242e-01
-2.292976944734320954e-01
-5.422798601502212268e-01
-5.065948120954202882e-02
-2.224173960587725318e-01
2.761476062000767229e-01
-2.427323228922858844e-01
-6.485100339485219689e-02
-2.781069533213377243e-01
-2.014437506755047680e-01
-6.990065923933269643e-02
1.101357835202317337e-01
-3.302060384142564420e-01
1.080189631716055310e-01
-3.358611311921197440e-02
6.144940669944806699e-02
-1.996694427314316955e-01
2.767889424695108014e-02
-3.428427164305915542e-01
-5.218597316826295573e-02
1.659170591503453251e-02
3.459560351513904508e-02
5.077736064086615375e-01
-4.758206213310264832e-01
-5.893861874912617593e-02
-3.573002996088889271e-02
-4.123965060479631295e-02
2.303633816229521958e-01
-8.568421213069427056e-02
2.420070591971994478e-01
4.645194609448191070e-01
3.716571225623508390e-01
-1.701401435323025291e-01
-2.361388478471848629e-01
3.100982412580404746e-01
1.054229755301882010e-01
1.693280774802892186e-01
-3.186878108730993864e-01
-1.355243193952332947e-01
6.339704688824004952e-02
3.761649509645981215e-01
-3.639565218674148395e-02
-8.246338646230908509e-01
-2.059573654510582497e-01
-7.938630228154539004e-02
8.767327216203849027e-02
-3.955631621306289203e-01
-1.986094674814007643e-01
-2.477946981970494122e-02
4.812364992488918358e-02
9.786310764388772565e-02
-7.711060220280041566e-01
-3.613425978779805092e-02
4.071242553457257163e-01
-2.127097573714533119e-01
1.712048589214061889e-01
4.031147301281437501e-02
-1.259735775790531143e-01
5.010834244314510411e-01
1.553386458343866128e-01
-1.163353408271546319e-01
-3.908568976069751177e-01
-2.865076624932169080e-01
1.186102348119855432e-01
-2.224293585288295017e-02
-3.662524051393133417e-01
-2.165486629674983343e-01
-3.622960611914453066e-01
4.666343586972931945e-03
-3.900618913009942235e-01
8.312719105568885936e-02
-3.059533505266617270e-01
-2.257469835987857554e-02
1.288067540011118839e-01
5.861009837067135408e-02
2.931106171882557065e-01
-2.951969632438170010e-02
-4.468999883862798672e-01
2.993706808926974161e-01
-2.157757263786143076e-01
1.808973086352935744e-02
-1.643719224870703599e-01
-4.298474038888552839e-02
8.735733455684868698e-02
5.189987722157823891e-02
-4.448916997794847283e-01
2.014610780554145220e-01
-2.239423725830310130e-01
-2.889960834932107092e-01
1.051818604137909063e-01
1.885053525581460443e-01
3.473078971359253031e-02
9.885556523559577147e-02
-2.597434966622752528e-01
7.149819584111213877e-02
2.406691640334097382e-01
-5.675459706638971702e-02
3.241362817309870192e-02
5.653803277697739826e-01
-8.096290751277521180e-02
2.795003224737357961e-03
-1.893561315698533143e-01
-1.152687399560506087e-01
2.942545594409565757e-01
-1.502870557457174350e-01
-3.991144667891405318e-01
4.239423620361757461e-01
1.415148585232586798e-01
5.277786559231367747e-02
4.925439036976194673e-01
6.194909268332057795e-02
-3.203766077396772438e-01
6.064526069080794501e-01
2.678062062775088403e-02
1.285542955326524905e-01
2.422715234916146543e-01
-1.012629370151499619e-01
-2.507594317820904251e-01
-5.924945304578561611e-01
-1.380001974270861353e-01
-6.255919340970519937e-02
2.394658205952973629e-01
2.594735990336157205e-01
1.914789183271241035e-01
-1.078278962827505238e-01
2.480891101154821254e-01
3.661368225532207754e-01
-1.041182942117241383e-01
-7.050493491901646537e-02
-4.475749531860634400e-02
1.152802555581331767e-01
2.593820523163142266e-01
-3.233712739067842734e-02
1.285661769829117840e-01
7.336729902613597920e-02
2.313024636267280165e-02
7.118572255998042997e-02
-7.346438977217553679e-02
5.370421663056665351e-02
-2.538661844224168740e-01
-2.440861429304380659e-02
5.462870173351216940e-02
2.056631615660466927e-01
9.125754842137534517e-02
-1.343835068840032176e-01
1.677502450731522543e-01
-2.147015591101570642e-01
1.789452457727868095e-01
-1.450088339726651743e-02
3.623224556747456360e-02
4.466847585870800108e-01
7.041067406347806257e-02
-2.886775547473222070e-01
-2.673690258466822067e-01
7.116389818034335457e-02
1.263200988768102828e-01
9.564629963065507390e-03
2.071743867022688979e-01
-5.247593659041556169e-01
-3.635060642962115729e-01
-2.216673250311180510e-01
-3.298578509969646300e-03
-1.303303324284321996e-01
1.703404602032509985e-02
7.594527225876879228e-02
-1.889012860898800494e-01
-3.979452222375157167e-02
9.525980095586242258e-02
2.459392324339683411e-01
3.512347940227668053e-01
-8.997268093367857822e-02
-3.042356636366105871e-01
2.122797918849770038e-01
-3.265121555287591182e-01
-6.515237353309602519e-02
1.226002761233115079e-01
1.410769839523733638e-01
-3.503805272658424008e-01
3.256118357721443646e-01
-7.297115279689542211e-02
-2.939197839648238775e-01
1.186788658755453807e-01
6.895877009075782049e-02
1.237542389018040923e-01
6.018119260226617584e-01
-4.506535204902261671e-01
-5.703953500300656954e-01
4.382143526438153081e-01
3.301998662520274630e-01
3.528648664895550624e-04
-2.072037204086791540e-01
1.614410288854400410e-01
-3.528579368880313538e-02
8.195048561412565657e-02
2.516445012090403610e-01
-4.308170654450231840e-01
-1.505014652912001205e-02
-3.621326502032864991e-02
-4.492065780959356158e-02
-7.812396044958780372e-02
-4.629406897228933726e-01
5.696574287960931571e-02
-4.888922205417417510e-02
-7.301883372180587028e-02
-2.765388014893680468e-01
2.377702165379062260e-01
8.880765477178047540e-01
-1.571077633003992446e-01
-1.412863387058837517e-01
-1.033143792700059460e-01
-3.709135820525378824e-01
-2.057088697743898187e-01
1.115024423766118322e-01
3.805574859747262728e-01
-2.571926653941443153e-01
-7.880715090282347512e-02
-1.150818917490457061e-01
-1.768535565545697463e-01
5.018782870988334199e-01
-1.147709734207724708e-01
8.635556104135408417e-02
-1.527849819498510453e-01
1.658433770355212666e-01
-2.560719486352733831e-01
3.883947871142551245e-01
