4.413748744998932660e-02
5.222439267556283626e-01
1.020998013515031361e-01
-6.025050510652020519e-02
9.383687952418308387e-02
-4.235935760555448182e-01
-2.099686549410938186e-01
1.170964316151739959e-01
1.184286624285370015e-01
4.799986253779012779e-01
-2.738430506325637559e-01
3.844903344356154912e-02
-2.507805686930170141e-01
1.209844455202038899e-01
-2.157292031287779688e-01
4.314852800357185103e-01
1.060700825057281638e-01
2.042165281781218866e-01
-3.298310780171026524e-01
6.346145577543644833e-01
-4.294063341809246231e-02
-3.592589783118722846e-02
1.659809188174067307e-01
-4.523173874838463671e-01
-1.754057600299758490e-01
1.288790033179785383e-02
-2.981029524891481985e-02
1.670258489530179746e-01
7.582002187663752224e-01
2.763781287927448149e-01
-1.782718245823992631e-01
-1.278708283917771686e-02
6.047913965639160061e-01
-4.573912687188878834e-02
4.132999616471942916e-01
2.163475375560561798e-01
4.162534232833991488e-01
3.082826062954022728e-01
-2.349422584843028905e-01
-5.915715044122245025e-01
-7.344124698822481704e-04
6.142886857260507552e-03
7.576914235797230224e-02
-1.973477409978990349e-01
-3.894267097723437716e-03
-4.185040091076925872e-01
2.347595276384402962e-01
-2.511356969175635237e-02
6.686509828715566650e-01
-2.021031418740216468e-01
3.839433931715455772e-01
-2.344824638327875632e-01
-4.280007873878161062e-02
-2.917846215921796743e-02
4.886553414807131013e-01
-5.367549731038543381e-01
-6.091029936344042328e-01
-2.141767226587427131e-01
1.613899383650352903e-01
1.266035651199318157e-01
-1.611507997127111791e-01
1.576958805802808616e-01
-4.107203433600304932e-01
2.247877598658757914e-01
5.500095371107853737e-01
-1.694045410231038162e-01
4.654830742833986346e-01
-2.968578279543170884e-01
2.733190464876827930e-01
-2.214506503271780960e-02
-7.657201846404579348e-02
-3.585936097955318980e-01
-5.608615730656679732e-01
1.580264393328677242e-01
1.866223195267283641e-01
-5.685714368120289297e-01
-2.491815290701344110e-01
4.878657445072303589e-01
1.922074854982088257e-02
-5.825370715441936520e-01
-1.406616076444927588e-01
-6.520076541494628231e-01
2.421787089955681760e-01
-1.934657691142635527e-01
-2.427207058637266268e-01
1.981044653114073240e-01
-8.743033599834676428e-02
4.694727666097738839e-01
2.400232236973675048e-01
-3.186357576625230559e-01
1.721212146659510389e-01
7.929813045033984320e-02
-6.491467947796286664e-01
-1.826608320270097230e-01
-8.003771279742583067e-02
6.315480653580951564e-01
3.822413632454851884e-01
7.080879085920177562e-01
-9.839395368381914642e-02
-4.982900969201373709e-01
-1.537219039208367714e-02
1.046679227773591042e-01
-1.073552783944791145e-01
-5.361343987519142651e-01
-3.926038403278465927e-02
-5.233510085260149047e-01
4.749178258050164025e-01
3.972837497373239435e-01
7.331728214296687196e-02
-5.192737492890748818e-01
4.286823729867810795e-01
5.005566482616554680e-01
-8.067592121341393696e-02
-6.746941185553229081e-02
-1.754309752883587703e-01
6.353626567326001728e-01
-5.727841182364070693e-01
4.040372175057315718e-01
-7.153809200168508298e-01
7.844459376769996606e-02
-1.834135061283078683e-01
-6.739396885636846912e-01
1.727951484866356857e-01
4.349982123411224588e-01
-3.263558971497868555e-01
-1.823251860320879159e-01
2.682716497247860099e-01
1.697429762789272878e-01
2.832531209580410256e-02
-3.244988981892249491e-02
2.951143465723881087e-01
-4.466592867015573565e-01
4.796698642009228353e-01
-3.728002615739309245e-01
-1.558835093796145377e-01
3.495604281105452182e-01
2.143668495916657424e-01
-2.208536012119078906e-01
2.626558644966454636e-01
2.801821717345620577e-01
-6.259561265211652237e-02
9.793504263637456408e-02
8.411955714141241547e-01
9.894447680865094564e-04
2.774706395802455372e-01
5.126009012862045022e-01
-5.433060231130821816e-01
-1.627701832457496278e-01
-2.025380814958470388e-01
1.221610289893097362e-01
1.617935797334364989e-01
-3.339269183512051375e-01
-4.192197557135872443e-02
6.739913396209098462e-01
-2.321246491683872648e-01
-3.060565450092666007e-01
1.574843014819384546e-01
-3.495492778008750800e-01
-3.740906416099619713e-01
3.895274527462584402e-01
8.181183109856338120e-02
-4.709136032949422512e-01
-1.309306771888770204e-01
-3.218652628220900480e-01
2.301484285786091766e-01
5.223975459868860360e-01
5.608778329129153473e-02
2.610579783051251712e-01
2.913156092509089357e-01
-7.590884770332967380e-02
-1.138207585081277423e-01
-3.272561948902189544e-01
4.248732840986011450e-01
2.441091828527267582e-01
3.240659174347819138e-01
-4.681901321821743678e-01
2.105325396500757340e-01
-1.719364912217405117e-01
-1.200441457517557597e-01
-6.148816330876034630e-01
3.777410800344065400e-01
5.230638586114395583e-01
-4.674505276348747684e-01
-7.869949260191362594e-03
-6.712411843972099224e-01
7.577415287738498498e-03
-2.414979083493781764e-01
-9.096174038089257508e-01
-2.002165777388145995e-01
-1.057714234294715172e-01
5.464345556187145680e-01
5.473918089400091613e-01
-8.860259669263650939e-02
2.277199214974403030e-01
-4.941105578306406176e-01
-1.924645034475900851e-01
4.308188991352392416e-01
1.950569360551505649e-01
-3.799625564091566737e-02
-3.444274280036482838e-01
-3.532002487433038018e-01
-3.082359269306801930e-01
4.299683597233751320e-02
-6.384509838129278636e-01
5.226993239530366431e-01
4.902394562081123786e-01
6.209249994710650533e-01
1.943381934444061154e-01
4.454641780481445323e-01
-1.045051022395547258e-01
-1.733839382154111486e-01
6.009444756442917923e-02
3.947567158908166229e-01
6.366339611698929035e-01
1.494140855900854756e-02
-7.089009883986540084e-01
4.730999041395446136e-01
-1.781437430708185943e-01
-5.887606500546856136e-02
-7.308326837946952370e-01
3.298859219007248961e-02
4.121761739384384171e-01
-2.409160411722420236e-01
5.276044562616096639e-02
7.599534638359235483e-01
-5.876422019250507889e-01
1.299809404807634738e-01
7.228285934066018548e-02
-3.305173413742727995e-01
4.263004121215889786e-01
-5.264505015917918945e-02
2.022478100222105390e-01
1.799912038745502540e-01
-2.778411241005638299e-01
-2.321970078683095740e-02
5.722266926747767712e-01
-5.097099014124399918e-01
8.190117036408280093e-02
-9.850338831295178676e-02
-1.741667548787547148e-01
7.978969085176126907e-02
1.780086842207913994e-02
-2.227117473226526700e-01
4.947695579976058022e-01
1.855013093618118614e-02
8.666492101754456889e-02
-5.128804529017541025e-01
-2.455093492164799884e-01
-1.075437848957809805e-01
1.385198283946989517e-01
-2.046258372295333694e-01
-1.619305044562106000e-01
-1.328740487280111737e-01
-1.447328781224301031e-01
-4.665330330429344752e-01
2.056756284045588995e-02
-3.237888745342634711e-02
5.803102566285966990e-01
4.975236309498496934e-01
-5.532635765351880952e-01
2.377777667077283219e-01
8.872526354612574051e-02
-2.188859321055047075e-02
4.262396409394589303e-02
-5.046937526856632994e-01
