2.536479954731909667e-02
2.480934700865345677e-01
-3.419499887371712024e-03
-2.003989301751327168e-01
4.596824975417868053e-02
2.405152417497508077e-02
2.851120432883597622e-01
-2.940120590360490449e-01
1.715464043456690624e-01
3.007438400310624149e-01
-4.567380198140464920e-01
3.704211653896688494e-01
-5.401215470343221359e-01
5.817252064398705791e-01
2.162478839760521299e-01
1.030802657820674151e-01
-5.599011626444414663e-02
1.416681122633812739e-01
1.321518123082802629e-02
-5.523060357943542636e-03
-2.059979589590694160e-01
2.591444188908453294e-01
6.190410192147904889e-02
-9.757705825237227015e-02
1.007407390821387153e-02
-3.262963938973341138e-01
2.083085579895841699e-01
3.451020232831187862e-01
-2.178546918591045267e-01
3.813857765130751649e-03
-3.686076040617648503e-03
3.724132940412432369e-01
-5.096823024258453905e-02
6.001077472346211250e-02
8.241974166713900152e-02
1.384035034684804877e-01
-1.579599324069961841e-01
-1.083992593762527490e-01
2.841400851018216836e-03
1.657043504546548973e-01
8.972354205579229081e-03
-4.615083331083548457e-02
-3.444265265042871782e-01
3.634289641257121284e-01
-2.663253347878717925e-01
-2.494062030478762237e-01
-2.021750789533175996e-01
-5.975091225229650638e-01
-5.948804094451390356e-02
2.330663789045692436e-01
-5.767282524997314336e-02
2.116922552539611188e-02
-2.745928098455043820e-01
-3.936684486924898474e-01
1.316718977909187016e-01
2.448714685724024676e-01
1.019159862279838125e-01
3.100543498587559621e-01
1.013337531138250869e-01
-3.713526552029650096e-01
6.832149025838089862e-02
2.515062323932907296e-01
1.944378110300859497e-01
-1.170338372669122579e-01
-6.651023809545662802e-02
-4.432215171077970028e-01
3.240826322154528039e-01
-8.925190398795690427e-03
5.162792876125009423e-02
-2.235849169750624699e-01
2.066682262233508066e-02
1.770931999549832381e-01
1.876592947721183458e-01
-1.052967549250652668e-01
-2.647801801547416956e-01
4.796728375214048268e-01
9.410468302719340872e-02
3.353368148163138329e-02
-2.670216968456621404e-02
2.220855489501457058e-01
6.108959225129518070e-03
6.956258086237141480e-01
-8.899799578444830828e-02
4.393933669047190294e-01
-2.685786581537478179e-01
-1.815086188569803582e-01
-6.797361072708035801e-02
-2.326810093066979390e-01
-2.612630795530991312e-01
-9.801500229943549414e-02
1.001655014884512140e-01
-1.721113760694795713e-01
4.639129864648915413e-01
-1.487956771241892018e-01
5.276844503787364582e-02
2.863788777579046596e-01
2.988827620525108530e-01
-4.014158665544620419e-01
5.004213614351190609e-01
2.769245439077065996e-01
8.910176817812247296e-02
-1.688675080796203098e-01
2.692271906967032558e-01
-1.770144772538824809e-02
3.166002332940350827e-01
5.773210969561086703e-01
-7.684507692344313967e-02
-5.935691708780139741e-01
-1.445672454910936766e-01
-2.051804893095905413e-01
-2.066225033056120486e-01
1.523468469423085170e-02
-9.990878833517698177e-02
-1.324303584369403326e-03
-4.347477304663837083e-01
2.984249735538693216e-01
-1.205853905397778619e-01
1.134547969805231316e-01
-2.177537271370809102e-01
-1.634721854463077051e-01
3.930965990339185812e-01
2.875517859108734919e-01
3.653420352184118258e-02
5.382590484563645750e-02
2.468261088112768190e-02
-1.924036831378968526e-01
-8.856612773479724532e-02
1.653314036748014249e-01
-2.348835313660636581e-01
-5.101247687382734486e-02
-1.297377832288375624e-02
-7.198293768630840972e-02
-1.514614438621641468e-01
-3.238618370176288286e-01
-6.343994485149320184e-01
-1.482765066883270366e-01
-4.271954562415113399e-01
1.546568965686829777e-01
-1.009102849776775113e-01
-1.497086623872073974e-01
-1.354753020124608090e-02
2.461655352245810668e-01
1.356775772997056151e-01
1.139742836263706455e-01
3.091868610437458198e-01
4.246161129349228514e-01
-5.163418481267222360e-01
2.391641555183281476e-01
3.259735766602666063e-01
2.564282467883647124e-02
-2.574239487787821981e-02
9.366858835381319803e-02
-2.369037266566239031e-01
6.392985898625390406e-02
1.973776446498400339e-01
-2.068386388119599628e-01
-2.237820788753784595e-01
5.161534877984510494e-01
-1.292050864307970337e-01
3.403884728714435259e-01
4.396936000243867326e-02
-2.727977305325064994e-01
4.045732811672264617e-01
-1.488438616959254501e-01
3.155204052419282590e-01
3.658215882289905796e-01
-1.236439666137619936e-01
-2.832781989589883143e-01
2.509921601913128741e-01
1.104796470481994586e-01
-4.807820624509914209e-01
-4.586316837004476843e-02
-1.112449761044272123e-01
3.650433323745502778e-01
5.943531867652123157e-01
-1.772529448472996150e-01
2.931520201207485909e-01
-1.778714190144856655e-01
3.543589998307117295e-02
-4.332773687031256371e-02
-1.297538304445374213e-01
3.945390894861361963e-01
4.907130948131040865e-02
-1.483257600707404977e-01
2.119185842202112383e-02
-1.990306999349022166e-01
-4.386031591320582179e-01
-3.763781138180958274e-01
-1.071125218308397187e-01
-2.498391250104755462e-03
3.257498306814953226e-01
2.111992186099895252e-01
4.637646784227315022e-01
1.005860208889392815e-01
-1.536783255628578204e-01
-4.089311637252489584e-01
-3.303612708452725033e-01
-3.250068522650173541e-01
4.703841496453546878e-01
-2.798684238245280897e-01
-3.472307946196337980e-01
-1.612222960704436797e-02
1.191436705668225682e-01
-7.811810125670343684e-03
3.588432542270628689e-01
-4.832383838632733353e-01
-2.295849522193817438e-01
-1.730668964530266418e-01
1.792396907036841736e-01
1.608707549517344737e-01
-7.314834409054454811e-02
4.971159351145245653e-01
-2.940339827698179587e-01
6.560361431389072351e-01
-3.439298760358356910e-01
-2.837333115737676326e-01
-6.712349961541546062e-01
1.361801147623994124e-01
-1.839765571497627428e-01
-4.969586933247675115e-02
9.796300484649844709e-02
-4.596988591253038381e-01
4.169550423134212314e-01
-6.156952455588554640e-02
6.855747336560469307e-02
-7.172972216686762659e-02
-9.656700067732036652e-02
4.369883894739372554e-01
1.914347409734096783e-01
-1.474120931502347354e-01
-1.011502217932030850e-01
-4.557090292175310919e-01
4.832604331006860876e-02
4.440857724561814712e-01
-5.668411455605403271e-01
-9.098368174858019464e-02
-1.199466700932380874e-03
-4.047935017220732901e-02
-5.338664962379630063e-01
5.629078942108846073e-01
-1.048677946735531719e-01
2.236818832399655732e-01
1.961923414238795349e-01
3.597479364894231590e-01
-1.795510224340376992e-02
4.572208536651269362e-01
-7.198866021629825307e-02
6.473233470411167423e-02
-2.852590838979139898e-01
4.948328641591032140e-01
3.542115591622106985e-01
-3.818538989326120681e-01
3.412422948535132755e-02
6.789587907155202051e-02
3.835144973577215427e-02
-1.794607297002299706e-01
-1.678109729643119941e-01
1.200095620729015183e-01
1.887237572552265263e-02
3.963723031774601391e-01
-5.164049993913640835e-01
1.469116980687945606e-01
-8.605083930957121985e-02
-1.790114228222194348e-01
-1.308700089887118168e-01
