2.640043090137376147e-01
1.551702976087500872e-02
5.122548728265274853e-01
-5.092328061566182562e-01
-6.781597138825220528e-01
3.031576005503916482e-01
-7.639934544790092374e-01
-7.080220336574798434e-01
3.425968420985914253e-01
7.374837509357401455e-01
-4.677950031864647196e-01
2.526294996139093474e-01
2.054539727676292227e-01
-5.026390302915272335e-01
1.441280095886889434e+00
-5.339769056214694887e-01
-8.176131126958278150e-01
4.098638824590130625e-01
-1.220647193869938141e+00
-1.195650017924407837e+00
5.209240016794723926e-01
9.854429953014482990e-01
-1.928681739876812462e-01
-1.226309282776003595e+00
1.243879045433421204e+00
-1.583707683365005892e+00
1.276604841122443990e+00
-6.087708282595462039e-01
-1.524102552356265683e+00
5.568712760764079617e-01
-7.977961164226423652e-01
4.133804873064780144e-02
2.104565568491344685e+00
5.766824584150236355e-01
1.636271151554796743e+00
-1.639699840763108929e+00
-9.348277579499830736e-01
1.262083285497356933e+00
9.093936037373259174e-01
5.117800696654821735e-01
2.889666915958117865e-01
2.087136782902953236e+00
-1.424531528824473758e+00
8.896708244998077220e-01
2.203233579828324018e+00
7.910946662529894091e-01
-5.801319724110208798e-01
5.176429595268428052e-01
-1.800149926922114618e+00
9.594056929770012898e-01
-6.077661741252375904e-01
1.791330406871744496e-01
-2.078487066189773635e-01
1.375412486699902015e+00
1.267149861016677370e+00
1.131880899624939651e-01
5.723291370805649869e-01
-8.202613703493424890e-02
-2.874814676218063747e-01
-1.949044587789925842e+00
-8.255068436518400166e-01
-6.729892311698113527e-01
1.837618954117758330e+00
1.459109668476725741e+00
-3.576894969234425958e-01
-8.337618255650494081e-01
-1.508305993627591324e+00
8.388115432434691821e-01
1.118513675337189095e-01
-2.074092554955063950e+00
-9.595268490635586178e-02
3.504262854850412889e-01
8.138619866926424251e-01
-1.468939540613928507e+00
-1.133891640755456010e+00
-9.719885628508655451e-01
-7.614910698174952586e-01
-1.516706471822654445e-01
-4.542543326137464810e-01
-5.694896300726211003e-01
-3.200388108573950507e-01
-3.885302231657455918e-02
-4.159149399161743421e-01
-4.708417990275744480e-01
2.044022320011147809e+00
-6.145165494897601999e-01
-3.834266801850692852e-02
-6.011767367480788105e-01
4.377255019478099030e-01
5.006850485014022745e-01
-2.677997723269153960e-02
5.443834454541824908e-01
9.751583538475115942e-01
1.606219966048741288e+00
-6.353633663752831229e-01
-1.422006577435681374e+00
-6.890437657643156966e-01
9.972580991292330221e-01
-8.005631182052097561e-01
2.022237680087972667e+00
-3.005020175629188106e+00
4.839168980942884501e-02
-4.359598671251981861e-01
-1.373059862348756432e+00
1.208186486436544804e+00
7.573013588860292300e-01
-2.497652289949477966e-01
-3.446102107104558887e-01
-5.233410503276597625e-01
7.280169690451548936e-01
-1.862994048719768703e+00
2.591517477636130495e-01
-1.717389472837598907e+00
5.693941759347884712e-01
-1.400551804774854858e+00
1.460167693907422848e+00
7.971583025783524068e-02
-9.872860824385214507e-01
-1.157029282929254999e-01
-4.857764510259686697e-01
-2.589506660584723896e+00
4.908390223029409638e-01
9.533618541495612053e-01
-1.856220785364677717e+00
-2.296919601292100044e-01
-1.164997246604433379e+00
4.696219229718980731e-02
7.091161524115223713e-01
1.703617885539583376e+00
-1.270367011609102592e-01
-1.231072919349577965e+00
-7.332846906646465213e-01
-5.879528756445127069e-01
4.185425860897921124e-01
1.514574779380319480e+00
3.982457708815887454e-01
-3.911059909694999948e-02
-2.686626184942834117e-01
7.648774112992080820e-02
4.986870979690871675e-01
-7.038681569596203502e-01
-8.802530965421453413e-01
8.559346328126370418e-01
-1.123990620970216181e+00
-5.276739154011380606e-01
3.286090574487803284e-01
-1.479565016703872526e+00
-7.456088542240241201e-01
6.376221845634648666e-01
1.307592883983902166e+00
-1.867939340981606411e-01
-5.327361631572169465e-01
2.099285436315216913e+00
-1.219209115563868906e+00
-4.344509695421615580e-01
4.656092301004450817e-01
1.056819640547156824e+00
8.830209254203340574e-01
1.190083591317577572e+00
-1.201478691104003182e+00
-5.044058471712846714e-01
1.319564272078885270e-01
-3.809265634787503130e-01
4.381794033882174810e-01
-1.801637823005561412e+00
-8.722761125391356174e-01
1.054844130848464623e+00
1.470164526089468904e+00
2.845749690934671339e-01
-9.580632287856798435e-01
-5.722567252272618976e-01
-3.907132843360250907e-01
7.971339343341901085e-01
2.694001586352559041e-01
1.036484421038051051e+00
1.006893782972001494e+00
2.086866863941254091e-01
-5.776932769369593768e-01
-1.181056526349868185e-01
-5.638236759150389021e-01
1.639572429719102775e-01
6.357872744670388654e-01
-3.530461651486169750e-01
-8.819886940605176084e-02
1.222680820333715168e+00
2.637527315566901009e-01
1.344611752829242279e+00
-1.292378778793698224e+00
1.413173585018541178e+00
-9.372594012682546882e-01
-4.897680080531120750e-02
1.382317120766999530e+00
1.112490506695920978e+00
-1.366003082330221163e+00
1.736802844844819171e-01
4.069167406159386324e-01
1.575774371024043496e+00
4.245363677747563402e-01
1.128303720989007219e+00
8.573357073038376797e-01
-5.947102866874893756e-01
2.556244259357697834e-01
1.152664435903289819e+00
1.625771624252565939e+00
1.878202186756926517e-01
-1.018757462005106085e+00
-8.938200342620225558e-02
-4.623555803834378808e-01
-2.637201626257050346e+00
-5.058993278240834224e-01
1.853128030701994833e+00
-1.794700854112498245e+00
5.830063677464856209e-01
4.410552318256242277e-01
-2.788149912069743941e+00
-1.030956748664708655e+00
3.207691457212921149e-01
7.669737948127389737e-01
4.814712371532388069e-01
9.635949883746121047e-01
-7.867743986450189686e-01
-3.229835548104391107e-01
9.786510847240068034e-02
-5.909396695008286571e-01
-2.002107636157372639e+00
-1.601013399168176310e-01
-1.900210408970969822e-01
8.582715283876077295e-02
1.166508140329806764e+00
1.675972321803541054e-01
-1.209241640925534877e+00
-8.603605730649421801e-02
9.896708775534170943e-01
1.344105160808462679e-02
-7.737804790978689562e-01
-9.582159322403815960e-01
1.159538072240430484e+00
9.315980677985887803e-01
1.483362336448093233e+00
-6.068871018042341081e-01
-1.342913197144361304e+00
1.978678117073280118e+00
1.737595678873811389e+00
-1.064301455959351994e+00
1.319583636414098482e+00
-2.220175258056937384e+00
-1.791737097263927936e+00
8.646622997121653498e-01
2.637403499762714709e+00
1.463278197568781858e+00
-1.970792583333061398e-01
-1.452934330656368012e+00
-3.211090493552269942e-01
-1.574569832436608363e-01
-4.173687547491549132e-01
1.377522725164845863e+00
1.236228751406794751e-01
-6.337883673473216906e-01
-1.042671691284802638e+00
-1.497241235639322765e+00
3.754697138502022247e-02
-2.433531378254297550e+00
1.789579041047426600e+00
9.496773714932078558e-01
1.137873537961899384e+00
