2.902235759615969801e-01
6.189069279821179936e-02
4.054228667843579603e-01
5.256004544084117436e-01
-2.240478309943154389e-01
-4.172076782698520558e-01
1.286091078609390426e-01
-2.054274827631522027e-02
2.605832246847114911e-02
-3.297959399390576474e-02
-1.198826162890960084e-01
3.700969747000237842e-01
-6.971834885414123217e-01
-8.422711852413178324e-02
1.357257870103211750e-01
1.363163828900468832e-01
-2.621555358504295552e-01
-4.862380988462854381e-01
3.065901371819791943e-01
5.445247085303710488e-01
1.592804967736356769e-01
-3.604015604589783095e-01
4.485841768654614814e-01
-7.799551768621448659e-03
4.046598480627121575e-01
3.940957801874428457e-02
3.323502842600090101e-01
-3.178778070588099136e-01
-9.809207512012116381e-02
1.354479855575894676e-01
4.953950202887842380e-01
-7.144623885778342287e-02
-8.495770494581772470e-02
1.959144809632251683e-02
4.584565172130746769e-01
-3.856946627961179153e-01
-7.270776197329242851e-02
3.605553683080756633e-01
-9.448048599287536820e-02
-1.477105332267752702e-01
-4.315439230947999416e-01
1.960111885584056579e-01
-2.840279150879493342e-01
-1.258469927536938482e-01
4.901431571616278182e-01
5.118514980080049459e-02
1.216535690685090071e-01
-6.296637823443824999e-02
-1.251762717904563449e-01
2.505001328138589667e-01
5.389244970500109977e-01
-5.411122325748152218e-01
-6.479867993344640316e-03
2.765935517150684975e-01
-7.694452401808893338e-02
-3.713357030201583364e-02
-1.066820101847042318e-01
-2.623229069938012858e-01
-3.984122952385974470e-01
-3.644048317192631614e-02
1.542522014218514481e-01
-9.266164432568994858e-02
-2.782755959289465175e-01
1.256164437635687303e-01
-2.220853941279423149e-01
4.109269837911145862e-01
-4.954025848785475472e-01
-2.451799446146201988e-01
6.838686835045795220e-01
2.848351603111100028e-01
5.142050473280728590e-02
3.402066118949700346e-01
1.896025381951816913e-01
4.542802787208028992e-01
-3.793931510276685876e-02
3.609819347074521567e-01
1.562452968991684954e-01
-1.591315471273865856e-02
1.340601971619899691e-01
-6.802628375130932437e-01
-4.298214968646468792e-01
1.206905703248222217e-01
8.965848738201362411e-02
-2.056133237376704948e-01
3.043851968537633623e-01
-7.806133462957590141e-02
1.308097528787693364e-01
-3.434201509618592940e-01
-6.157132179405067074e-01
-2.948899694790059200e-01
-1.047925883035679268e-01
-3.826697795439173988e-02
1.968844544533799312e-01
-5.087718958924989376e-01
-4.477696874759039269e-02
1.383156440327995562e-01
8.496190488136145039e-03
-7.906933435707215463e-02
-9.233968598716002507e-02
3.424146221016463598e-01
5.569619145610359423e-01
4.221594014925057481e-01
-2.642024699550166514e-02
-2.370368735743768121e-02
2.869978290280543742e-01
-3.460084007571333498e-01
2.533712036120052691e-01
-2.279828374976794469e-01
2.907957062367888534e-01
5.815734251514401709e-01
-1.558722939638723659e-01
3.928265991010266855e-01
3.152089835381817196e-01
-2.293385453365458237e-02
-1.219044532225355970e-01
3.669339218977557548e-01
-1.790077627369851265e-01
1.710967237355953685e-02
-8.580674033952809254e-02
2.115281306799968175e-02
1.604254739298257015e-01
-3.390445635833125304e-01
-1.802774949314069758e-02
1.033819205616168801e-01
1.782123396617765199e-01
3.200709449043554478e-01
4.518543979133592126e-02
1.940796174714684019e-01
9.419036403490592055e-03
-1.508799335640152450e-01
-4.574598773512808525e-01
-1.359267842568114837e-01
3.383245053444141476e-02
-9.357650190174120197e-02
-2.658527295035872928e-01
4.368531271989593567e-01
-9.187817943454513331e-03
7.710769384518294245e-02
3.001620967333143986e-01
1.002618902945487667e-01
1.038798949771644331e-01
1.807580596875394408e-01
2.094113310757222957e-01
-1.234977626319994082e-01
3.614807980962778111e-01
1.356433981000678135e-01
4.989624476641989215e-02
-1.754641335984120643e-01
-4.476129676840557847e-01
-1.788744805177191199e-01
-5.432570666181226610e-02
-7.123015875354231363e-02
2.186115418388849541e-02
3.697468824064897297e-01
1.342143662828627626e-01
7.483045517409320224e-02
6.489687516799282907e-01
1.742594232950293587e-01
5.549296910763545920e-02
1.071469003585169277e-01
1.622423750443914292e-01
-1.759402718614163641e-01
-1.833893811284818542e-01
4.649911458826478383e-01
5.724833598927505651e-01
3.469326492917804150e-01
-2.428530520164079720e-01
2.864341563161121318e-01
-6.761724734993593278e-02
-3.899285398038661032e-01
-3.154760497801530339e-01
5.442538062731500093e-02
-3.144737263483313172e-01
2.802603206176548789e-01
4.459111214899511011e-01
4.528531558089608777e-02
-1.009139341892315023e-01
1.484005607514170544e-01
2.301875762577283990e-01
9.268942981492436783e-02
-2.874436821310331208e-02
2.931427386794086543e-01
-3.462992312711871135e-01
-2.758212157697311762e-01
-1.659700591089478539e-01
-4.920553903657275407e-01
6.630542979225343414e-01
1.916141727817131934e-01
-3.248616347941666316e-01
-1.978497483404635382e-01
1.522279707532434197e-02
5.203885183870002318e-02
1.525392271529826815e-01
-1.493500888511962721e-01
2.718452742590004440e-02
-2.989197090445740862e-02
-5.789581489761268518e-01
-5.758629500385925581e-02
-1.055905366683194124e-01
-4.242250696109367558e-02
-1.752910199597993435e-01
-5.175659339750771082e-01
3.975265787865660538e-01
1.724422847356508193e-01
-1.649551942651447112e-01
-8.488480300494358199e-02
1.822973461630194580e-01
-3.441117629821587309e-01
-4.355621132202568413e-01
1.616536741623777751e-01
-3.716005506669168845e-01
6.268529959058894915e-03
1.546439076770154686e-01
6.326961896196828805e-01
-1.340775733259671754e-01
-4.676247263431778656e-01
-1.601480347151305050e-01
-5.552739414033134313e-01
3.525160531608579895e-01
-1.720893674114407079e-01
-2.139637700992582658e-01
-1.159163068998322332e-01
2.242545625307587887e-01
1.047128012069527131e-01
1.664621744912688772e-01
-3.219922859142060334e-02
-2.547150764076315799e-01
3.210582238936910970e-01
-1.149381677611265862e-01
3.834748774978508079e-01
6.318567920026585405e-02
-7.839251978138694898e-02
-1.419640917701460170e-01
-7.248463191109724701e-02
8.886390902338773233e-04
-3.314453463096433961e-01
-8.832975588905291053e-02
1.341699142812606826e-01
9.084409625567028967e-02
1.174233577775862236e-01
7.748749070790504623e-02
7.326079959481265891e-02
-9.721392048908859829e-02
-1.721779137427140519e-03
-1.368018258373091545e-01
2.077109260247921307e-01
-2.401839571844847643e-01
5.442225160176715482e-02
3.689961911231524061e-01
4.927204178125975109e-01
-2.246067338367410404e-01
-2.667787157628871419e-01
-3.482780670896035158e-01
-5.179049485141101750e-01
1.727704694244797806e-02
1.407015470320373551e-01
-6.454886643887026709e-01
4.292065164973839497e-01
-3.303520907677441609e-02
-2.633827546073290449e-02
-3.331380739872562002e-01
-3.836617267435687983e-01
-2.242246915092613035e-01
2.325807253666999086e-01
1.509858140742754706e-01
