-1.635947280615793545e-02
4.364864847287847072e-02
2.423416291310035997e-01
1.573415253441962092e-01
-3.070400771211795887e-01
-7.292155979623374251e-02
-2.922880566966736260e-01
2.850250123678460534e-01
-4.618297997736710570e-01
5.575694842425252262e-02
3.029003364505705176e-01
4.261961540777708390e-01
-5.876864512915767058e-01
-4.588132478179517831e-02
-2.537290739157082586e-01
3.241089224638370181e-02
-3.572121870225533624e-01
-2.285774018828975462e-01
-1.774813349933813678e-01
3.536697500562489549e-01
1.188626691968675125e-01
4.007523129632845071e-01
-3.334175630490053277e-01
2.619235988833769624e-01
3.196873825431538751e-01
-8.725402532139336920e-02
-2.254611103921277948e-03
7.667891651842738687e-01
2.081514691779710602e-01
-9.353770199988782619e-02
-3.747178406176076559e-01
-3.725215203347990167e-01
5.745998263392335104e-02
1.381929771185639588e-01
2.319882410381424176e-01
1.106221375683476005e-01
2.950007094439180411e-01
-3.377580323277651342e-01
5.565882359543680713e-02
4.735662270046842592e-01
2.899453618500237306e-01
-3.946295565026627927e-01
-1.195800801570290617e-01
3.137944648939802184e-01
-1.054159972091834180e-01
-4.482880640213867673e-01
-9.399271984151669201e-02
4.668675821903934819e-01
1.147798234631980385e-01
-5.590175793636775747e-01
5.218987806761222342e-02
-3.111141602796469591e-02
2.364209645283061878e-01
-4.332530862386995141e-01
-4.847040746818422341e-01
1.653938617069365957e-01
-2.262430486983949274e-01
6.646245232195130415e-02
1.249002357872206204e-01
-1.574955892438096861e-01
-1.684898968738959835e-02
-2.478065903946803095e-01
-4.665980568264180839e-01
-7.061345700687186866e-02
1.537188932098369210e-01
2.249556593607472676e-02
-4.317163843217974861e-02
-3.979794463105502667e-01
-5.068033591861964560e-01
3.464465087099968255e-01
3.037927555700233873e-01
1.224126594318784844e-01
-1.793789302802163421e-01
-4.094625445786205242e-01
1.724297671070968985e-01
3.281256559119091754e-01
3.333814600146634000e-02
-1.503609499437393027e-01
9.197930867611443795e-02
2.966593693712515911e-02
2.168033622917696079e-01
1.189684861962070628e-01
4.727075014710723222e-01
3.458893913067394299e-02
-3.773732759518392266e-01
-7.515490815231737343e-02
-3.111486811225243621e-01
-1.246131222578665820e-01
6.371760291188235392e-01
-6.338326691369341459e-01
1.000541582494189757e-01
1.653126012499479824e-01
6.908893636776015645e-01
-4.377177568492293114e-01
1.762485254328789996e-01
-3.626294695126654200e-02
4.884490947526494431e-02
-3.988743130033053363e-01
-1.569936366858560306e-01
1.052273886013593285e-01
-1.655972125357350055e-01
1.865081464655366228e-01
-1.799289995464857517e-02
-7.841096120020166205e-04
-4.484797721300443768e-02
-4.687868865671923624e-01
2.050209961447750362e-01
-2.058415652328274281e-02
5.050749522830733085e-01
-1.527845141939438434e-01
-2.738473291142256016e-01
-5.384099554196648818e-02
3.335365039612020466e-02
-4.525129686415557129e-01
5.278878238806143930e-01
6.494209873123386600e-01
-2.276161070368860340e-01
3.786511007860910993e-01
6.994121380578963154e-02
2.548661794599036412e-01
8.775213080752181094e-02
-9.039755227066890997e-02
2.317244912338827234e-01
1.115378465834883370e-01
4.854400080274208218e-01
-1.426087471144338870e-01
5.738376523306554233e-01
-1.633571409222685511e-01
4.957176260256631051e-01
-1.170344974878175653e-01
-4.182351502510037733e-01
-1.986485312037510886e-01
-2.297992553012959682e-01
5.691298728683742425e-01
-4.870809833673579448e-01
6.235730909226075980e-01
-2.833994696098273147e-01
-9.365535515758641183e-02
-4.906365604293991961e-02
-2.351333113075951831e-01
3.190441253320137616e-01
-1.162084913985468732e-01
-5.060114161722857606e-02
-1.115395773299936999e-01
-3.137525609534151938e-01
-7.453477762553339069e-03
2.551986251852331189e-01
4.512819034396789997e-01
2.595225863211517159e-01
-6.922548171642062265e-02
4.498108588528001994e-02
-3.384907461769552928e-01
-5.952234313547563604e-02
-3.550820217703146153e-02
7.439810264009152907e-02
3.188373385881999034e-01
-1.047476844833998277e-01
-5.070893615485951855e-01
-1.232706345421936966e-01
-3.348770849970536534e-02
1.125300427349153060e-01
-4.612288793014582278e-02
-4.625100349132332811e-02
-2.054616309550175712e-01
-2.530788589481626216e-01
-5.690192830485742148e-02
2.957866674330671408e-01
-2.192415162602731615e-01
2.646048494903986692e-02
4.389494967576393902e-01
2.480807444628823633e-01
2.697079321550564512e-01
1.279581677250243854e-01
2.662095341540196003e-01
-1.302028078151896973e-01
-6.418439593224542494e-02
4.085628996050382211e-01
-4.689580939489433886e-01
2.896576707950282992e-01
1.538748103001716383e-01
-1.144870267009926723e-01
-8.556220416807547302e-02
-3.969184564722157971e-01
-1.851090086424042325e-01
-4.597003680421158922e-01
2.268609940141088632e-01
-3.850062327249625937e-02
-3.852490718290335625e-01
-2.121009814527367865e-01
-1.850385558639986439e-01
2.041517720546489612e-01
1.194315969577877112e-01
2.783556923677567019e-01
-4.263843885453752480e-02
7.574837645901354166e-03
-9.695681837385554391e-02
-4.484736948039569349e-01
-2.020646578806321036e-01
-2.637554107623418798e-01
-7.271451630103412112e-02
-2.464579569646716262e-01
5.751009899569300282e-02
-5.192265684343898569e-01
7.751434005717609821e-02
-7.825150352311349700e-04
-4.572585729223741513e-01
1.406120072027650381e-01
2.935580416808288851e-01
-2.339778650147111838e-01
-8.018859572232597821e-03
-3.825958442662257264e-01
-1.109009178354630198e-01
1.817464558191941582e-01
-3.005375336464763403e-02
-6.496500387157627676e-02
-2.471702780524527299e-01
-4.161564226115473386e-01
-8.001997491163816145e-02
3.381760611451681969e-02
-3.711836991112826833e-01
-4.605400484839218267e-01
2.235260025180110244e-01
3.667919305503819678e-03
4.274153510862893635e-01
-2.507857443860524449e-01
1.955319383050967974e-01
1.089099833860511790e-01
-7.991455260693020035e-01
5.373127014850934691e-01
5.387493277807550718e-02
-1.504623761610882349e-01
8.191260803595017126e-02
-5.028343813278017826e-01
2.478451873510853498e-01
-1.673910541969472754e-01
-1.686876443167999451e-01
-5.003505799876990512e-01
4.477965010388187395e-01
-2.454734235104939488e-01
7.999018254228726366e-02
3.170655984925140336e-01
1.196856837042448302e-01
6.385363208024553705e-01
3.882495510433938701e-01
-6.994368119229855685e-01
4.477178134770638807e-02
1.551604341550429922e-01
-2.197036442531425104e-01
2.421487455225222463e-01
-1.405354579533584780e-01
-8.616425775476113658e-02
-4.424172625529375069e-01
3.468460978891036994e-01
3.728177027154454537e-01
-1.436510106474122028e-01
-1.236467361351143018e-01
6.094035045853857246e-02
-2.491556521450123962e-01
-2.523472857743885300e-01
2.139696719188620144e-01
-3.049287606424805896e-01
4.616245626262492352e-01
8.444663910134203588e-02
-6.213925065651436652e-01
5.708926774095692824e-01
