-6.020164972339423493e-01
1.383573884383811903e-01
-7.965483745587144393e-02
2.305428508224304229e-01
2.258278063794245255e-02
-5.809611820684028316e-02
-4.285474785177189605e-01
-1.822424456775399992e-01
-6.219312584529147758e-02
1.525784457672147709e-01
3.718432250399235639e-01
-2.924129830993651424e-01
-1.484493795529537863e-01
-1.585956799746854606e-01
1.951661802491741760e-01
-4.467226718962122312e-01
1.887261817466809877e-01
2.301206269609880062e-01
2.775559418336166484e-01
6.020402023788376522e-02
3.003101626828782317e-02
2.521334744274080775e-01
-1.942144118766594291e-02
1.885664752636316832e-01
1.988090659853394282e-01
-3.637944831051173056e-01
-3.051483176546133415e-03
-7.286510047023359027e-02
-1.096784491012938179e-01
-2.519733878009424721e-01
4.587600506210156581e-01
-1.088688250639795463e-01
3.495999247179477909e-02
-3.062262948973375476e-01
3.128462082426097246e-01
2.151541312351057111e-01
-1.491486996564035106e-01
3.081646985973398589e-01
-2.924770703061385299e-03
-4.251656758022807209e-03
-1.756534374244989594e-01
1.950101778437301203e-01
-2.124625068914438031e-01
-2.242972711709519812e-02
2.235420966196392523e-01
3.284826819417404620e-01
-3.593853484014340460e-01
-7.079490277941513643e-02
-5.019322090296969296e-01
2.213762513796478926e-01
3.359255296039231897e-01
-1.299518369679590613e-02
5.670876136291784497e-02
-2.269438579820840796e-01
-7.186206730998484504e-03
7.014789343337676786e-02
1.727633270772401808e-01
-1.892437743710138620e-01
5.240898254439781134e-02
-3.130014116106025895e-02
-8.076452956264856820e-02
-3.985433099129486179e-01
-1.679267767648883747e-01
-9.056783011704541697e-02
-8.365901696156133414e-04
-5.023197009370323762e-01
6.191192445472896988e-02
-2.294637930643372570e-01
-1.114129500712720232e-02
1.243695957522175134e-02
3.210961155975152609e-02
-2.306453942786322597e-01
-2.563206242312868754e-01
-1.225669912263112615e-01
-5.043590382001593431e-02
7.615023904735382376e-02
-2.589936949344021078e-02
-3.559688383372883180e-02
1.579578692673054841e-01
-5.785340570634252971e-02
-2.879495928380749747e-01
-1.072942774404418986e-01
-1.282157866213996522e-01
4.232126215377799427e-01
6.731371059932845027e-03
8.506348731147123088e-02
2.760670895755521492e-01
2.356146726173670714e-01
3.046531141102364337e-01
-4.870348261981659599e-01
3.816917665481943112e-01
2.604172277269747315e-01
-1.191307709657745129e-01
-2.117632190759511368e-01
1.483340325598716536e-01
3.207741300261521267e-01
3.408096927683511579e-01
-6.674661918172294928e-02
9.958488454741429990e-03
-6.530979136903716786e-02
-8.296928211371025486e-02
1.802302817579078953e-01
3.089573194987181304e-01
-2.655129328241939701e-01
2.871175628741494679e-01
3.922522111861975747e-01
-1.550008768391743508e-01
-6.208100243127656626e-02
-1.120498606096562016e-01
2.401201082824662436e-01
-4.689858502627911596e-01
1.646113240253910953e-02
-9.124950341097719242e-02
2.483142674382087661e-02
1.914758533799686413e-01
-1.009686910229757976e-03
6.919707829783397490e-02
-1.398637232910402151e-01
-9.857352331459845463e-02
-3.048888319203140740e-01
6.722046206343927632e-02
8.878799299941858569e-02
4.207107746675768922e-01
3.388282256242338142e-01
2.621945737298336798e-01
3.324774025459140137e-01
-2.623721147238822216e-01
-3.636411613326868270e-02
-1.909005776431759588e-02
1.475045362825592732e-01
-1.012635145137277815e-01
-3.533041827127738066e-01
-2.264558410194960625e-01
2.773008898437512304e-01
-2.611365490307032688e-01
2.614964297597429099e-01
-7.901675587578685378e-02
-5.766392282745718134e-01
1.213660686732281890e-01
4.153780709915435611e-03
1.646778551505504173e-01
-3.873789575361675785e-01
1.268461816073864767e-01
-1.024121232617945243e-01
3.378154790158987009e-01
-2.711824156766510230e-01
1.462410148266618803e-01
7.876046800087284361e-02
1.211015146750561017e-01
2.011330998612438914e-01
3.809631122489671173e-01
2.184854504751535254e-01
4.259908574972916251e-02
-2.482309652416260781e-01
-1.945110783711225810e-01
-4.751568461330943349e-02
-3.141280262220876862e-01
4.506474025279975926e-02
-3.739878211591778356e-01
-1.517914504881827942e-01
-1.097147604041768532e-01
-1.425168156608879189e-01
-4.079731679345295348e-01
-1.032013477553068992e-02
-2.298636411876772701e-01
1.461350327696919749e-01
2.510661746238475600e-01
2.812909406539639834e-01
2.680279859051242775e-01
-3.039768527704563295e-01
3.544632008418703295e-01
3.228421716588204121e-02
8.746697552333543291e-02
1.426675046796637703e-01
-1.823878131497697064e-01
-1.400226106307236873e-02
-2.972538972966615178e-02
-1.464909380559894503e-01
3.006484332112067115e-01
-3.931917156591873685e-01
2.260663943743587145e-01
-1.039182993837421687e-01
1.541358315889506114e-01
4.950030116843001649e-01
6.260748137067287389e-02
-8.329380279898292161e-02
-1.805592412193503943e-02
5.366198331201856853e-01
-2.628892568040090971e-01
-2.981639543893244843e-02
-5.013295452082397463e-02
-3.320870309343589843e-01
-3.504010506828993954e-01
-1.603354960010417440e-01
-2.351583071604084751e-01
-2.652613435824036081e-01
-2.566437584522191506e-01
2.764792540814996896e-02
-3.442371857610762587e-02
-3.772983496894612987e-01
2.686902378396383018e-01
6.410045602051357427e-01
1.803627262256406460e-01
-5.846809814725137389e-02
-1.721271279621689604e-02
-9.419380481723230170e-02
8.479524249489864968e-03
8.364886978566675457e-02
-5.995282254127128063e-02
2.013384335149569770e-01
-4.168886419214291594e-01
-6.686732817641151405e-02
1.420646276997545310e-01
3.685823141130951663e-01
-2.101477379788479483e-01
-1.998128320918201584e-01
-2.884569406467304420e-01
1.724824178998582702e-01
8.242163795250193048e-02
2.144842439973760895e-01
6.518924091649327957e-02
-3.899634109761282441e-02
2.033796590545410843e-01
6.220612504285255584e-01
2.596972334548800498e-01
-2.351244619320631002e-01
3.218444827210648063e-01
-1.529242413419150126e-01
-1.977121853846930954e-01
-6.916601346375951254e-01
2.814227004770626650e-02
-7.028564265408641931e-02
2.061976338736303260e-01
-1.052084210846725501e-03
2.163104042114205594e-01
4.798253757618007320e-01
-3.974540089545807175e-01
2.828503316662524525e-01
-4.670872237160811347e-02
-2.314318000458608082e-01
-1.768675360421520515e-01
3.966522904649598669e-01
1.905887562063109109e-01
4.537880481091683960e-01
2.737700618181988510e-01
-1.662238974562592064e-01
1.693165743642862098e-01
-1.456908432538322334e-02
9.978520504067958652e-03
8.031084192369111752e-02
1.961976253492554723e-02
-2.007281406151099623e-01
-2.804552844503338527e-01
2.086584745847780420e-02
5.421318347146444894e-02
-4.530802672565541200e-02
-1.517874184050724828e-01
4.421890339347230026e-02
2.059456257697384052e-01
4.867043185949138095e-02
4.498974427478367177e-01
-2.079670543515125813e-01
2.325820441376135750e-01
4.010780984404743732e-03
2.745833767910183520e-01
