1.052910314251793156e-01
8.880556916290266445e-02
4.166406807347853292e-01
5.903979279660001023e-01
2.091174223717351399e-03
-1.260774162324149184e-01
1.055782823221740885e-01
-4.022760450589834558e-01
-2.851647692493273767e-01
3.654675966921200336e-02
2.765175872913766542e-01
2.328779943148112652e-02
1.406579321864835919e-01
2.328324326768343999e-01
2.392736597835430912e-01
-1.693175662404604598e-01
1.304407253788375520e-01
-2.121657944701506038e-01
3.306807858464400063e-02
4.284787738240691812e-02
-1.962774725367383288e-02
3.481077244183340968e-01
3.875092340139626446e-01
2.651361100523881853e-01
-3.517608162545438066e-02
-3.028067467765329646e-01
4.038072753948779292e-02
-2.367610107988599166e-01
-3.263604083548587997e-03
-3.885021023109462290e-01
2.318446129189520866e-01
1.411142420970695754e-02
-3.284115818272259624e-04
-1.187729091613986543e-01
-2.708469747086031942e-01
7.030743101457337385e-02
-4.832547762375200007e-02
-8.972223237544163510e-02
-1.130717116314593484e-01
-3.568705832772489650e-02
1.999397810499822792e-01
5.358920469680888976e-01
1.257447437234399668e-01
-8.685747297847040693e-02
4.901540636269517970e-01
6.606939578391001211e-01
-3.688459827238827482e-01
-3.613930349699030486e-01
-1.513800887667199335e-02
-3.669973593158849523e-01
3.173714748470511937e-01
-5.539852997155521042e-01
5.622927693556484252e-02
5.731875754760545894e-02
9.441387377229115696e-02
2.996874993111350305e-01
2.086938681049658184e-01
1.899449540386858315e-01
-1.749993537673785182e-01
-1.785786843901854271e-02
1.217343509505020016e-02
-2.187982889420019839e-01
-3.473815848652972438e-02
3.659117279127901967e-01
1.527017872021069200e-02
-1.242575411371862892e-01
-1.810953008657498198e-01
-1.563317957135207936e-01
1.006839076872992345e-01
4.446200203475175194e-01
-2.677922256391694344e-01
-1.627375944024197496e-01
4.052413211749681388e-01
-5.148311225753149367e-01
8.394354544823612319e-02
3.185155224981459643e-01
-6.585371984216609187e-02
-4.459831404524751131e-01
-5.250940547244817846e-01
-5.884058537081238160e-03
-1.420504627750485138e-02
-3.905902486580808963e-02
-1.563837111980670436e-02
-7.978577081024279538e-02
2.658628493976861185e-01
4.368345333218816573e-01
1.527105273066725610e-01
6.435486807555268474e-02
-1.000336864585381624e-01
1.134189907696189770e-01
-3.180138468913527028e-01
3.970597497463920211e-01
-4.189947669212990000e-01
-2.790595848023604830e-01
-1.385062458883213332e-01
2.663478725256454571e-01
-1.000302408875052285e-01
-4.972049750316509531e-02
2.024196519264750416e-01
8.771308017622780895e-02
-1.613636718064466180e-01
4.923908456458465088e-01
-3.490260534630557077e-01
4.063828465384183852e-01
-6.347038347381556145e-02
-2.482373723947610134e-01
-1.563163068494744512e-01
-5.051233699597518223e-02
-1.301541274110371016e-01
-3.467971714902246538e-01
-7.517376595948188633e-02
-3.179313129652693859e-01
-3.354015692990366948e-01
-2.013638238569847028e-01
2.262509514600940519e-01
-2.296627053329854951e-01
-6.453792259670143583e-02
-3.109360777837923973e-01
-1.793245777165002885e-01
-1.767186545326776548e-01
3.768074867126556815e-01
2.640379969521616799e-01
4.137710385585385287e-01
-5.335685656566109270e-01
-3.004202059993253404e-01
6.582081720088622800e-02
-9.531248434308231543e-02
5.961829660807840270e-01
8.352346321908232785e-03
1.727456680293144031e-01
4.287313410139564906e-02
1.663662305730707613e-01
4.661737462884046890e-02
-2.732405680845058082e-01
3.973409617620185519e-01
-3.700661287207739902e-01
3.485104004352623797e-02
-2.330740104271775137e-01
3.570478477088833147e-01
2.154372673854237918e-01
3.256080733331898069e-01
-5.394765994544454824e-01
-5.504948153764011032e-02
3.996005541135156935e-01
6.763004898560335265e-01
1.314144376669334480e-01
-5.414054047459389007e-01
-2.337177136914514453e-01
2.391754321487105095e-02
-3.374179547210234831e-01
2.458798567990377881e-02
1.489557806924218242e-01
2.038658539203181963e-01
-1.248355889310359679e-01
2.567292329284642793e-01
6.283990635287934889e-01
-3.344814663796847332e-01
1.625366146754477215e-01
6.963704356888640312e-01
-4.340174925842393838e-02
-6.148350447927053430e-03
2.188681720682441600e-01
-1.622485693686427366e-01
-1.179834891512011597e-01
6.832189394510029823e-02
4.218025436519037275e-01
2.977641990341050593e-01
2.595691073501978363e-01
4.740220017000553732e-01
1.369914657188220919e-01
2.859076816980604674e-02
-1.442356267759571931e-01
3.432202396784589937e-01
1.087450554755846066e-01
-6.443574925105327589e-01
-1.452263963020780646e-01
-3.088784036828848278e-01
-4.336031674416643278e-01
7.628737119386496124e-01
3.091261926401257520e-01
-1.774058100628235213e-01
1.470309352121468849e-01
-2.951301184458466342e-01
-2.558266805232815022e-01
-1.808229246382817013e-01
4.599862829609245862e-01
1.784110953773066499e-01
-3.436224299860896614e-01
3.226853469817236864e-02
-6.920137633029571633e-02
7.355411529386901570e-03
-3.958927409629408034e-01
3.194889294656194645e-02
4.301793861271930863e-01
-1.389285286595805524e-01
-1.979456836307165180e-01
3.377135030883504641e-02
9.053475437968377948e-02
1.207743227710118550e-01
-2.854805237833915599e-01
-4.108052406444323013e-01
8.199417878527892611e-02
-4.905976300483619323e-01
2.477838725383929575e-01
2.253630245759771777e-01
5.671824376342307072e-01
-2.921369839947213221e-01
1.780084058486278153e-01
-1.385184096900082817e-01
-6.738316197866667245e-02
-9.950419109255131955e-02
-2.477579785934071466e-01
-6.768916951604342369e-01
8.437226731439211314e-01
-1.064801987117253712e-01
-1.925689645332695488e-01
-7.452416297385727750e-02
2.495738155368482092e-02
6.782007684816775406e-01
1.204819929844785364e-01
-2.167306870923926820e-01
-9.009468385729696438e-02
-3.903235855463814685e-01
-7.352808609475403046e-03
1.785469652729996248e-01
-1.726261030350092485e-01
-6.954316975654628585e-03
-3.565125874462603539e-01
2.181164654184152285e-01
5.183486374720647216e-02
-4.315082546031502320e-01
-8.742962395050629665e-02
1.426677038996362334e-01
-4.317517544286092468e-02
4.234133464761057342e-01
2.573968869716813934e-02
-4.592087469736527705e-01
-4.967321179670464160e-02
4.396730358468339817e-01
2.983818754465096812e-01
-3.613031436145364705e-01
5.820646064654935170e-01
3.787573480138139992e-03
-2.094882904617633712e-01
8.699974612507876959e-03
1.844267356120655732e-01
-2.166649971111663242e-01
4.842818082176477135e-01
-1.777343021038333970e-01
2.175193112364357528e-01
-3.134997475792211663e-02
-8.332423478278505602e-02
4.968049692912532844e-01
-2.211329554672424313e-01
-1.333906598206318073e-01
1.933696585803540979e-01
2.608024486016262133e-01
9.594192170561816058e-02
2.826896604327514551e-01
3.929688490821834357e-01
-4.642681331804571765e-01
3.783415235888684669e-01
-8.074852039490321154e-02
-2.804313448927142627e-02
4.343119454100724530e-02
