-2.099338799590968474e-01
-4.042891237661265791e-01
3.664330124697992019e-01
5.217861688901799244e-01
-5.825318705618655057e-01
-6.181155608299250259e-01
-1.143828709525325227e-01
-1.178393674358788612e-01
-2.342595894167589232e-01
-2.438077070484229170e-01
-1.884143591784681604e-02
-5.060455429376057301e-01
-1.771576115553091801e-01
-2.178450404203754465e-01
-5.000339801495463643e-01
1.953174721391597313e-01
-7.860109716900198773e-02
3.270337149287909639e-01
6.037579426415753403e-01
-4.504258811682174679e-01
4.230065072385862379e-01
-7.725913792316665418e-01
-3.604996811200894546e-01
2.467697833925033835e-01
3.858517022643914718e-02
4.910814924787528790e-01
3.530294847045403195e-01
-5.077683610536285475e-01
4.653206604480157882e-01
-5.778634665853510377e-02
-6.007705689891429390e-01
3.414452998806486450e-01
1.127657920438627226e-01
-8.493025351088135944e-01
-3.268587845559010052e-01
6.817299659144095969e-01
-2.084447880110762430e-02
7.460277458066563172e-01
1.384679862909644621e-01
-2.057358697939791758e-01
-2.743314493529682707e-01
6.089505172665967692e-01
-1.510014209426731036e-01
1.829367962005771231e-01
1.928313536647601190e-01
-1.483826298470055094e-01
1.793865433505570373e-02
2.265267173356606545e-01
-2.989922844399077739e-01
5.385762631365276221e-02
1.736748645793475543e-01
-6.625746126104177236e-01
3.566355999088467454e-01
-5.478852810510528304e-01
-3.289062158299720373e-01
-7.408481587370963073e-01
3.322181066298390828e-01
-1.011481614887937974e-01
-2.225758890785444200e-01
-5.425030499210312662e-01
-5.293080985623266344e-01
-2.127127971652293947e-01
-1.874809140016792108e-01
2.324897986864852273e-01
-6.255544028142627777e-01
4.461432603871362534e-02
-7.078675890726110476e-01
-2.984540219154485641e-02
-1.714651295645788220e-01
2.722887382316059868e-01
1.831676277310958501e-01
-3.871849137057013501e-01
-2.213927143409036985e-02
7.277486162391199054e-01
-3.831803480084883251e-02
-1.005530126674702984e-02
-8.423294987526258604e-01
5.169529648374471265e-03
-4.448406695861376048e-02
-9.891518989891268099e-02
-9.333701369838176554e-02
5.756248463260132953e-01
-4.397211668593883349e-01
-2.713119562500463378e-01
5.074947998290904039e-01
-1.583798631406968527e-01
1.200108991263382219e-02
4.724542638052784405e-01
8.926687898745833127e-02
-2.692241411731164380e-01
-3.477815207646678397e-01
-7.223906624054166059e-02
4.348743843280312715e-01
-3.206505950682769779e-01
-3.404705371586043139e-01
-9.878013865788326520e-02
-1.855586227866004023e-01
3.534639934387283633e-01
4.148088288581207039e-01
-1.224980842986294061e-01
-4.892215354123563009e-01
-2.241976304423503041e-01
-2.731046786193439546e-01
-6.219627383851821234e-01
5.881587294717982584e-02
1.815006030192209963e-01
5.704688487071475356e-01
-1.094697714546610801e-02
2.412722389946334589e-01
6.989543977257222096e-01
2.228925434266586514e-01
4.544273115980442812e-01
-3.814180469524696138e-01
3.827553370803368771e-02
8.341738537176772716e-01
-5.524823830858400786e-01
3.357544223264099514e-01
4.081739302007914016e-01
3.186421620557692291e-01
-4.614821955026559008e-01
2.259853052857581091e-01
5.743800650503316785e-02
-8.326933747267561969e-02
3.051848797563226912e-01
5.060107609127900696e-01
-6.096506914602672911e-02
-4.687500021660333527e-01
3.421349206801249654e-02
5.446092628456605800e-01
4.300058469564188579e-01
8.475296835766785719e-01
2.419255255026205309e-01
8.500539323842004613e-02
1.647103395228783629e-01
-7.487429717286936404e-01
-2.466791741234906077e-01
-3.142847080247321845e-01
-4.906676493064772160e-01
1.921202434514124313e-01
5.202681898962848717e-01
2.037130897586565403e-01
1.124092321925230786e-01
4.666832516996297642e-01
8.041346153624534532e-01
-1.083647400823386509e-01
2.575055855128056681e-01
-7.796466209254211410e-01
5.278882880786647247e-01
-2.770000005098475215e-01
-5.575152482374875484e-01
4.896454782515513582e-02
4.995530216146237823e-02
4.348184021520258291e-01
6.679419021077854790e-01
2.723085155765902488e-01
2.524653718476477238e-02
-5.967999734677710277e-01
-3.940844842870614428e-01
-6.332574798073425937e-01
4.021466495615300119e-01
2.881547526550355953e-01
-1.605025283876732878e-01
2.611204347776201473e-01
-8.430072027765391773e-01
9.091015374155151374e-01
6.490409735461721841e-01
-4.291669730097015245e-01
1.893577973543353610e-01
-1.477692105317591764e-01
1.851107138045592349e-01
1.522052874717527704e-01
-1.287958606005060735e-01
2.107605890871115939e-01
2.056644724763532217e-01
1.482573200994198315e-01
-4.055398443403400721e-01
-4.133395791827778609e-01
7.975758270076171996e-02
6.066574690202211073e-01
-5.917389226493241505e-02
3.470861563391350879e-01
-3.582728839785516151e-01
-6.965091909912254353e-01
6.633541667319580171e-01
2.648008815490671131e-01
-2.402036174073202135e-01
-8.027141177412834283e-01
-4.507784233851711009e-01
3.368818224967927433e-02
3.863201087257093214e-01
5.979898547384590035e-01
-8.325322852642923488e-01
2.971649437188971232e-01
-7.847969018978120381e-01
4.338487232775458668e-01
-4.812891531774937670e-01
-5.229641915527637464e-01
-1.110676795734306666e-01
-3.241734131892931581e-01
1.736409018919013170e-01
1.516194187501470614e-01
-2.934249508885787838e-01
3.369136435601270962e-01
4.274946070457070757e-01
3.715866180266522711e-01
-5.245553232850252989e-02
9.014744356198600705e-02
7.191355935861587501e-02
-8.591206974499754345e-01
-6.039851949678771703e-01
3.932494444585954430e-02
-1.536995279832279460e-01
8.287784104510640404e-01
3.794439920180455728e-01
-4.092411454890648725e-01
-5.670009148848718095e-01
1.216757994607774451e-01
6.067996706378320226e-01
3.705991614650233634e-01
-4.673089537516930125e-01
-3.949413683580191847e-01
-8.202719488700831452e-01
-8.694895939311951538e-02
-1.774088810471309285e-01
7.523986341977192405e-01
3.175434055631032315e-01
2.040142752783400404e-01
5.895534536895475908e-01
-5.403082426797363169e-01
5.521084412091626925e-01
5.257396105411160647e-01
5.378327360412277214e-01
4.958055875695530634e-01
1.102349366552386467e-01
-7.316886532404096588e-01
-4.657558425696916027e-01
-2.138702687168876349e-01
-2.560192522271753646e-02
-1.812318725810568854e-02
-3.401614844943079419e-01
-4.303951634045353192e-01
-1.693594557417648083e-01
5.758898149411706413e-02
-2.483044685495227125e-02
-3.029072157520398267e-01
6.192275614374354031e-02
-7.020808723993943179e-01
-2.179743623659365914e-01
2.645402264456130359e-01
2.904085102829623288e-02
8.068275723554763079e-02
-1.909342311916357726e-01
-1.756582874501044778e-02
4.237344665346857164e-01
3.917029586543234743e-01
4.251255269769586009e-01
-5.532042130767200749e-02
-1.544312101964071537e-01
-5.049572992636072177e-01
5.795201209243674434e-01
-3.024047690891469298e-01
-2.618743990916589937e-01
8.933084478080940416e-01
-4.063819114827262879e-01
-2.843874292538884352e-01
