-2.517676959159881322e-01
-2.104467758536910649e-01
-4.385188262191268976e-02
-2.183704991757404179e-01
-2.160142101747902083e-02
-1.388066460815459147e-01
3.073812345043493988e-01
1.787871830620407221e-01
-2.414485963078082387e-01
1.749215954652408866e-01
4.667053792368445198e-01
2.622348021547498131e-01
-1.768142669883016049e-02
-1.712190435247463727e-01
-8.554305223705330197e-02
-7.467553365978900348e-02
-1.502114635378571927e-01
-9.233596770610788540e-02
-7.237433556736258544e-02
-2.147137604307999825e-01
-1.466260323043289682e-01
-4.850444391098980290e-01
1.375411437955433025e-01
1.444459658304413363e-01
-7.951726102351132364e-02
-9.628162929624578537e-02
4.860760106314224727e-01
-3.900638536779783005e-01
-6.269011022297785174e-02
-1.096203583396557768e-01
4.968653288334095586e-01
-3.300384775717228603e-02
2.782691046780232935e-01
5.113312545453905233e-01
-5.020361597008728971e-01
6.930421131038130844e-02
-4.195438947912253913e-01
-1.148824133508048184e-01
-4.126318107927526291e-01
-2.980456360504724067e-01
2.993373147886630448e-01
5.260710565067776567e-01
2.692059402658003031e-01
-5.178963388620967390e-01
-2.135550331630718945e-01
-4.495717363707539826e-01
-4.504922337647877806e-02
-1.182665026436879874e-01
-9.484273572606201352e-02
3.172536966781469570e-01
1.385764182226695007e-01
1.147037006049838881e-01
-1.147108096467111260e-01
-3.690846741115803020e-01
1.824384156851507899e-01
-6.173102053126316990e-02
-5.991234073938238591e-01
1.729206022470048953e-01
2.074990023320509303e-01
-6.816946488674303917e-02
-2.006538458810267767e-01
2.458007728150671950e-02
2.049711462235372789e-02
-1.838929398732818132e-01
2.156280509351423402e-01
1.979341587120262425e-01
-8.771244918935218460e-02
3.898506742098342137e-01
-8.681722395873005260e-02
2.619648154296955189e-01
4.998854107929908697e-01
-8.502678067558305797e-02
-4.117255174742492918e-01
4.341997054687249391e-02
-5.800460738892787571e-01
-1.264811354240872876e-01
1.934901989105496378e-01
2.124529841050037393e-01
1.460155277893831205e-01
3.526043993487684158e-01
-1.762937110781343519e-01
-3.634439316084152327e-02
-2.555108367321652363e-01
1.052283479395580423e-01
-1.816563103909042409e-01
4.135766104141196456e-03
3.461631980351803639e-02
-2.135755363023113945e-02
1.819588585526275004e-01
-1.995275210259541410e-01
7.224277414849333834e-02
3.163812409817957222e-02
1.188860299204695659e-02
-1.937052687661489428e-02
6.615885823867377613e-02
1.337233081964660786e-01
4.859174312624451458e-02
-7.923949989725841137e-02
2.133937228691699384e-01
3.135547653110484778e-02
2.891517649835159132e-01
-3.629445142198819974e-01
-2.701859201894039608e-01
-1.901687017417067471e-01
-2.429682041319281283e-01
-2.855125208414384108e-01
4.271870876610495138e-02
-1.675403850557699581e-01
-8.058055928920684896e-02
2.732335865218341597e-01
6.209173671169064025e-03
-1.758805357858662585e-02
-2.419749063707195558e-01
1.875437424964745414e-01
3.824830153797252885e-01
-2.411314494869650493e-01
2.715029685361990408e-01
1.763201839269620125e-02
-1.896305858212938844e-01
1.082392219280895740e-01
8.322038654242884526e-02
1.142501401595910765e-01
1.631226440271759184e-02
-2.029494153041502547e-01
3.239670313785006361e-01
-2.265411056358091202e-01
-2.214479763351302199e-01
-1.077803949186561805e-01
-8.266276200880637304e-02
-2.187657413094135084e-01
4.508585281176912818e-01
-4.326436223831406358e-01
2.809548241719173611e-01
-3.603350277728795126e-01
1.817805703850649823e-01
2.611470653049698942e-01
1.153560446064097328e-01
5.937913326839074912e-01
1.734413322980639105e-01
4.674586595805894917e-02
4.567214865355755382e-01
-7.602060378048479394e-02
2.068889233654842008e-01
-5.567038380830718891e-02
1.535957427976014089e-01
3.870420250173310650e-02
4.713398879866963903e-02
1.424385838786706437e-01
3.141666975175176346e-01
-1.005037937199337039e-01
-3.346553494696065389e-02
1.065034785695108538e-01
4.085566269313591903e-01
-1.328475110428946060e-01
5.735790804378026325e-02
-3.155084024592238467e-01
-7.937879794766039554e-02
3.026599824235645109e-01
-7.595345547234461092e-02
4.713679998398847548e-01
1.481834337105739641e-01
-1.495028969537305907e-01
4.401158745867765343e-01
2.316847910271380984e-01
-1.027654475135775791e-01
-2.240789103028867912e-01
6.761908332341662331e-02
-3.891625224743061606e-01
1.345969151397748698e-01
1.807820941797820269e-01
7.753207978903375874e-02
3.984104635576201647e-01
9.021456730408973501e-02
6.016747696038336757e-02
-3.288129815346452212e-02
-4.744299121396872154e-01
2.967521943608497637e-01
-3.914294118235026598e-01
7.064267612497501792e-02
-5.050241948412836912e-02
-5.859618490184380357e-02
-2.250796951998370876e-01
-7.463792234742494536e-02
-2.631256083004460677e-01
-1.839863621654702283e-02
6.182299032693406443e-02
2.191909629601413168e-01
1.565419177297565356e-01
-1.438790619042702723e-01
-9.642538782341229797e-02
-1.253477120668141376e-01
1.678612014355173598e-01
2.628209483099381780e-02
-2.217542813792213949e-02
2.799138510904758959e-01
7.587711824439188901e-02
6.435590584008245296e-02
3.985920119083598001e-01
3.352245213098106746e-01
-1.392984842325343253e-01
3.203458784658198000e-01
-3.943583387116175176e-01
2.380147081986256907e-01
9.822254399851618190e-02
6.296657343382894290e-02
1.930820057427036773e-01
2.660771013889292602e-01
-2.729391947251000317e-01
-2.834807185048826006e-01
-1.596229236731228907e-01
8.321562033318471996e-02
-3.700430817990640886e-01
2.967574590629860065e-01
3.501252400341179349e-01
-2.843405318585077168e-01
-1.893062759776568404e-01
-1.139029694074534665e-01
-4.959303885690849456e-02
-6.087751985814758571e-02
4.875039486116400367e-02
2.174652455869968137e-01
3.405969121525633803e-01
-4.270041158678642423e-01
4.173467846037035578e-01
-4.168646637568550195e-02
-2.953408007718726358e-01
-4.164061036172720942e-01
4.100315746475975964e-01
1.309050837237595299e-01
2.937819402455059681e-01
-4.322306057692504311e-01
-5.464755082540206921e-01
-2.159871036761881191e-01
-1.204763550999865818e-01
-8.513083438984864193e-02
-4.056811956352891768e-02
1.806964364745844709e-01
7.950761388851548817e-02
4.595423694778519308e-01
-3.674270228061374821e-01
-1.620606022466898333e-01
9.265511050644259505e-02
-6.535817890967005050e-02
-2.552509471267357943e-01
5.576316868185837022e-02
3.205155011920902963e-02
1.140898231482500441e-01
2.648893126349872729e-01
1.446969094794473554e-01
-3.564493512919641310e-02
7.484599987170051372e-02
-4.558981730198004012e-01
-4.487581716813851540e-01
-2.406716439408137370e-02
-3.665879355895375058e-01
-2.757146225540912932e-01
3.809624985774362482e-02
-2.038800797579428115e-01
-2.209426257946799643e-01
-2.292610260616274875e-02
6.528609139918981064e-02
-4.490928081863749255e-01
-3.576726163446573015e-01
3.190395594414108804e-01
8.235898353000627170e-02
