-4.385179548265134009e-01
-8.017399982927689295e-02
-2.218279482872032027e-01
1.977547257351181254e-01
-2.034574350917011665e-01
2.515213347002806521e-01
4.484401557726152010e-01
-6.752016234389399130e-02
1.507346481395561988e-01
6.161310269652804372e-01
-1.893695421320851224e-01
-1.548100658894669412e-01
-1.572193095791932782e-01
-3.162567287872879440e-01
5.065897314062866030e-01
-1.161965432533041687e-01
4.810066783732069862e-02
4.246737667972471653e-01
-2.199839037464410563e-01
-9.246597642832779518e-02
-1.795010321667965258e-01
7.632452425537608609e-02
-2.965941324838561322e-01
1.946596054072492199e-01
1.074169233919589073e-01
1.616166522326816790e-01
-4.302038647499033530e-01
1.125692615727868218e-01
1.208064113137458373e-01
2.843071340793928425e-01
1.066357061454760724e-01
4.249310607732645351e-02
-2.609151442115775765e-01
-7.882991080185286492e-02
-2.124903057193081035e-01
-1.648695057003274622e-01
1.698875487311291010e-01
-9.920051245131650264e-02
1.506107908865860490e-01
1.084143075337473672e-01
-3.063189257323818415e-01
3.128767663572308289e-01
7.292460008106582681e-01
-9.262014621844011364e-02
8.651266909231777880e-02
1.509532745084765926e-01
2.784719104185506278e-01
2.182540710682978891e-01
-3.046990716235475349e-01
-5.557687693225761283e-01
-4.545963259326502581e-01
2.416066479544454193e-03
2.639183486648992716e-01
1.478456802993600161e-01
-1.674166974723971801e-01
-3.702684910912054650e-02
-3.459457328597302928e-01
-3.149341658052755566e-01
-4.237684075652728422e-01
2.243176044296011917e-01
-6.190966069330746668e-01
6.185021787974970264e-02
3.370455657773352431e-01
2.016349778031515938e-01
2.553824928688457341e-01
-2.467866147186280057e-01
1.467292961488000369e-01
2.957904827354439492e-01
1.690788913286790096e-01
-2.322831652744735131e-01
2.530086492613752847e-01
-6.329645436100566069e-01
-2.430414358590632928e-01
2.542025735799331443e-01
-5.828344688018202713e-02
-1.374270544778696257e-01
3.327379475759928429e-02
-7.475368516223146464e-02
5.111510769974382251e-01
-4.472722278946885677e-01
-2.658110284853859029e-01
6.880618420565370874e-02
-4.133596993289080923e-01
-5.452944468363779551e-02
-1.593836992338139580e-01
-3.291290638400381496e-01
2.288004344907981491e-01
6.679372443163114625e-02
-1.474261532150745180e-01
-7.570152733201497286e-01
-4.227468777575538739e-01
3.884525289921635371e-01
6.211535850550287119e-02
-4.081266646070963455e-02
4.182421536123820394e-01
-1.086779909156271873e-01
-1.409683220738923715e-01
-1.900756893940032666e-01
1.880884735986829981e-01
1.194901812304611788e-01
4.323665855202363240e-01
-1.066734353063081286e-01
1.039457799095981072e-01
-1.142567913013706193e-01
-3.185818833867579136e-02
-3.623441240044618095e-01
-2.172629593962516203e-02
-3.823293857061463297e-01
-1.480491685989576145e-01
1.134637932684039452e-01
-2.569359689689444393e-01
-1.007995130690972907e-01
-4.423184764505905253e-02
-9.101307140133840790e-02
-5.361331699367104520e-01
2.660464979474938541e-02
-1.832368281607786309e-01
3.949106983397991932e-01
4.241916383137354085e-01
2.559004241414386538e-01
-1.581877354088100929e-01
3.125146017519468411e-01
1.605706006411158904e-01
5.182065892972828602e-02
-1.563206168640746685e-01
2.054805656099235045e-01
7.385251958068748124e-01
3.997200212919913009e-02
4.580349584577826927e-01
5.047715969433647087e-01
4.770050588399635250e-02
-1.870485578113071923e-01
9.564068792227214955e-02
1.772163797028130650e-01
-1.874896910582238285e-01
-2.640363851151436014e-01
-3.700039528788091059e-01
3.160313096039359948e-01
-2.891589879623470138e-01
3.055938040061174643e-01
-6.678636721202226845e-01
-6.047984284817802259e-01
-1.507706206149936057e-01
-4.922757026149866544e-01
3.736678983254433928e-01
-4.195568725859590842e-01
1.075876644001110272e-01
2.319029655716786653e-03
2.505074484978839777e-01
-5.225781995145704073e-01
6.946295686778655720e-02
-1.799987561653851320e-02
-1.855218260634028948e-01
4.313493766041940902e-01
8.201124003881781199e-01
-7.695716520755987999e-02
8.852839616106944476e-04
-6.461572884302840825e-02
8.969844415238831248e-02
4.501470985125307633e-01
4.997301707525084180e-02
-1.690493418435767836e-02
4.456557152148488687e-01
-3.200912551401618455e-01
3.550989284994756634e-01
-2.765311425519086930e-01
2.198762049829625087e-01
-1.545755172536553701e-01
2.598808670735703319e-01
-3.240571527594259260e-01
-1.009587746889865079e-01
1.680142969531790986e-01
3.486258309637471631e-02
3.612874840475520655e-01
-2.121097393204765813e-01
6.647207601253588560e-01
3.679512760759398593e-01
1.502694634475951196e-01
-2.528429689826533489e-02
4.182765479312416934e-02
3.630176594423814018e-01
4.524578069495488464e-02
-1.869923559848873929e-02
2.010122792567238248e-01
2.969132421424171553e-01
-2.386662104228398640e-02
-1.713697948237036806e-01
-3.573271109033118731e-01
1.858179555508572001e-01
1.745647814116749186e-01
-8.118178494258604383e-02
-2.468127225415130410e-01
-1.848757700563992135e-01
-1.556295091834948019e-01
-1.245376505433273273e-01
-3.430382654603225667e-02
-2.843899818681193681e-01
3.709243156147271625e-01
-2.312349289924906792e-01
-2.422777895519974134e-01
6.352964968127040590e-01
5.995358916832774221e-02
-1.735001332710556510e-01
-1.232624197444405212e-01
5.625722359027751640e-02
-1.682838302849218315e-01
2.181351477983330955e-01
-3.363310162719922447e-01
6.532135193955855845e-01
-2.727692874770601406e-01
5.839169236760124448e-01
-4.261938742492606402e-01
-1.136387769336176523e-01
-9.876950592903471771e-03
3.829433327007731869e-01
-1.002298020446785176e-01
4.125089063758636820e-01
-2.219446393980031851e-02
-3.037955104631975822e-02
3.648791619152014221e-01
1.618076495761407163e-01
-2.731236093561638656e-01
8.113207845638403803e-02
-8.474401707600548450e-02
-8.496049739052452532e-02
-1.412023371199300215e-01
-4.110091732971355438e-01
-2.243405696286103757e-01
-1.496179098498700566e-01
-3.159003042527932514e-01
-6.119994176193191970e-01
-3.812838343019110399e-01
-2.104274359858499810e-01
2.656925464196531750e-01
4.614440605953326058e-01
-3.631152307373651245e-01
7.814983959796772961e-02
-1.233182050334981072e-01
4.094775605925462525e-01
-1.047474132004667102e-01
2.797308950593743737e-02
-5.936797007403640247e-01
-2.493142634433892779e-01
1.666674157505288467e-01
-1.434918326525159715e-01
-2.381730843920596974e-01
-7.308673145990599029e-02
6.744670948886725137e-01
9.962728778900797888e-02
5.823108502344191972e-01
-1.945535332063033918e-01
-1.062153763343216539e-01
-7.482932422533139505e-02
4.442670914118488357e-01
-2.650982578473919937e-01
-8.481967789841289296e-01
-2.186927934088669923e-02
-1.231094190916917075e-01
6.132240099205996109e-02
4.463168195116160586e-01
1.147291951395083831e-01
3.616488734612843814e-02
2.328682718757899561e-01
4.997248473547039049e-01
7.913359715760931445e-02
