-1.895814269100867810e-02
-1.051541818320984034e-01
-2.160771551118008671e-01
-4.591839579686375350e-01
1.151567647635751701e-01
2.831891830934961662e-01
-1.883275362514351126e-01
5.839358092881926504e-02
-1.105569781271874552e-01
-1.595149847126592357e-02
-3.111304104558046957e-01
-3.180952874575641853e-03
3.042986126363602106e-01
-8.292496881367028561e-02
-1.506490612475553659e-01
4.320277679596082332e-02
-3.782158905799292148e-01
1.835636470172949397e-02
1.634742099897242285e-01
-2.910623299993246871e-01
3.810891412703121817e-01
2.170352153571406539e-01
2.697483390959560384e-02
6.187205567979455617e-02
-4.888692983360132249e-02
1.125747708335035485e-01
-1.444481673475293548e-01
-4.518311577916239163e-01
3.999687139615884512e-01
2.988538062246814953e-02
-3.935123041690908319e-01
-7.244511168444794924e-03
-9.688096733034115560e-02
1.292001245729441083e-01
3.682377421072444146e-01
-6.766591734078253317e-02
-1.657103317713261859e-01
3.526542879867897162e-02
3.974237400267151277e-02
-6.623170747956950988e-02
-2.979037500876736688e-01
-1.577757548506452390e-01
4.408709224322737708e-03
2.564549922869041043e-01
2.394595581100359555e-02
2.984335122375657567e-01
1.032607063074562903e-01
-2.740959295343192714e-01
-2.124568296610281348e-01
3.602041968755973489e-01
-1.618968594398590144e-01
3.555691144709085538e-01
-9.692572873175164805e-02
1.180235451883108189e-01
-1.595276169509158293e-01
4.437512579152563807e-03
6.166704450650742908e-01
-2.664062616655480387e-01
3.499737305307341617e-01
-4.350790129235453385e-01
-3.556835799739904713e-02
-1.742273444015701167e-01
-2.812751557982373640e-01
1.469972579220433506e-01
-8.976967635134057433e-02
1.303470418002895259e-01
2.600050822104182369e-01
-1.228596447341153419e-01
-1.937271786915204519e-01
-2.148115438449221259e-01
-4.948449830065390076e-01
-3.774127089069313490e-01
-1.750346573633699832e-01
2.499689664823939450e-01
2.202333513192343550e-01
-1.109311762208085167e-02
5.261225539721005318e-03
-8.080197259394067411e-02
-1.503920773048569859e-01
-9.780581140721335276e-02
-1.714194303597094127e-01
-1.362864531970037762e-01
-1.666670170831158759e-01
-8.715762583252727180e-02
-1.289706697268138413e-01
3.687201135160681487e-01
4.199421378232688906e-01
-2.627341370284302577e-02
2.196342255834984603e-01
3.089949798106696455e-01
-3.060983207055325006e-01
5.809556227227181957e-02
-4.460369418646027984e-01
2.608146756738012328e-01
-4.122780431297909387e-02
3.052106965226686341e-01
-2.004212567666809330e-01
-1.319351585816387062e-01
3.108039826096103964e-01
-6.054921855061932978e-02
-1.784359404231842527e-01
1.175407391055935669e-01
-7.024256411516141552e-02
4.467909901710426929e-02
-1.993404965784410232e-01
1.357943233600870658e-01
7.864393021668777961e-02
2.914307918854062152e-01
-3.133593130941115801e-01
4.334746344101140236e-01
1.010860474495087341e-01
3.258669970290543061e-01
3.563101376931110398e-01
-1.977044377607090619e-01
-1.570239590784875405e-01
-4.753242668345005195e-01
1.327668588517044029e-02
1.934864297511395548e-01
-4.143643178223425927e-02
1.265795887670466968e-01
-2.264513840825429780e-01
-1.381523906343788688e-02
4.340216610454269985e-02
2.684571903740939902e-02
3.398395951164407958e-01
-3.862368888181093585e-01
1.343505160649899610e-01
1.282010005246576878e-02
-2.391921398631088047e-01
1.505550489142012394e-01
-4.570916847844149616e-02
-2.384942607903232092e-01
7.925163942300686437e-02
6.768956117303255582e-02
1.943375891607357075e-01
2.741069921194262404e-01
2.118755694169358050e-02
-2.242650035343182746e-01
-2.027055217656821284e-01
-1.526512362858544608e-02
3.784383521837493269e-01
1.765698189063370782e-01
-5.195384233555384867e-02
-2.552084969356527289e-01
3.109730312886310744e-01
5.393194391062862414e-02
2.741385240156880843e-02
-1.591763632269785345e-01
2.653073293283875200e-01
1.397493890532445771e-01
-3.582281602008937638e-01
2.392902543184066144e-01
2.760589951901415984e-01
-3.149768137749271446e-01
6.521696354367381709e-02
-2.253212773716277706e-01
-3.790848898610115758e-01
9.940622790100150930e-02
3.852263276669432024e-01
4.017903852738918813e-02
-1.861251014325191189e-01
7.545879548760905942e-02
-2.193817645924782123e-01
1.303991090728532642e-01
2.103471873623259103e-01
-1.516064468101880613e-01
-3.630895607906545197e-02
4.788632485081837364e-01
-8.294522643293086861e-02
1.407869122529686046e-01
1.756661608841074418e-01
-3.602707438497712578e-02
-2.301961374044267372e-01
-1.631353833709058843e-01
-2.090024589315284675e-01
-1.849754962789326718e-01
7.517364655294675457e-02
9.694772141674420918e-02
-1.334510442102374295e-01
1.102960720939730743e-01
1.499621370521486419e-01
-9.276636596504544974e-03
4.085346664184840160e-01
4.490665645059016553e-01
-1.443665065920673174e-01
2.494134531137716659e-01
1.646125626441215933e-02
1.446252068770122190e-01
1.174494852336594175e-01
4.687180922834231767e-02
-8.030076890164020154e-02
-1.383655969078703973e-01
3.923967143354851750e-01
-3.278478466157566662e-02
2.154562953335885100e-01
2.311464734959791101e-01
-3.640702056122058217e-02
-2.629824401531837275e-01
-2.382557748951308896e-01
-2.167592793090883374e-01
1.460200409450303494e-01
8.675062289770610335e-02
2.064881289325400382e-01
2.379052881244984874e-01
-4.487868903405631965e-02
1.106430870627236329e-01
1.025044958232379927e-01
3.202640629663677241e-01
-3.334899756089262923e-01
3.467226170310091504e-01
-2.041999733532479100e-01
-1.750024586022292938e-01
3.521288732926523002e-01
1.011614796242997771e-01
2.829653855009458541e-01
-5.389483567680843912e-01
-6.920179237460993837e-03
-1.163597664785178121e-01
-2.877981999171890792e-01
-7.869303174192530947e-02
-2.030031742619185786e-02
-3.448025808759525579e-01
1.813282881691487824e-01
5.821934227006275719e-03
4.530646428869124220e-02
-2.760761163584619926e-02
-3.062219067175115175e-02
8.076081399853912712e-02
3.871125420426324015e-01
1.967255981693874500e-01
-2.253750961747081477e-02
-2.598268789980729410e-01
1.806383152635278322e-02
1.980178672060345091e-01
-4.308670783437379415e-02
-9.554012129650735208e-03
-3.638621791993503773e-01
2.508353652640266662e-01
4.739051549951265874e-01
-2.332765610599550898e-01
-4.296681664230259656e-01
2.636930856712889348e-02
1.926930825286007551e-02
4.917161333022279091e-01
3.293967249513009010e-01
7.574476424587817114e-02
-4.539402044771525535e-01
-2.885492681285138916e-01
-5.918124256048828968e-02
-2.435897698959864077e-01
-1.898524011031832992e-01
-3.751470328738263360e-01
2.586900820108051224e-01
2.832599145588218237e-01
-2.382334124885328031e-01
1.671305508477850255e-01
-4.513156381897630298e-02
2.911780491592678710e-01
2.338721176854811068e-01
-4.122774984940814624e-01
1.094179047394870097e-01
-3.257082935491137921e-01
1.454046495111977755e-01
-1.734863794002769466e-01
4.734543039223189365e-02
