-1.859845413359108302e-01
4.702789469181706816e-01
-5.151541210426504591e-01
1.069590550601135226e-01
1.300214497868417696e-01
2.310369311807684845e-02
-2.627854020990404993e-01
4.470052499790443390e-01
-2.304101659711718653e-01
-2.282224405795409417e-01
-1.208771205001487187e-01
-4.029942184992391097e-01
2.473706506676627837e-01
-2.631137924155080299e-01
-1.315495062853414276e-01
-1.560612952644341023e-01
8.197608547580355065e-01
-2.772005902923746490e-01
4.275445789640397454e-01
5.464383398566312611e-01
-6.949019923074931104e-02
2.652225758832272295e-01
2.809735242878915740e-01
2.244175734846893255e-01
6.722899359379672646e-01
-1.700881813345865856e-01
5.596110021921243960e-03
2.214063566871531386e-01
3.162645686707128423e-01
-4.425226511330869195e-01
1.616341936270658808e-01
-2.622796166200062062e-01
-1.389411065791022193e-01
-1.350531237893134451e-01
-3.118263537747921754e-01
-6.401268648247207538e-03
-3.570964405916849937e-01
3.711959420393923237e-01
-1.983862146354660183e-01
-1.270039445040160309e-01
-2.821787298870149785e-01
1.447504024052444493e-01
-1.739605078267981442e-01
2.449338577822178786e-01
4.965983055676473912e-01
-6.800604201267279603e-01
4.257152553092814762e-02
-5.890262451548965439e-01
4.760541680379696272e-01
6.836522174835255039e-03
-7.293014306425543714e-02
4.237802138742491898e-01
-2.146186809448415167e-01
2.853252759031359442e-01
1.960899438305197529e-01
1.044430614230873189e-01
1.894683507648532994e-01
7.341670865367219134e-01
-5.388488499196335546e-01
2.127512697870699576e-02
5.340739180462528157e-01
4.601580478734454971e-01
5.100749323438605876e-01
3.959624399568231201e-01
1.748317051561785185e-01
-6.148159677236912646e-02
6.037399080375692728e-01
-3.108895622785392554e-01
-3.413317164006481053e-02
9.997492647029651569e-02
4.625625441553839201e-02
4.636909866340963027e-01
-3.114970673068751528e-01
-1.007019125585572883e-01
-4.421803194942406368e-01
-3.772216560572688726e-01
-2.401234087697611264e-01
2.615613595410071213e-01
9.959116721088379087e-02
4.764476125711685217e-01
-2.939969390352717427e-02
1.772449370579216033e-01
2.700947181724756008e-01
4.509443404739034711e-01
2.643939738729406685e-01
-2.731966158098480535e-01
4.431482010916945047e-01
-1.855099547699488038e-01
5.021223450370848607e-01
9.701915503677570329e-02
-5.756006412009293527e-01
1.435511212383892010e-01
2.426926918161063929e-01
-6.056682028742594870e-01
-3.962828790682068059e-01
-7.701363069347103019e-02
5.995360058571971851e-02
-2.223109929510926064e-01
-3.711389609613994223e-01
-4.409177562218440372e-01
-1.748582815495309251e-01
-2.345654315145970226e-01
1.463948526121953975e-01
-3.861600232803528154e-01
-9.752865295842962079e-02
3.603111276696068233e-01
-3.517053444008622076e-01
6.043072131810274250e-01
-3.033069396377967575e-01
-2.072722811165735313e-01
8.429310578381922492e-02
1.824270914826594814e-01
2.214953763161641442e-01
6.789252394482905295e-01
5.162963417440699088e-01
-3.068431154054914733e-01
-2.055759700469386719e-01
2.840118576970048769e-01
3.137511901822901406e-01
-3.528433686572296502e-01
-8.328979435193123448e-02
4.077120698629991824e-01
-6.299805140083978294e-01
1.690422396465189048e-01
3.046548061099859650e-01
-2.772824838946079673e-01
2.847720745342371407e-01
-6.508926082506143462e-01
4.136818246020163015e-02
-3.706920220117913001e-01
5.250498247127826090e-01
-5.316782068616924262e-01
4.081623600799948459e-01
-3.971520786497559352e-02
-3.711984702744910436e-01
-9.374192505005711495e-02
4.207576600316705884e-01
-5.640039499093176811e-01
-1.120488788575781519e-01
-4.315883319469582258e-01
4.905086754575749275e-02
-1.099787301877770129e-01
4.485070307667229916e-01
-3.530537425014389497e-01
4.794806815273153777e-01
3.885670539897489451e-01
1.957604547028784225e-01
-1.985574538325183547e-01
-1.690194466409459806e-01
-1.254015234875895668e-01
-5.279938878518625200e-01
-7.441179555240019783e-02
-5.246976126433348098e-01
-2.720567808735532278e-01
6.832027777495592868e-01
4.208126724228344884e-01
5.647173519535508834e-02
6.555267062577109227e-01
1.893390355997530139e-01
-1.799426063906846840e-01
-3.066190038915568294e-01
-5.025024001400555385e-01
6.059543184981276420e-01
7.232003117620341981e-02
-8.007498384596766217e-01
-4.891503604376430392e-01
-1.785205856182058293e-01
5.641515352960686513e-01
6.034238369542992142e-02
-2.951765231058531835e-01
1.342456996881440101e-01
4.897633231058197423e-02
-6.385502833992162675e-01
-2.770708732878986447e-01
1.913689333764325984e-01
-8.389409612416613704e-02
-1.453951868522184165e-01
-4.801568102354168976e-01
1.096747870199973190e-01
-4.315428223413041164e-02
5.005108148372781063e-01
-2.124866354726900053e-01
3.136813746044382345e-01
-2.987133918583567693e-01
-2.868358728112889167e-01
-1.997277750754561376e-01
-3.628852522652631363e-01
7.484771499690150431e-01
-2.203482671105789215e-01
3.665949138904002202e-01
5.193939548262676009e-01
-5.392555682292817787e-01
-4.229798168775342204e-02
-3.021439144667989463e-02
-2.784350200532063613e-01
-4.271962218101156838e-01
4.203844353967534087e-01
1.940547780491984065e-01
2.550713940145830638e-01
-2.300902845649559492e-01
-4.938088417591341428e-01
-3.542561782052930375e-01
4.755276638567920156e-01
2.789806001983520245e-01
1.446828807537296757e-01
3.115505590150247084e-02
1.045461710083213647e-01
3.728188856520459060e-01
-3.566791905483430725e-01
-3.341109025382529296e-01
-7.605090912380318979e-01
-3.925445737538117430e-01
2.291235330903750866e-01
6.675431633988619939e-01
-1.988900813104317322e-01
2.733230492156593638e-02
6.407397672478869488e-01
2.169792670142361712e-01
-3.027196441945266825e-01
3.862886550106874872e-01
-5.662466307763679152e-02
1.244039384078634708e-01
3.254157648721108798e-01
-1.201617250708457013e-01
2.437930748176671270e-02
-2.158919780592200022e-02
-2.045116122870168085e-01
2.453224426206116748e-01
3.677864848549377008e-01
-2.400409152558621861e-02
-2.987024215639563218e-01
4.286420261174081481e-01
-6.655058947065115582e-01
2.671939010005668080e-02
-9.615551945852122973e-02
-3.131124872197775799e-01
-7.253909150764288327e-01
2.561010138867372832e-02
-5.803091137462598748e-02
1.700394292700829202e-01
-1.624141540895968905e-01
2.544351167275806791e-01
2.410488485045685081e-02
1.025408626268029949e-01
-3.938825612234359563e-01
-2.046020911974849865e-01
-5.695345454011576658e-01
5.847155402088836940e-02
5.355966771287631323e-01
-1.551850445585456484e-01
6.614373066706273618e-02
-2.579608375037061863e-01
3.212137991171305496e-01
3.596374492711963411e-01
1.408347611020483725e-01
-1.290202721003390063e-01
2.885486551595353721e-01
3.472095341664596102e-01
4.771141460900824027e-01
1.187065127354068605e-02
1.016155443420310722e-02
1.492611440213001406e-01
1.843842522795449967e-01
2.596498948327677359e-01
-4.711044949929541481e-01
