-2.487531116196639580e-01
1.459676296208343160e-01
-5.306605023370081220e-02
2.110345667480639786e-04
-2.302367874717151097e-01
-1.447872189721263747e-02
-2.001521204680454802e-01
5.637928617801329922e-02
9.013550308852527615e-02
3.173421710389452977e-01
-1.629415918463476276e-01
1.115929450138930801e-01
-4.291887438283592537e-02
-1.563434470223623862e-01
1.097647286229515851e-01
-7.253995140883602588e-03
-1.889137069059350638e-01
-9.663605266986732834e-02
-5.117809571939606617e-01
1.096593808967847861e-01
1.946160842554348624e-01
1.456022823865588123e-02
1.152375968025695641e-01
-9.162303134680549466e-02
1.602103959495738972e-02
9.562840041593001494e-02
2.858024162062250961e-01
2.640089844133675090e-01
1.527112313968159718e-02
-5.305234068047194329e-01
-6.267444415294262661e-02
-4.280951615535785737e-01
-1.352265294654060590e-01
-1.802304876775338571e-01
-3.403008825932352099e-01
3.632336529634008770e-02
-4.177042200931840310e-01
-2.064856864552249149e-01
7.627228644898643994e-02
-4.888313797739981537e-01
7.256813562635977544e-02
1.277470999866008317e-01
2.917365875166000322e-01
-1.302490480564956754e-01
1.557261449444362622e-01
-2.914948186163082156e-01
2.401189564809570187e-01
-2.087833183642680279e-02
4.138189160445520098e-01
2.531093408733858796e-02
8.163128237350909810e-02
-3.434934740745702042e-01
-3.161718205920704960e-02
2.468521953571201077e-02
1.803349680832039281e-03
-1.913411947663609669e-02
5.974029105018774377e-02
-5.309832779533021907e-02
-2.552121509601462113e-01
2.412290094371522531e-01
-3.346441893026085024e-02
-5.262561247584351953e-02
-2.244916188354535436e-01
-4.314470938869103822e-01
-2.105907677839091441e-01
2.854561005932071405e-02
2.995429423595333818e-01
-1.907801805278137031e-01
1.048381226834816660e-01
-3.917320626908527004e-02
2.384614058030741779e-01
5.998808761668777967e-03
-1.952932585161955836e-01
-2.529197161071846667e-01
1.284534549151887806e-01
-2.859001547106156393e-01
3.342859579998468389e-01
2.641074736578510884e-02
-1.953946702009324299e-01
8.823504222726563651e-02
6.286565772643074035e-02
-2.118505328623804251e-02
5.123256892743735524e-02
3.195374195585731769e-01
1.136026929945408159e-01
7.975042734003999489e-02
2.823407221367595366e-01
1.471382707414489732e-01
5.625659508782818730e-01
2.783221636112282460e-01
-4.421804114534568786e-01
-2.834306761411894415e-01
-3.231159076066602021e-01
2.168049057073023755e-02
-1.035772851373525649e-01
2.328128668517003841e-01
2.564242072532192385e-01
1.504600774272006891e-01
2.627023515588872704e-01
2.646578311709439635e-02
-1.935718059039351902e-01
1.643041173109961728e-01
1.834559245484214673e-01
-2.828934011650688918e-01
-6.333817770519786783e-02
2.515685556716918958e-01
-1.763859537434087077e-02
-3.192495097352013866e-01
-3.694237935298434472e-01
9.401036668264334262e-02
2.221972776984589004e-01
-3.333680576224816727e-01
1.451467874293675131e-01
2.124712348374425130e-01
-7.098370430263159503e-02
4.108596813855235341e-01
7.644418284545170805e-02
-4.675216321674384723e-01
-4.193736623116567364e-01
-8.415702866512106417e-02
-3.711143452937457621e-01
1.465163368453934467e-01
3.005883888220908795e-02
-2.707870030039855047e-01
-7.672682098187860733e-03
-3.657995675640014488e-01
-9.037193928158941680e-02
-3.529096712361829979e-01
-2.797469156238896471e-02
3.731840651415951893e-01
1.999318330165958946e-01
1.837136318375972577e-01
-2.181390905719698681e-01
1.546679241824329698e-01
1.237674557872031900e-01
1.405321761736371133e-01
-1.065052000999848758e-01
-1.915837324707599376e-01
-3.387039217805112856e-01
-2.435787329442883065e-01
-3.333328315875536685e-01
-2.164963687206793164e-01
6.436283193344023712e-02
3.192236495937372243e-01
8.055099882270067013e-02
-3.943495427873935366e-01
-5.506756449091826378e-02
-3.601088916383649030e-02
-1.286946585207192351e-01
-1.633563573462988305e-01
-4.962009616167234460e-01
-1.149307418938969039e-02
3.583818802264390757e-02
7.231136012488915965e-02
-1.129461550178264828e-01
-9.326315369189944193e-02
-2.624678955106214406e-01
2.942416067694693105e-01
-3.886544264548525418e-01
-9.158199081956722165e-02
1.553129713028633951e-01
-5.844102025772675013e-01
-2.130087134415157291e-01
-4.798297913122012703e-01
1.773595951335709686e-01
1.596624373074119752e-01
-1.631943653357600388e-01
4.628736138562863367e-01
1.386329117632326691e-01
-1.575479473572160838e-01
-7.544422747413020991e-02
-7.802166930367990250e-02
9.401133012593684835e-02
1.619077418626743703e-01
1.990156776316898968e-01
2.335509796833198926e-01
-2.691808778657596712e-01
-1.759243133074390175e-01
-1.113141587460557691e-01
2.240257474402711224e-02
-2.072953025746501476e-01
-2.552571697336182277e-01
3.548458904205445408e-02
-1.896163102588970528e-01
-9.669333855997307159e-02
-2.799033697093598894e-02
-1.629984459935159280e-01
-1.199728308253777964e-01
-4.932550025766119228e-01
2.215086768068016965e-01
2.232746427441180126e-01
4.100475506970691075e-02
1.536559205656748694e-01
-1.964381532084627513e-02
9.147526347795595369e-02
-2.428435452307008691e-01
2.396258375723211709e-01
1.035900029430727315e-01
-2.925544822202172934e-01
2.517902538172217541e-01
-6.530097813503271675e-02
-3.287186060576933189e-01
3.840188599433258521e-01
1.887186153944666114e-02
1.103598511563938789e-01
5.113492319198376101e-02
1.503073816226198622e-01
3.163811122284709842e-01
-3.275949797028279709e-01
-8.461844313457674016e-02
-1.635925101274477989e-01
1.046492470215200365e-01
-5.871280311280502318e-02
1.213437098630276295e-01
2.679531322144576566e-01
-1.458295631195278552e-01
-1.824615666862775543e-01
1.082061468393751280e-01
-1.282345638415575140e-01
-9.269466731537119586e-02
-1.678373562262547858e-01
-1.458211262338897363e-01
3.157834452005245929e-01
3.441614433472394152e-01
-4.045177355626136673e-02
4.152343941865130339e-02
-5.972643893700902568e-02
-3.484395396832310615e-02
1.953439888243885814e-01
2.559076340202866562e-01
-1.218101484898186787e-01
3.139187093979949883e-01
-1.563571058560209448e-01
-1.979823209737282819e-01
-3.829114302974235828e-01
1.759078057933744499e-01
-4.048307665372818942e-01
-2.544533962495448831e-01
-6.342619677554561797e-05
1.638766787637101208e-01
-4.034262873736455535e-01
1.318216053657081943e-01
-2.226948500380492024e-01
-2.991708945558075872e-01
1.396090800084157091e-01
-4.212479848001948746e-01
1.325072604356508921e-01
2.333454641649453376e-01
4.884229204264837754e-01
5.122970868673709655e-02
-3.110972494891949824e-01
-1.914191823095381384e-01
-8.671805387717365643e-02
-2.068692688625509146e-02
9.809524639664249368e-02
1.805477511498619625e-02
3.844430378017495986e-01
3.315559210020103675e-01
1.575098697270946035e-01
-8.444439400201168844e-02
-2.696869888765937584e-02
-2.774616004287500104e-01
1.502227762108805931e-01
9.645693077316497277e-03
-6.196183295122204004e-02
