gen best mean std
0 66.091917 -0.832265 13.141237
1 66.225448 27.69421 22.158838
2 75.091917 53.25613 13.007026
3 75.091917 57.351516 1.784402
4 75.091917 57.347265 1.784306
5 75.091917 57.526561 2.509977
6 75.091917 58.153774 3.986433
7 75.091917 59.049124 5.42083
8 75.091917 66.32173 8.934777
9 75.091917 74.11043 2.787028
10 75.091917 75.091917 0.0
11 75.091917 75.091917 0.0
12 75.091917 75.091917 0.0
13 75.091917 75.091917 0.0
14 75.091917 75.091917 0.0
15 75.091917 75.091917 0.0
16 75.091917 75.091917 0.0
17 75.091917 75.091917 0.0
18 75.091917 75.091917 0.0
19 75.091917 75.091917 0.0
20 75.091917 75.091917 0.0
21 75.091917 75.091917 0.0
22 75.091917 75.091917 0.0
23 75.091917 75.091917 0.0
24 75.091917 75.091917 0.0
25 75.091917 75.091917 0.0
26 75.091917 75.091917 0.0
27 75.091917 75.091917 0.0
28 75.091917 75.091917 0.0
29 75.091917 75.091917 0.0
30 75.091917 75.091917 0.0