-8.600898860878152252e-01
-5.631677222372857283e-01
5.572486907674498724e-01
1.414888880929696668e-01
2.286201730289723066e-01
-2.451815198803279916e-01
-7.023833525017413315e-01
-4.338661541503461283e-01
-6.594658823925079183e-01
4.744141332324169902e-02
-2.357095408241798307e-01
-4.449219108869006956e-01
-8.950167200346619278e-01
-2.508654324875738695e-01
-5.654535467658601267e-01
4.577270924237626382e-01
6.787848984561617449e-01
9.705177835503120409e-01
1.520351899388274752e-01
-7.717462387384725897e-01
5.450533595480047122e-01
8.190100324783342600e-01
-6.889357197732148830e-01
-3.836955028357096342e-01
-1.527516313251964242e-01
-1.065809504036279165e-01
6.311390550842768121e-01
-3.817331305244588968e-01
-6.781766232894015367e-01
-1.760225594553859185e-01
-9.911622874987700005e-01
7.727463526824300821e-01
9.252274943379124039e-01
9.297061158660411273e-01
6.089314105864587212e-01
-8.142554176855152370e-01
3.541202784838930473e-01
-9.058489744216564610e-01
3.310613080581732426e-01
-5.964605869501438118e-01
2.431181939576607665e-01
8.207826397455386669e-01
-1.190165173499531104e-01
-3.460785290025065741e-01
6.145707132708486675e-01
-4.948925641306445300e-02
-4.296197716603558092e-01
5.874447552059494093e-01
-1.870953668301078565e-02
5.850034797367780204e-01
-8.756724699454088157e-01
-3.266774253877093859e-01
5.271099685429714299e-02
6.575400644280593454e-02
5.613745884716567769e-01
-7.054210501539759370e-01
6.486137980226720501e-01
-3.484308920272889409e-01
8.446935836981090961e-01
-9.759350516608487069e-01
1.426759747152728242e-01
4.770774605872030172e-01
-8.644044328380642295e-01
1.704212718593851594e-01
-5.153481713348082582e-01
-3.347199151352069357e-01
5.711011618888690577e-01
-7.634755384514542165e-01
-9.852789872365619317e-01
-7.039316579492247428e-01
4.609072944716503528e-01
5.717068809077814340e-01
-7.252125157980384706e-01
9.897018377984734272e-02
1.695973945667161864e-02
3.471874330800017727e-01
6.313318317236029653e-01
9.830162552876553494e-01
1.392346868424640949e-01
-6.035359128031048126e-01
-1.494936572498022365e-01
-8.970615828276569115e-01
2.472337931359671614e-01
9.971851015993100642e-01
-6.837845803046773696e-01
-2.787157175466452586e-01
-5.314562693717923558e-01
6.164778678669513567e-01
9.188371634858056858e-01
-7.980695234923409487e-01
-6.212488865327985277e-01
9.658663779307603559e-01
2.717436787950906485e-01
-8.970202703364067442e-01
9.157374956254693554e-01
-2.875959255699158668e-01
-9.276669604112244283e-01
-7.260046765810628244e-01
-5.290189961688824827e-01
9.831190899101711622e-01
-6.138498270225909437e-01
-2.060018815435789019e-01
2.895116118019664952e-01
-2.768904705789672072e-01
-3.587154537126140408e-01
-6.345705425042706960e-01
-6.327996366258832328e-01
4.328229082543022521e-01
-4.173667788818433699e-01
-6.452139239413279270e-01
-3.772317477321831536e-01
7.817977634125086173e-01
8.175954748247533654e-01
-3.664403565367846394e-01
-1.240495259457390365e-01
-5.647113279097681904e-01
1.347829112046792233e-01
-5.804339735302102010e-01
-4.123745324614371821e-01
-8.747767469459664103e-01
2.918378749571906017e-01
-5.371608702479326869e-01
4.342236391586564714e-01
-4.438670330341036863e-01
-7.109510647564230013e-01
-5.668450192003116062e-01
8.043423091176309381e-01
-9.641064124081117903e-01
1.046746470606696455e-01
5.485591776869851444e-01
-7.346836013068611670e-01
3.659511103235539853e-01
-8.125672478037788693e-01
5.627334686930103302e-01
1.394053577366027863e-01
2.928309488675659988e-01
7.373075109906077618e-01
-3.265727103308202484e-01
7.172484006638877307e-01
2.870117970464070023e-01
-7.013098898373064660e-01
-9.811350877474978027e-02
-7.742656898410857913e-01
2.876325728683919447e-01
-4.990163515757752855e-01
1.014312209604599779e-01
-3.706795318035176479e-01
7.403790997546919606e-01
-9.673899398772995983e-01
-1.887862080994562319e-02
8.002611996326642885e-01
1.022874125346764362e-01
-6.115619996280341475e-01
4.893131879297119013e-01
-5.675687305849694830e-01
-5.183307988468803806e-01
8.312668238741547366e-01
-7.831793786328240525e-01
-1.840566882412648653e-01
-3.157364755208114104e-01
-2.302032824166040381e-01
-1.291730808822764143e-01
-6.854925669948945810e-01
-1.751060202087821871e-01
-7.259631846597900395e-01
5.032771849421435739e-02
-8.842346121126214431e-01
1.198177677179628198e-01
-8.708865164658450286e-01
-4.515143332415112454e-01
4.543274490875770510e-04
6.131285961029475651e-01
5.231335045763851888e-01
9.946269444831359330e-01
5.977802293406613288e-01
-2.357623588635633372e-01
-5.772274389078704271e-01
-1.827765361997908400e-01
-9.698834612881923611e-02
8.762550780120863525e-01
2.943182865356941402e-01
-9.616316386824057538e-01
-5.986833298142977267e-01
5.567943846517946493e-01
-3.210234520621786380e-01
-6.244059413103217882e-01
-1.879170526898488180e-01
-8.658487139572588198e-01
-2.792569565109048746e-02
-4.414149460991134699e-01
5.926335076716036099e-01
-6.941699456046523942e-02
-2.747128750559879595e-01
2.119680614350276660e-01
-2.175637866409716459e-01
-4.258589160196724066e-01
8.726426711063088870e-01
-6.916812769304558906e-01
2.839434687640018939e-01
-1.923656653528962313e-01
2.648145771386090086e-01
3.440256436987441102e-01
9.613971136007137819e-01
7.197987578727198521e-01
-6.229464795598518290e-01
7.945226597931227541e-01
8.043223971184447763e-01
4.792985215778982067e-01
-7.073307584376593571e-01
2.235671510810512963e-01
3.244180998753785072e-01
-2.337335713487376232e-01
9.863161101701665157e-01
9.269311445278074491e-01
9.301178265021650127e-01
8.118223978893299719e-01
-6.913647582852466833e-01
-7.326686627773624227e-01
9.656602674839014355e-01
-6.737524645611070451e-01
-9.494408206991737931e-01
8.100455307136060767e-01
5.054517321840437116e-01
-2.368313382608480122e-01
3.828997133766536276e-01
2.637401854723628869e-01
-7.442491817748684291e-01
-2.396127119853024290e-01
7.182411418944965042e-01
-9.075921406354809928e-01
-5.080175031409244202e-01
-9.838085161255329947e-01
-3.854946149557429980e-01
-3.950592226248605954e-02
7.367738634741776149e-01
-4.310758762589963489e-01
-9.583639049728798209e-01
4.212146844806883283e-01
-1.227968026701411475e-01
5.531349095081494749e-01
-7.151744585269093069e-01
-3.368326140053821138e-01
6.008682316939750745e-01
2.606425573604287393e-01
-8.569265231090310575e-01
-3.891614728705852233e-01
9.346131728218007861e-01
2.770544191010928525e-01
9.260264493949288411e-01
7.147380284673512385e-01
1.347227312697172330e-01
4.083541599136302214e-01
4.983096986176023258e-01
-1.139590594349724206e-01
-1.581004539582477886e-01
-2.630902170322526601e-01
1.209242769445091348e-01
4.503195943297637616e-01
6.566263178339522000e-01
-2.469134872986262774e-01
-6.343833950703459124e-02
2.171178623596028423e-01
3.014408727975159685e-02
4.278183449554595619e-02
1.973816019350671525e-01
