-5.858527365478090054e-01
1.263060086737395338e-01
-4.791314290192127956e-02
9.269542259172010024e-01
-8.278651480645184968e-01
8.240105962517414451e-01
6.978428388583897135e-01
1.971648018935769908e-01
9.836954278381657701e-01
-1.400392898764513117e-01
-3.451258655671765041e-01
4.593797887514730061e-01
-4.487711761130153132e-01
-6.995905226537286747e-01
-9.205726212934750574e-01
-1.243715902209772128e-01
7.502426503998060880e-01
-9.633333635052334643e-01
1.975684644111641575e-02
-8.406239933594983338e-01
-3.109572094662043096e-01
2.691882612280078746e-01
7.034415046929574089e-01
5.016985159822577867e-01
7.420004987352448733e-01
8.417557042372569853e-03
9.353774172137101495e-01
-5.375795979506410305e-01
7.078004156911201772e-01
-9.176834975317693655e-01
2.783856427935966771e-01
-7.176175923039074256e-02
-6.737478132429890465e-01
6.406196126547725189e-01
-4.927938453693112564e-01
-8.936831414674684115e-01
-9.295499764120540576e-01
8.526910923450747859e-01
-7.395763800805223998e-01
4.860274558917956345e-01
2.065091887822911865e-02
3.889581330715130569e-02
3.938055968674907259e-01
-5.234141116309973807e-01
9.997510932464517275e-01
-3.795898259929229024e-01
3.258026434322571774e-01
3.723455460072828682e-01
4.043464890664740796e-01
-3.539625150001077802e-01
6.686363134909838468e-01
-3.239257745371759700e-01
8.865470198982317029e-01
2.745469177947872375e-01
9.502725443891137935e-01
-7.242135148600237216e-01
-4.874576701847699312e-01
5.579362701327004181e-01
8.426333160391517030e-01
-2.947509389791271861e-01
2.772900997018676872e-01
-5.438870814453713454e-01
8.883782794928665183e-01
1.029016910222226855e-01
2.910880976237439910e-01
-4.264596472310071551e-01
-1.196923080827869690e-01
3.095149033125377258e-01
8.292524797048894669e-04
-6.283945451161512263e-01
2.161183928954455435e-01
-7.657935914715185977e-01
3.820758368697183549e-01
3.797402816285337934e-01
-5.708463063502122736e-02
-3.508021612955756208e-01
-3.117292675757901144e-01
-9.725193827124878343e-01
-5.002065817701875083e-01
1.072107507321704567e-01
-1.853886832728464107e-01
-7.729225706057429868e-02
9.498060978716997838e-01
-6.562833106666838834e-01
-1.887849429433101633e-01
7.987313885948621461e-02
-1.051970268816211362e-01
-8.129865125528563663e-01
-2.797296705189200594e-01
7.832467698670837475e-01
6.439720559792798671e-01
7.840882036097553964e-01
9.987371623472118820e-02
4.002877425128836819e-04
-8.189776597619276011e-01
2.051442287921327878e-01
-4.317071412414379417e-01
-9.574464876956900738e-03
-8.526603855956156330e-01
4.961854727135663889e-01
8.064261977497948486e-01
4.426097712183030275e-01
4.853108785888795573e-01
1.586809279368623926e-01
-3.015327074894313952e-02
3.481054002314094564e-01
5.651510485212856150e-01
-5.159380576960810316e-01
8.079591777395003227e-01
9.528104417999339049e-02
9.207644609832188465e-02
-3.032012021554337800e-01
-9.482675166619982665e-01
5.418481937887120736e-02
-3.063096310118431642e-01
5.069467981549531377e-01
5.448846542330909593e-02
-2.119302138403473812e-01
5.332047083971780399e-01
-8.671529877700099309e-01
1.853298767684781190e-01
2.115021112359412037e-01
2.994459075307800422e-01
-8.112680688130815554e-01
7.170231473119881294e-01
2.272074393103751255e-01
1.092033683326121274e-01
-5.986353092337324266e-01
-2.351846094966791867e-02
-1.522797050540645181e-01
1.751760285687493646e-01
-3.566362177007620371e-01
-9.470206758463373120e-02
-3.993433642604846678e-01
2.794351180097971454e-01
9.648168899803253318e-01
-5.068069657062990174e-01
8.156490601430788079e-01
-7.247509512938146159e-01
-4.465120713828774068e-01
-3.108639005358939666e-01
5.502799432268836721e-01
-8.229414708469595663e-01
-1.335433215831838272e-01
1.433942581769296343e-01
5.015076055139953137e-01
3.926634911977058273e-01
7.340941976935766444e-01
-6.958439067116468646e-01
-2.057807396722075577e-01
7.715461982559257414e-02
-1.474976083323960019e-01
8.930842966235728042e-01
8.633398011061352850e-01
8.201458273102177898e-01
-7.582927856171024494e-01
-1.460156996481469793e-01
1.638941003276339625e-01
3.027551101326515504e-01
-2.975350715233373577e-01
-7.675531122270777828e-01
8.216881032228944282e-01
8.476539080660623338e-01
5.047672293854803538e-01
-4.783546538212239962e-01
9.628157996165580546e-01
5.582114931721979811e-01
3.176227181532087496e-01
-5.264929954080945773e-01
-8.572362636501336119e-01
7.126517578716651258e-02
-5.812240284717737904e-01
4.355979480897009815e-02
2.688403289991880829e-01
-6.652426715755699327e-01
2.948791817377187652e-01
1.232773460346856531e-01
8.940494537694250177e-01
4.323736944272409399e-01
6.371193644295138903e-01
6.377119313273922341e-01
5.905716683302482117e-01
-8.506100643013665419e-01
3.921007920853685214e-01
-4.515693765174140228e-01
-6.439740981708299561e-01
7.337875992257887336e-01
8.602133249302932327e-01
9.446470729052964810e-01
-4.215547405188901919e-01
-8.262423805781531350e-01
-7.676837198996413481e-01
7.002838173502314856e-01
-4.963412638919639797e-02
-4.100464617539929524e-01
-5.385913840303357958e-01
-3.548981726615030308e-01
4.410866028797078009e-02
-3.734775421937801543e-01
6.876348450115374877e-01
-2.706504473940483102e-01
-9.090204704334754471e-01
-3.354806157603662520e-01
-1.244455039986931411e-01
2.425766041697325903e-01
8.393140155022351667e-01
6.638348581686479566e-01
5.045511112035607759e-01
6.175309865065623516e-01
2.283241691801416451e-01
-9.068806350032410091e-01
-6.646366174248019565e-01
2.294655490912689277e-01
5.715953212144908591e-01
3.837778721882449950e-01
2.793847183331215067e-01
-4.059005683503689177e-01
2.915282340125919802e-01
6.946613302481656760e-01
-2.364938393561148988e-01
-4.186539804803406373e-01
5.231607714009058885e-01
-1.634558915083466069e-01
7.770541278339866409e-01
-8.718965347179867820e-01
-3.105394020303444691e-01
-4.898645049750856018e-01
-6.038961884368998501e-01
8.341962019471267364e-01
5.817736733757472578e-01
-1.808774728693658407e-01
-7.422996727769568537e-01
3.874877590767920044e-01
3.685194813555892068e-03
-4.201575867044915480e-01
3.351678004169422742e-01
-3.443129913680040843e-01
2.032014145002865035e-01
2.724585527162426413e-01
-5.322248575278221150e-01
-8.594893454128316179e-01
5.912691319926730582e-01
7.892158119813967865e-01
9.204630975480989630e-01
8.803196108394164554e-01
-6.197888610871697956e-01
-5.199537967651937098e-01
1.758498164369564076e-01
8.693974256814875901e-01
-5.577649710159324759e-01
-1.035373758243238740e-01
-7.459369887771853946e-01
-3.432424465561065841e-01
-2.730377655780675816e-01
-3.967331455839717691e-02
-2.910549184810207191e-01
1.608709511530468372e-01
6.814531262307725878e-01
5.445056963088057422e-02
6.994760392573740049e-03
-5.215128627266503170e-01
2.296684481484794205e-01
-7.903722760401823422e-01
-5.645177990913086141e-02
-3.468319385107863084e-01
