6.158622597254435060e-01
-5.694623325224039689e-01
-3.055388709820261450e-01
-8.333584380814418324e-02
-2.783984893190509791e-01
-8.369307057074950595e-01
9.940287140648482733e-01
5.639292879356627708e-01
-5.227573340903335364e-02
-5.235887767635760692e-01
3.926655936317895446e-01
7.595938142244476055e-01
-1.761281815971464937e-01
5.878141850598297413e-01
-2.201702465022972177e-01
-3.087699836832502598e-02
8.889135399465457610e-01
-7.572933715275667055e-01
-5.083138359589580713e-01
-1.135862184890923388e-02
-5.249913735390698832e-02
-5.010246567191458666e-01
-7.425314165813123868e-01
9.152878515355944433e-01
-4.465699305048400625e-01
1.638018119251931637e-01
-3.137566431055283100e-01
1.975144534526718232e-01
-5.518763577870700043e-01
2.560998427832890112e-01
-2.575914809705788233e-01
-2.794615798840336396e-01
7.744485275680201841e-01
-2.495761085262828693e-01
4.206643284790745341e-02
8.606104328494279532e-01
-1.205103923037911251e-01
5.789769320822293341e-01
9.333856181141664266e-01
4.939121706826317126e-01
3.482306095284473102e-01
6.686988659363164444e-01
5.156803671237386588e-02
5.778151597524010530e-01
6.251554645230508189e-01
9.419841599177387614e-01
4.333684801758221905e-01
-1.904419399467760510e-01
6.879093941572544946e-01
-9.856350596964569277e-01
-5.064599477103448599e-02
-3.888238870996785224e-02
-1.391708384333507631e-01
-6.897891331894521194e-01
3.427292285643916969e-01
-2.265425419905946480e-01
9.458471083245867383e-02
8.079863586842856993e-01
-3.717420131159532293e-01
2.754288534001123612e-01
-3.819357170434867221e-02
3.559891610420420349e-01
-6.831325096696312382e-01
3.643724767040170676e-01
2.921093293287257975e-01
-1.096693799922168200e-01
2.372796907856429272e-01
7.042121860123495836e-02
3.093953394945274660e-01
-7.076558127724652536e-01
4.552075459173108296e-01
7.416813878417443107e-01
-2.965185898356421657e-01
-3.652828685116522589e-01
9.914210521319055669e-01
-5.131351950258844496e-01
-6.916507709636499079e-01
-6.243240044709945646e-01
-4.776067393477918532e-01
9.932517119483930124e-01
5.562296939327986411e-01
9.940345148620199911e-01
-7.720830048310411975e-02
-4.599362869708980561e-01
-2.857616380807743717e-01
9.704700610217291690e-01
3.035488719839043448e-01
1.369357589957114207e-01
2.465198734252402879e-01
2.063018802828997522e-02
2.215907900069251646e-01
-3.040289151389581335e-01
-3.061800333905420057e-01
8.196058914791255479e-01
1.703823949989282660e-01
9.366687881900273016e-01
3.552769421465415967e-01
-5.330190007915278638e-01
-4.757817060679017107e-01
-7.452735091083371177e-01
9.397616824619636766e-01
6.579499958526486836e-01
-1.816998673965464217e-01
8.548516090687312552e-01
-3.432457744254200360e-01
-4.822974719740718008e-01
-8.804789049472114826e-01
-7.198898437708234344e-01
-6.238155290547735543e-01
8.002645984571763460e-01
4.048643663468469711e-01
-9.173838352671159768e-01
-7.409093852982984174e-02
8.406348627893747150e-01
6.290753292241713091e-02
-7.942672043001253179e-02
5.828152430979092191e-01
2.515698272634794286e-01
3.004247353278621802e-02
-6.218632070852483373e-01
-1.534498357801283852e-01
-9.179387988154978917e-01
-6.586762279787246044e-01
-4.680045947419269048e-01
3.126899338005491025e-01
3.389645574629962521e-01
-5.818853673689223793e-01
-9.680418122621383681e-01
3.642814646444967330e-01
2.426661321593621690e-01
4.986393583232853199e-01
3.751207105170610845e-01
-3.639495394373104542e-01
2.773167771915234781e-01
8.910781525476867415e-01
6.599191663587322676e-01
3.376383231532640306e-01
8.596523984048771716e-01
-4.679134740984089991e-01
4.045448942694955807e-01
-6.815159409087896414e-01
3.198099218160124213e-01
-5.104295554448052830e-01
2.633944648916834996e-01
-7.826360124084685843e-01
-7.758447624464448467e-01
-2.641247585580022150e-01
9.586594534595263006e-01
3.007376865997348769e-01
-3.802459644087812229e-01
-4.136605362916840889e-01
7.402521878717964743e-01
-7.247014708610042266e-01
9.770463067434285165e-01
9.060256281692524727e-01
4.753457937044032189e-01
-3.551519376546863338e-01
6.239840794423967552e-03
8.949229256243960151e-01
-7.587126629990954552e-01
-3.575369711854816668e-01
-5.321107178854684872e-01
4.243266067717461620e-01
-2.421650718834922333e-01
9.538809884858425736e-01
-9.712135593243154119e-02
8.868702927859890561e-01
3.954504232660345231e-01
9.917117946652407312e-01
4.166111789920812214e-02
-1.109150014748161439e-02
-2.821108157584333309e-01
3.846059080081338788e-01
-4.385945019740111750e-01
-3.490547142791442514e-01
5.618531771898032101e-01
1.072363631314778853e-01
8.974855888402391013e-01
9.332322659813763188e-01
-6.977278253622809512e-01
1.407852452429774193e-01
-2.603222257208877011e-01
3.346766661982927271e-01
8.808440398058914322e-01
1.329660548941418163e-01
2.548215549046100037e-01
-7.005184206754653253e-01
6.968026323908682595e-01
-6.653330487289004225e-01
9.846047910954434101e-01
-7.041309058610281113e-01
-7.271353877375150709e-01
4.884079126144262872e-01
9.818779504489358878e-01
-4.205951284255207145e-01
-4.556850513455985574e-01
8.803009917371971138e-01
9.935794079789266320e-01
6.752090816444589194e-02
5.098610918319699259e-01
6.152374059343612700e-02
9.182029471234862683e-01
6.659608309125997216e-01
-3.726925269753582626e-01
-8.133848121844731160e-01
-2.757549248344342008e-01
-5.242894757922706983e-01
-2.566142676618718976e-01
8.739165718984431841e-02
6.463302891726985244e-01
-7.180892425484315389e-01
-3.625145451120330709e-01
8.110014701446470742e-01
4.559149690013044598e-01
4.327399116114625244e-01
-6.480020612439822969e-01
-3.911468853125499301e-02
-1.838347925180199294e-01
7.700508557374159402e-01
-1.145030949643730533e-01
-5.672680959805966872e-01
8.324012281345500863e-01
7.017811832370530745e-01
4.839957329270396791e-01
9.323325391398975537e-01
-1.116919369192788114e-01
-9.548948254621185683e-01
-3.145200208792422458e-01
5.409415116730227346e-01
9.700732790613575407e-01
7.114086451050039006e-01
6.995931720825443456e-02
8.269297590534192555e-01
2.504832390428903821e-01
4.747334737541284433e-01
8.237612357124057816e-02
-3.419856652818944465e-01
-6.056804669829052301e-03
-2.332212266468387529e-01
7.234145244638348071e-01
-8.657355966507276346e-01
2.968177078568601246e-01
-1.379008478935945803e-01
9.185685837465595860e-01
5.976094338067947653e-01
-6.860461985232182425e-01
2.951565353840508443e-01
-5.338424437161852776e-01
1.079494029228011964e-01
8.755583333617096287e-01
-2.247983807680715707e-01
-7.936808391065834911e-01
4.413180077157430325e-01
8.192322857863050256e-01
9.438577225902646806e-01
-6.581954118441508683e-01
2.969363349944824648e-01
-9.805254131646634619e-02
-9.250199675933292731e-01
1.922922661447779014e-02
-2.464746379543483190e-01
5.533892854956519169e-01
8.078359288620324818e-01
9.832408598823600965e-01
-5.565275930872324306e-01
