9.457718563935262335e-01
-2.450809385990893041e-02
5.442889111431981064e-02
-8.020460555057249419e-01
-5.048129016725402263e-01
-1.376488670064173192e-01
2.343133552292504529e-01
6.397231566225229926e-01
-5.303110659816714367e-01
6.506558653662701808e-01
5.043203576992487669e-01
7.174864764521222682e-01
-5.260370739203397150e-01
-4.178412641768989300e-01
5.032214144940752032e-01
8.858277062761612530e-01
5.097740418369156590e-01
1.060745210364453239e-01
-6.782232196794428791e-01
8.969873434823107949e-01
9.948194534382728271e-01
6.307840766888928030e-02
6.957747725113290205e-01
1.307368150855896527e-01
-4.462856563370940499e-01
-5.712876965002808838e-01
8.379479959841358294e-01
-8.284794458394892924e-01
1.305852597812833249e-01
5.506796995946028339e-02
2.051226089970308308e-01
-7.703948973685055268e-01
-3.175439295796542716e-01
-4.236760385115811989e-01
-4.028472521927715100e-01
-8.039797959904941838e-01
4.149480311470210570e-01
-9.831729856884199314e-01
-8.480975092674980509e-02
-7.126654959577032322e-01
9.086821653762964246e-01
7.606722336265068218e-01
8.446111952081027940e-01
-5.000348765223006087e-01
-1.320634925667025783e-01
-9.824318587673652736e-02
1.320089996386244469e-01
8.626344284170772703e-02
8.350990264798519025e-01
2.052244614665457156e-01
-3.433260708419172413e-01
-5.115449698534064726e-01
9.108873813865958624e-01
1.418040877785813336e-01
-5.876416963064277077e-01
-3.226743824554656470e-02
5.532868202119702872e-01
-8.281819236032106346e-03
-9.705343407518760568e-01
3.725532633199688526e-01
-8.921877890110188059e-01
-8.139710459003586251e-01
-1.497472614423722703e-02
-6.943124429707534517e-01
6.246014628662419632e-01
-5.067840040362381338e-01
8.184495245529395113e-01
-8.498288514964129625e-01
8.951018896779214806e-01
3.945261977880616389e-01
6.170141921767531290e-01
7.962567893455574364e-01
2.735807090605393288e-01
-1.369654923792005263e-01
-4.312501036570974833e-01
3.896535898806232634e-01
3.879064068763589113e-01
7.875926408837228276e-01
-7.764163296902590883e-01
-2.926801804377092697e-01
-2.952772748825027715e-01
-1.522674918456079496e-02
1.261489920401956955e-01
5.133001911505994386e-01
8.613818245814262031e-01
2.050842810894106805e-01
7.776526042971625419e-01
7.431232644148466626e-02
-8.234885692851598993e-01
5.564519358447483910e-03
-5.417423445187985465e-01
-4.689936894083279739e-02
-2.535692625856875715e-01
-2.897652287247391989e-01
-1.121630582749444383e-01
-2.093443342047327516e-01
7.650134978292137955e-01
5.629648255514059230e-01
-6.981256454791240351e-02
2.423675990088414167e-03
3.043047087693264707e-01
-3.703601325378906850e-01
-8.047327966743880179e-01
7.358274552726840056e-01
-8.690268310767321758e-01
5.869761000975197707e-01
3.351790125725162550e-01
-1.598227797633204883e-01
3.268614198588160047e-01
9.068504117736169157e-01
-9.780498832294259870e-01
-9.087761249331283153e-01
-5.112079536391587187e-01
9.671564956825196013e-01
1.083529640883911238e-01
7.336100439854953414e-02
3.557773088796554184e-01
9.744095003425450319e-01
-7.598884777949819203e-01
-7.634609643811194335e-01
-5.764002006723680793e-01
-2.017280320127778914e-01
-7.322249006669052651e-01
-6.643027508228853684e-01
-9.632732971526687393e-01
9.311607633923479899e-01
-2.125243802927629932e-01
-1.181582108902381467e-01
7.409388033313764055e-01
9.134613791018446616e-01
-9.422686157315722788e-01
9.217399057250403871e-01
-1.314507404809521773e-01
-4.668613714668381487e-01
3.151986151816221771e-02
-1.980977223685127520e-01
4.366507530283858518e-01
-8.614990392880379488e-01
7.079021805756595676e-01
2.046421789137975455e-01
6.640865665878914470e-02
-9.439227245801613542e-01
3.407816190117760602e-01
-9.819629258273263606e-01
5.931777974436389655e-01
1.539796495474037297e-01
2.861205308476417741e-01
-8.989118792461161522e-01
9.499944546454441863e-01
3.818061899858204988e-01
-9.341603391763337871e-01
2.146428302800493793e-01
-6.426182500786044027e-01
-3.076550330076470718e-01
3.565274194521736995e-01
-3.477610363578209629e-02
4.472515017107223656e-01
5.175149042637936514e-01
3.155595067678202970e-01
8.308875868847422907e-01
8.614732726930274254e-01
6.283100074417455883e-01
-4.758519965700198640e-01
-1.365553277937860965e-01
-9.182113896980330647e-01
9.292283851935492223e-01
4.880025517999742046e-01
6.962278860583577256e-01
-4.806808297675351227e-01
-6.507977756272775860e-01
4.722110299827548818e-01
-6.240393958359056192e-01
2.114595299841757203e-01
-1.630350837670566655e-01
4.873818408444252626e-02
-7.374643050673621580e-01
7.332090819464673892e-01
-6.428253160911392428e-01
-4.118821349772954221e-01
2.862830661331192683e-01
-4.816305548521551128e-01
-9.366575023281771273e-01
-6.015916353745931477e-01
-2.285899957465566956e-01
-6.899206719236099516e-01
-9.237932484780768672e-01
-1.579870742846334331e-02
-6.723574466063981792e-01
-2.516656298864639041e-01
6.411180444265263123e-01
-3.231935156975997980e-01
2.497674374524305740e-02
-9.360677398410630623e-01
-2.343222266080438043e-01
6.318252411630578269e-01
-4.062641621520348689e-01
9.972941144928664237e-01
9.408426896553350183e-01
-8.828096319465386088e-01
3.262116186686756514e-01
-9.783994850974864210e-01
1.129632845416550513e-01
5.261878807847413242e-01
5.418999230786363253e-01
9.149249742240719296e-01
8.481814832399048321e-01
-1.309517643350943672e-01
2.036137824194477197e-01
-2.313230922653848332e-01
-9.782222771999544708e-01
4.433984493286904360e-01
-2.671444286463153794e-01
5.415371526902252874e-01
-7.613664534900674852e-01
3.913295031293486659e-01
4.219260364637380523e-01
7.627645430068525911e-01
3.788356697375387938e-01
-8.158247717480604511e-01
7.599382762272250957e-01
5.465491917550433509e-01
-5.197685233376867497e-01
8.647905123100243507e-01
-9.318083892181139305e-03
-4.954502958838682414e-01
2.246354795112641689e-01
-1.103953849746577287e-01
2.457724359583144391e-01
8.053439059716158699e-01
-2.427536011952422523e-01
-9.265549009132900693e-03
-1.345633557683196813e-01
-6.530434706755028351e-01
-8.940369234245868491e-01
-7.644138637397164260e-01
2.220246181154807985e-01
1.987113050335551634e-01
-3.229588769954823135e-01
2.955930266124127126e-01
1.072460944738280464e-01
-4.175922159944445156e-03
7.541912311996272766e-01
9.596669705585429977e-01
8.082230140824191444e-01
9.372795007666085976e-01
-6.978664389390798473e-01
6.778282253754561726e-01
-3.261427029977532754e-01
6.935962713713139660e-01
-4.451000694831450666e-01
1.182552955601434697e-02
-8.218386090016509549e-01
4.625823764069973976e-01
-5.816522263472008181e-01
-8.724178968815985424e-01
-1.327277122352386041e-01
9.071457822949655636e-01
-6.457465276711575886e-01
-1.199134283950460400e-01
-4.795072624233793768e-01
-3.714573947214863114e-01
-6.331407471556136368e-01
-6.655115049330204702e-01
8.956880200241454926e-01
-8.016351988532925965e-01
