8.347306940730077063e-01
-7.025627858349992039e-01
8.785582177366524359e-01
3.458577487521246052e-01
8.370644670840063917e-01
8.771732734998767267e-01
9.156007650943420728e-02
-8.149528266867882564e-01
-1.099202768341966951e-02
8.189066342177513391e-01
3.771455789336579656e-01
7.957150086306259418e-01
7.906648653638563840e-01
8.527559051635094090e-01
2.424741894452484559e-01
-8.418024785089572859e-01
-3.790219823216347539e-01
7.298165018967437412e-01
-3.529294618680474116e-01
-2.843486651225750617e-01
3.123022190369899587e-01
1.490196271946413464e-01
5.627494482772152917e-01
-7.339198037295897592e-01
8.320704891503001299e-01
8.661263762739308536e-01
-9.100475716196436693e-01
2.338462644528800372e-01
-1.180296736208550357e-01
-3.146386581931424065e-01
-7.341284801785736835e-01
5.809750012721650592e-01
5.487532161583714707e-01
8.577091498723397045e-01
-4.120385890469626666e-01
7.561489918693773404e-01
-2.956781904516123660e-01
7.264102270149641605e-01
-7.943591655161719167e-01
-6.964775396100488791e-01
-6.873845064444015218e-01
8.473260157332584974e-01
-2.769362849072058985e-01
9.944513528300957805e-01
9.188604729005076521e-01
6.951446453964602590e-01
-7.759558710411715854e-01
7.325419324834245849e-01
8.863390392270260598e-01
-4.505862295798861439e-01
4.822584194599508489e-01
-3.487406247208055809e-01
-9.172262117448071184e-01
-4.096817555232932229e-01
-7.251882300693559547e-01
4.882433321884074306e-01
-9.709053518934658289e-01
-8.417207522367831096e-02
-6.609598433461103539e-01
1.388227495335243589e-01
-9.312565125131657684e-01
-5.773685440594329421e-01
7.266818352885515697e-01
-2.467440543750423210e-01
1.617845048814259279e-01
8.558306845191563372e-01
-5.600500142740802989e-01
-1.943686303251730418e-01
-8.711697692536699567e-01
-4.800654976490263959e-01
8.268950769675631474e-01
-8.629762501701090383e-01
3.774460107721573365e-01
-7.178976729142554358e-01
9.185703245939125239e-02
2.113653611189973969e-01
-7.914973971867620417e-01
1.185939459312690403e-02
-1.311288879879233260e-01
-3.278350447386737532e-01
2.827656030332879045e-01
-9.653838627974766773e-01
4.705109129739835083e-01
-7.719340904139864179e-01
3.066480507736990546e-01
2.429248662512584200e-01
-6.214169691856581412e-01
-7.877780000709375674e-01
2.600547569411930660e-01
-9.780058291994022657e-01
-4.870498433055590048e-01
3.999407431868295948e-01
2.895040809543054650e-01
8.789461416837378582e-01
-4.194001395044921754e-01
7.355683792668614718e-01
-2.318230148218236586e-02
6.705054879303107285e-02
8.046456383795239642e-01
3.798234405473959185e-01
9.835799939073681664e-01
-6.465753112814045522e-01
-2.348953261537547466e-01
-8.599314978165129020e-01
-8.671617105061244501e-01
-5.711136135865513275e-01
-4.129841461377705691e-01
5.558179794643902660e-01
-4.196271906207369451e-01
-2.951264437700227283e-01
1.974145899148851413e-01
9.826783197952528859e-01
4.657216020439587378e-01
7.340177336893429771e-01
-8.561498766670152527e-01
-8.100828306452929617e-01
2.159353897216207407e-01
-7.830632921785887213e-01
1.889600725241578072e-01
-8.726585660256225285e-01
7.230219793318319876e-01
9.309164289560341032e-01
-2.504089392907862255e-01
-2.778116654261397755e-01
-8.032552415372742338e-01
9.741411934901389458e-02
-6.235712424423005551e-01
6.054785146710681687e-01
-9.670109486453046799e-01
-2.424073307329119853e-01
4.018164487169355592e-01
6.991832553789878446e-01
-5.182007140521105448e-02
2.118366690086190829e-01
2.227098175093791266e-01
4.316595223414558813e-01
5.080837454703286404e-01
-5.126001865267981739e-01
2.280354830734638849e-01
-7.831303217850364984e-01
4.742245069686112924e-01
2.655889985203523374e-01
-1.356079542806751803e-01
1.882430631966374168e-01
7.606270790456515218e-01
2.914427266387433768e-01
-8.767143092884086553e-01
7.659247224197915926e-01
-2.302979735768451164e-02
5.562549516053256760e-01
2.338542650353785390e-01
-3.056812602353655706e-01
-2.308033946418086568e-01
8.105115503776243457e-01
-2.550721818973318289e-01
5.777454225321188019e-02
9.018584232251904975e-01
-1.245294027184797869e-01
3.526265185940427038e-01
-2.319466031941348483e-01
3.467988986494698889e-01
-5.316416544188575788e-01
7.595939560774500610e-01
1.640098757661929696e-01
7.254214882074132564e-01
-5.639086394984111905e-01
1.962988869484312282e-01
-5.959601441552742074e-02
-5.955670201076641579e-01
8.802034423562399290e-02
-8.751422825459223009e-01
-4.744855394890401534e-01
-2.997876236330068167e-01
-6.356880424259854223e-01
3.224659897963977340e-01
3.189471016779634738e-01
-5.826191291778228809e-01
-2.247644297607056529e-01
1.749606897480806555e-01
-7.964443497056050703e-02
9.583501927075404048e-01
-9.791152126263515942e-01
-2.786228393470684406e-01
3.072276782427052488e-01
8.735457502296244403e-01
-2.539190690461312627e-01
8.919486337082593863e-02
-1.135416810180449598e-01
-4.886033663815905204e-01
-8.287683054937295957e-01
-6.936588514651187420e-01
5.490363925254759803e-01
8.488917194115463971e-02
2.909423098499568372e-01
6.005776057482943298e-01
-7.140069852394357319e-01
6.861163242920313987e-01
1.929039760286777039e-02
-8.980376606475315437e-01
-9.602217537437571782e-01
-9.995927245306048814e-01
7.030398204107604077e-01
-6.697215305302766097e-01
2.689438129713006553e-02
-2.565707416348323999e-01
1.836926476231284244e-01
1.082464118907282558e-01
1.516331775278583205e-01
5.580409283795073616e-01
-8.543056555428552024e-01
-4.528603767369112632e-01
6.450858462325668174e-01
8.468778105405758705e-01
7.242752091806636816e-01
-4.686478923687831255e-02
-5.366670522358698570e-01
-8.912576308873336739e-01
-5.987031798307849151e-01
-2.096396704534009281e-01
4.782764928089564549e-01
-3.609192803409513317e-01
4.274978106562485891e-01
-9.482628489538846850e-01
-1.392030315645877980e-01
6.732190917434155430e-02
-3.336577334362789138e-02
5.068471484837422381e-02
5.738235155502284801e-01
2.148585763505650448e-01
-4.087006007010896003e-01
-5.836612547019532915e-01
4.354340408583929900e-01
9.520566269305508200e-01
-4.550852651675694194e-01
-6.231181164106722736e-01
-6.192113478363092671e-01
-2.030639115045453913e-01
7.504430108245576658e-01
-5.442846378640084914e-01
7.270520572384284730e-01
-6.384689130606822083e-01
-8.636435923299945472e-01
5.771673073064855775e-01
1.700273416732880349e-01
-7.273630361483747198e-01
-1.272225977518450790e-01
-3.597025032516154575e-02
-4.668410372784708162e-01
9.721397130006597109e-01
-1.301754659360436772e-01
-1.040351094973410717e-01
-9.950996264935398905e-01
-8.788698227273143981e-01
1.028882590098134653e-01
6.668434580167206249e-01
-6.269743574793640306e-01
1.166770058331234594e-02
-1.327353709744794052e-01
-9.463694738354502256e-01
-1.371003185305019745e-01
4.599763690273115380e-01
2.607550869740282717e-01
-4.029157616788228147e-01
6.274302979577783823e-02
5.889853207107804689e-01
