-9.596041164622610697e-01
-8.312741461033841261e-01
-5.291711824860401148e-01
2.431843237157065296e-01
9.903877479718277144e-01
8.186894803192392711e-01
3.808865153899838596e-01
-3.326052689239769045e-01
1.321680727495007091e-01
-5.412701280474703225e-01
-6.464615201988872517e-01
-3.025913327468789937e-01
-5.521244227959529738e-01
-3.152781567928473194e-01
6.610748420120071689e-01
2.184941680187169055e-02
3.471658463263627148e-01
1.968000672402221429e-01
1.100940460363359907e-01
-8.032858387345687134e-02
-6.859892908546001422e-01
-9.435501039837255188e-01
1.475758447947599361e-01
-7.833445278876449702e-01
-3.551752004352883851e-01
-5.946870576468441527e-01
1.749611433460462884e-01
-3.655478050121818701e-01
5.724752144278024701e-01
-8.777565640071285369e-01
9.664806443543800807e-01
-2.744851335058906550e-02
1.782566979803983376e-01
-3.777188459343334692e-01
-6.609615099419019479e-01
-5.680459260042729497e-01
2.128716077178609556e-01
4.555130522292920592e-01
9.279435090743064496e-01
3.030848741984628614e-01
-1.638664883933891314e-01
8.103441898785688213e-01
1.210789751889962407e-01
9.582781605575774186e-02
-7.771141298902699557e-01
4.557034686158096815e-01
-5.367089528205837290e-01
-7.561566824605958637e-01
-6.158376891888268645e-01
-1.411490444464114091e-02
6.746352614603725595e-01
-3.723283756049478033e-01
-3.500799205606734965e-01
8.881069171166038334e-01
6.440224387107280624e-01
5.012755434319009495e-01
-6.662159219653851494e-03
-1.119329152723991250e-02
-6.898863304012079478e-01
-1.444392632650977060e-01
4.260405987255466709e-01
7.661716370076119276e-01
9.118863132112460246e-01
-3.714861027157962958e-01
-9.243202312632965434e-01
8.836125392155627090e-01
9.240179133427948166e-01
6.350986496331085807e-01
5.705897290059118721e-01
-3.710039672421943102e-01
-6.965457113651032373e-01
6.534895838905230292e-02
9.718980271616186606e-01
-4.520698462958001596e-01
-3.101244413585118043e-01
3.866821962270083901e-01
-6.281786186188218490e-01
1.919572812103058634e-01
-1.071584067098310111e-01
-2.296929525532731553e-01
9.862184395467437081e-01
-9.028136109491147199e-01
-7.986778947390684724e-01
5.650750997428557465e-01
4.907603160008491283e-01
2.035739313018605223e-01
-4.056181822396507375e-01
9.845904299543701832e-01
8.541689339118851976e-02
-2.683622875405622388e-02
-4.637673809195490549e-01
-1.421071677081262585e-01
-5.749273219356105802e-01
2.023748438679981998e-01
-3.531843164502752597e-01
-7.763799005073050985e-01
-1.707251861882261856e-01
-6.971801608402865558e-01
4.836843195193127887e-01
-2.149043935785044379e-01
3.433526476446993048e-01
2.385962368076617324e-01
6.720797282052830557e-01
-2.458974464140450955e-02
5.984814995969345297e-02
8.940577975529919730e-01
1.104977138912299761e-01
7.956639558295277581e-01
-7.124266747827450175e-01
3.825505782946649891e-01
-6.446562286595209912e-01
6.657478221503061455e-01
-3.504166756584559117e-01
5.788087942072932535e-01
1.242984374309406004e-01
7.806310136100607089e-01
-5.619483763111610131e-01
-7.908156403613468832e-01
-6.936837863974452123e-01
1.157506332615527711e-01
9.286255890551409209e-01
-8.052465939402786432e-01
7.524367382365133583e-01
-3.494683059601428887e-01
8.621230186781354554e-01
1.555862814883079981e-01
9.165530906137604461e-01
6.095112589822009319e-01
-2.541185264312932901e-01
-4.243079306979902210e-01
5.799734986695812555e-01
-9.832059894683986556e-01
-4.876364310503440436e-01
-1.852643914291614013e-01
6.978712016998698253e-01
2.948521778505246438e-01
1.333904821499887206e-02
-7.150325608703027580e-01
-2.062192568036920193e-01
2.697573054645685531e-03
-6.914301023762245979e-01
-1.764108918727747000e-01
-1.111808269563534513e-01
-8.672182080675194804e-01
7.240371787499844114e-01
-7.009659864911765847e-01
-7.636327624789285284e-01
9.999934378473951391e-01
-3.120609874841380194e-01
4.304339620857895454e-01
7.390239558534688058e-01
-4.985673214120793784e-01
1.923638117430630512e-01
1.096660149261003969e-01
-4.940209959806598494e-01
-8.224280837127286858e-01
-2.586667611208157691e-01
3.009330998028505455e-01
9.416387225601365873e-01
-4.413569316783338969e-02
-2.852657334790622556e-01
-2.638658548912775625e-01
2.478503680965360445e-02
5.275560363986926404e-01
-2.396150048142129396e-01
3.910248590623144338e-01
7.604626131682168388e-01
-5.875811834166422276e-01
7.077641458573269428e-01
-1.266087808612486043e-01
2.686542926846517965e-01
7.021841333021523468e-01
3.167920713824963208e-01
-4.492838625941641961e-01
-3.488567918627749620e-01
1.214793100325173292e-02
7.205614121003647288e-01
5.180433559126376153e-01
-4.627415392085156842e-01
7.175481050856611365e-01
2.280446590565428089e-01
1.358470308221337852e-01
-7.192659751003693813e-02
-1.137982431866080280e-01
-9.782653374935557089e-02
3.554789997343335006e-01
5.418188612014995797e-01
-3.500125214393734474e-01
-6.059659419748708586e-01
3.287878195162496908e-02
-9.895741447579200489e-01
-7.097058629417603015e-01
6.473063833106631471e-01
-1.526609767803861484e-01
3.295962713088185225e-01
-7.695805604589245341e-01
5.279909074447441952e-01
1.283191820685281037e-02
-3.791039692560607133e-01
-3.900947868616173597e-01
6.919424468276247353e-01
-8.689323763000156298e-02
5.825442472365491842e-01
-1.960014519770858499e-01
-1.382754620861992301e-02
8.914835027487459929e-01
2.238861804665963628e-01
-8.113358961569516747e-01
7.638209447180035472e-01
7.042985516071973429e-01
3.733147397535552248e-01
-2.487159401760055122e-01
-9.797435673096785980e-01
8.802736634251011605e-01
8.383413565965887049e-01
-8.681719511396723821e-01
2.896989992051659524e-01
6.643808244125304352e-01
-4.666532702269599042e-01
6.144360112679694286e-01
-6.843064636387028443e-01
6.783082329420904166e-01
7.292187845011262048e-01
-7.429144492459500704e-01
9.023781358489193494e-01
-6.307485319438534965e-01
-8.382203672459056509e-01
-2.221626346845952948e-01
-8.801191319683021597e-02
-4.189278601323802587e-01
-9.586109503302659984e-01
9.008281953268371112e-01
2.001552542150775160e-01
-2.035918640061273877e-01
1.330821753646507233e-01
4.351937835326917803e-01
9.667007142631134364e-01
9.434529448203496926e-01
4.036957685404372054e-01
-3.701224158747642434e-01
2.544563660910410530e-01
1.719878100055738379e-01
6.748430573074304384e-02
-4.485763564480662602e-01
9.787964489165965620e-01
-3.861276918461915564e-01
8.178047727780606291e-01
-4.982669545942861600e-01
5.797708763831646017e-01
-2.162125486451689227e-01
-3.265988025977661913e-01
5.584670802326261452e-01
7.796059982204528449e-01
-9.092485975097941431e-01
8.975799323189022072e-01
9.516292987144161497e-01
-6.830950504239063914e-01
7.665305751228692621e-01
4.879920415984764226e-01
3.198643255200988023e-01
-2.413988186682594073e-01
7.146481695657058708e-01
4.642656641934956863e-01
9.715765743028155210e-01
1.611373814810490579e-02
