2.182564681614529434e-02
-5.861206302844275129e-01
-3.950113265005694707e-01
1.791698595670843108e-01
-9.154427660476656126e-01
1.199021468630268039e-02
-5.644786953812788166e-01
5.186437427926446908e-01
-3.780702826299764396e-02
-2.009795510832577126e-01
-7.521601064015064342e-01
-6.662918670598467763e-01
1.799413020712175015e-01
3.136620378111585339e-01
-8.847871951499186594e-02
-9.446608530751905430e-01
6.932375292584416204e-01
-4.794981036344838632e-01
-1.973516210481740529e-01
1.389163166533144977e-01
1.186149423824303106e-01
-8.750897371652799350e-02
1.262034827657314562e-01
7.074313387299668854e-02
-3.656308126447684881e-01
-7.337426723705577913e-01
7.724449999356410856e-01
7.770514872749600954e-01
7.680255660985220167e-01
6.867680144774075401e-01
8.941985176269917623e-02
9.135894341034498378e-01
3.026943200534724099e-01
6.137035586287411526e-01
9.139629982190617952e-01
-1.591258178889034536e-01
7.636300229063910372e-01
-7.375094902403560582e-01
9.439185189867400627e-01
-9.080043155610233452e-01
-2.269333497992056525e-01
-2.165600387886772449e-01
-5.029993768797698106e-01
-5.225134172602095006e-01
5.207377044671752664e-01
9.189312345214899480e-01
5.687870416867470968e-01
-2.707366773036057328e-01
-2.861551393176253733e-02
8.969711404167610702e-01
6.310522329896268712e-01
-5.413859238451701472e-02
-4.712552979130049113e-01
-3.293850186029960714e-01
-5.679064603878962725e-01
-5.724303287680825303e-01
-2.886086166369439265e-01
9.891371199806600067e-01
-6.825839863347360481e-01
4.609096391810085791e-02
3.493869985367756836e-01
-6.001981568845469184e-01
-9.997518064472008525e-01
7.923680548080012098e-01
4.606955283391660494e-01
-2.648583640494850400e-02
7.134572017228195673e-01
-4.306767387801795355e-01
-5.090235742332123170e-01
-9.110068738737853167e-01
6.700358480786450244e-02
-2.560489879879914721e-01
-5.331214162856976468e-01
-7.957432475781827108e-01
3.019590247489558621e-01
5.283634989366827739e-01
-7.721782734299136308e-01
-7.481559839832765402e-01
1.349679967238548439e-01
3.433490396217879770e-01
-7.036274298677391847e-02
-9.343936827799994571e-01
7.644555378309678684e-01
-6.743494002629000228e-01
6.624535289975559404e-01
-5.833988217393670794e-01
-3.574228202342097926e-01
-5.182382313584794620e-01
8.832543406703041722e-01
-6.278985310815123899e-01
-5.567385428312543461e-02
7.541230704819290587e-01
-5.869618297236389726e-01
-5.350609032282613864e-01
4.930945607125190033e-01
5.468189961838001434e-01
4.483952969501283636e-01
8.274650267048635488e-01
-3.132903978703787118e-01
-7.817494037928389705e-01
4.001372774777141039e-01
9.388147701400664236e-01
8.324586985398612082e-01
5.904357728930691440e-01
-9.842210895913059421e-01
-4.159860930448169292e-01
1.928327098100881543e-01
-3.847060924663425752e-01
3.148872455862379294e-01
-9.324557202218868301e-01
-2.810121819080828587e-01
-4.490739235808558494e-01
1.531614661308959846e-01
-9.948606282459813155e-01
-1.046911103581826818e-01
-9.486132275287937343e-01
-3.069170121676190188e-01
-2.878524345224964254e-01
1.275891881444910503e-01
-7.374896091859959313e-01
1.352813674590953585e-01
6.215528438677844214e-01
-6.767671694763490731e-01
-6.283332104361585291e-01
5.049855314154161334e-01
3.711744014824367444e-01
-6.971863679125069879e-01
1.133189832904391015e-01
-9.123227448589816824e-01
3.150844122447933326e-01
1.980094034271020487e-01
2.263137211754076006e-01
-4.650164644767023070e-01
8.569693814501870843e-01
-5.758085566640873676e-01
7.731811665098742292e-01
2.752918855235926276e-01
-7.829732881011146617e-01
-2.056426805012074865e-01
1.140741495311370368e-01
4.133080670055691019e-01
-2.973006883901880837e-01
-9.753820836237243608e-01
-4.697006508959911120e-01
1.852611488329971579e-01
3.092126623814863695e-01
-3.815303784709453971e-01
-6.510806122137628993e-01
-1.109919205650995444e-01
3.767154574040070258e-01
8.241961386507650200e-01
9.309735025482883675e-01
-3.267113955627183319e-01
1.640271020745009967e-01
9.391067385118894162e-01
-5.147984450209446283e-01
9.540846223353849354e-02
8.791986865078147417e-01
1.531328254089667773e-01
5.441345420821888101e-01
-7.710073030479516198e-01
3.862674239094827655e-01
5.821306058800099770e-01
-1.691885387342035862e-01
-3.202053778163249653e-02
-8.476723005592756710e-01
-8.484993235827473779e-01
-3.859262711540223378e-01
-4.058568854091062494e-01
-3.012213347387977525e-01
-6.380263234500394010e-01
-1.254341404830443540e-01
-8.673675316607960539e-01
-8.949564443137680847e-01
-4.451308429543070488e-01
8.574102861092318673e-01
-8.629501081594059819e-01
-4.885859824508067550e-01
-8.437407061244672768e-02
-2.545742214783710544e-01
-1.284198449382008000e-01
3.356556945672592995e-01
-3.830293151859121004e-02
8.414772902868727922e-01
-9.443891411624136811e-01
-6.689386127969101370e-01
4.197776257973957481e-01
-7.444059524700690211e-01
-8.125910287731288317e-01
-9.184603836690707901e-02
3.901999949507628518e-01
2.703907129754270500e-01
-7.067953881198050237e-01
3.388681869993561691e-01
4.211652733161974638e-02
-7.775495014873032851e-01
7.633573287948003383e-01
-4.646372856839193766e-01
2.454143633684253700e-01
-4.865153745351933345e-01
6.107277707504921160e-01
-8.975440023666176881e-01
-9.418717817529731473e-01
5.684195530823221709e-02
3.910329197595194817e-01
-7.343222116888887818e-01
-7.060507774442938977e-01
-8.354733952211326198e-01
-8.852768664111021479e-02
-3.895722148517375416e-01
-2.068498538669010234e-01
-9.117253980946082859e-01
1.041452137986207394e-01
9.515635916998366195e-01
-3.218762220232984639e-01
-3.307644828366949064e-01
3.116530587322308143e-01
9.765242466393639909e-01
9.261132181575266742e-01
-9.045934796561734270e-01
-6.593289121308976153e-01
3.470269910790664269e-01
7.611993062989814707e-01
-1.161257853342008151e-01
5.806617711477495281e-01
7.223491832328492457e-01
-5.405071995808095053e-01
1.227373638483868490e-01
1.196817845745135056e-01
-2.064022190826662051e-01
4.143220447421538388e-01
3.136122462895334362e-01
9.876893379756550573e-01
-2.802097594925618829e-01
8.933060219090456222e-01
9.094724027793505972e-01
-8.734470514239194294e-01
9.278863974339746079e-03
4.890505149177828415e-01
7.904693057539429191e-01
8.667050400416684841e-01
9.256459508287087079e-01
-2.033539251488098998e-01
-6.641101052866749122e-02
9.045648763800335779e-01
-8.108720421438431192e-01
8.948390613823773432e-01
8.948472557782591874e-01
5.298358184191485076e-01
-4.989028426384103376e-01
-5.252111638021172979e-02
9.581149433783120450e-02
-6.015508650202519014e-01
-5.247095023423176130e-01
-1.397929681040397387e-01
6.074295816729415876e-01
-8.684136975062188846e-01
-7.681627199144005491e-01
1.373982050323310222e-01
1.691992531366632857e-01
-2.425168605908136765e-01
-3.995925266011113308e-03
9.889236776503851356e-01
-3.796911244112912698e-01
-4.493324570355232694e-01
