7.165345174804522710e-01
-9.010855453201704890e-02
9.803280301031591648e-01
-4.020026693359628478e-01
-7.227173120066097134e-01
-4.874479167185352679e-02
8.847958543358882544e-01
-5.678303601490761743e-01
9.016504525528494796e-01
-5.374224469083146438e-01
-8.675117729176744508e-01
7.361217516059226362e-01
5.218605517187879794e-01
3.574220194180932619e-01
6.456725222840518086e-01
-9.589851246078320290e-01
-8.960229882290482450e-02
-3.325572184512370910e-02
-4.408789941370798715e-01
2.707396050505370688e-01
6.041896385407690140e-01
-1.080946282514154699e-01
6.453093019979949663e-01
-2.157840909031674137e-01
7.029504731191549283e-01
-9.442716763563610005e-01
-3.671824416162394744e-01
-9.747026249611843163e-01
-5.357280428794071181e-01
2.838244990062406270e-01
9.741578001261452791e-01
6.947423077398466873e-01
2.315266259574222385e-01
5.835013875405314909e-01
-6.640692736833224696e-01
-8.087031786280525214e-01
-6.636934820731767992e-01
8.869949079336461040e-01
-4.110448055585693705e-01
-5.658330839265008905e-01
8.038231030069866723e-01
-9.584821234358820163e-02
-9.050576300563828447e-01
6.803795620217809592e-01
6.532468228651371334e-01
8.654169822970443349e-01
-3.957469454187449998e-01
-7.386979763914440777e-01
-4.987423298782041048e-01
6.218225539203958707e-01
-2.712706086088105817e-01
-8.751104947644336995e-01
-1.324366778024113067e-01
9.960975711511237396e-01
-2.638076432908045277e-01
-9.791745264567217610e-01
-6.849810229335262513e-02
-5.575598940519452817e-01
-4.283591058623397174e-01
-9.054348736895112548e-01
-8.935854604299198201e-02
2.583279906288187266e-01
-2.521394679751498558e-02
5.578599037618012790e-01
-8.705796396260043757e-01
6.998876482168616686e-01
-8.993943822995185133e-01
3.490892845972117797e-01
-1.809349913325044579e-01
-6.218890196315802754e-01
9.673475116533951645e-01
7.255443117252495799e-01
-7.782430852905024565e-01
-5.294889918504308568e-01
-1.739563889613409131e-01
1.410605754295464198e-01
7.641435241844807269e-01
7.915714864041358823e-01
1.149502860974105367e-01
4.794700267104012870e-01
-1.768435188413703951e-01
-2.052960982210527696e-01
2.945610724103597811e-01
-9.162873176418435683e-01
5.690886659850284968e-01
1.016703763138542271e-01
5.348097596342864524e-01
5.158181800486676405e-01
4.986297318791694799e-01
-5.128072963119330030e-01
4.450371183294792310e-01
-4.799444879430116995e-01
-3.340661087121832296e-02
3.661510231976139451e-03
-4.513723915900151873e-01
-8.484419787130430546e-01
-9.436390215681531579e-01
-7.194979783134176632e-01
7.171400374367120634e-02
-9.333350615483380075e-01
5.900292994513856026e-01
-2.585916436543245212e-01
1.186869475725496059e-01
-7.435976728869428953e-01
8.130150166087410923e-01
4.515777651736427867e-01
5.712786630815775979e-01
-2.305412157325483768e-01
4.933787205570194789e-01
4.802871021506196492e-01
-3.608444272007973463e-01
-2.189072380582368638e-02
2.965147534149934483e-01
2.042682707989305069e-01
-7.350609254741011789e-01
-1.895451652615227633e-01
-4.469391261406747695e-01
2.945842722382268075e-01
-6.774548584323827338e-01
8.318947880312510534e-02
-2.105821515596639770e-02
-9.771258500440072048e-02
-9.876471411345879581e-01
1.065156431432479067e-02
-7.640945408325947596e-01
2.558133114165939137e-01
-3.896477211380322547e-01
7.795268893053510784e-01
-7.915499074316978412e-01
8.325845667147169227e-01
-6.120000070312221485e-01
6.806254225085677234e-01
5.905105556638026165e-01
-8.784582974048307236e-01
9.803577010530302172e-01
-4.635938451788956804e-01
-6.412280197717032948e-01
-9.428004759930110890e-01
-7.962444347635297959e-01
6.858927235281031543e-03
7.732772729689045832e-01
-1.714324782537308689e-01
-3.501488966137800141e-02
-5.237150441340301388e-01
6.733638045011667295e-01
-5.326365922799323194e-01
6.320571330703383950e-01
-5.862590654262076484e-01
4.563035569942344161e-01
-6.109038035057696714e-01
-8.854647366246815032e-01
-6.349110806458131417e-01
-5.098542427419896494e-01
2.133343758955152936e-01
-1.582582687513263142e-01
-3.890595907070868442e-01
6.464884085853785933e-01
-6.851883870287540645e-01
7.690788878468362011e-01
-4.578710922692381668e-01
1.722930141673029159e-01
-4.213595572067527772e-01
7.714538481994215324e-01
-6.421721334495766875e-02
5.161841505351767445e-01
-8.107851440063651438e-03
-2.213689450503106837e-01
-4.038657618714793784e-01
9.498478544190898099e-01
1.269167518552150042e-02
-3.894349465797091181e-01
-1.344574197252348391e-01
-1.873902439748593718e-01
6.997807331962797583e-01
-9.285188211201034214e-01
-1.770709974131079445e-01
-6.941456949664119858e-01
-2.988782079953482551e-01
8.635291079286802063e-01
4.211332624710744099e-01
8.404810193841194543e-01
9.188505553343511156e-01
2.923421530894527720e-01
9.939052273112150004e-01
-5.371423889536064422e-02
5.566582461460289899e-02
5.807316204816710403e-01
-8.449668421155807074e-01
5.337941183721126581e-01
3.814786180534539550e-01
4.944695185598357856e-01
-6.535782727112420254e-01
-1.156513897689168680e-01
5.513784154013929850e-01
1.158173600145595561e-01
-4.844729918485306541e-01
-2.207067678926197818e-01
1.115233697821733649e-01
-8.790287614233569524e-01
-7.368410881190774475e-01
3.984862598951943724e-02
7.738647190668812570e-02
-9.792283405533039886e-01
9.941219637856675284e-01
-7.162437085556427885e-01
8.727818122084534114e-01
-1.504061317573932577e-01
-7.804622456286303134e-02
-6.539544255910560988e-01
-5.965470377917958533e-01
-7.984161305964037059e-01
-5.729865387072108351e-01
8.421010993676496525e-01
-1.546509652306959914e-01
7.522434348461963793e-01
3.119293342187492435e-01
8.509759595237365026e-01
-9.205245120813780879e-01
6.970452874325114845e-01
-7.583325058553385123e-01
6.841391959563412062e-01
9.065204533669350973e-01
-8.465603349315116155e-01
7.981531344772747616e-01
8.156234929464609706e-01
-2.037834331119465769e-01
-7.910613415637215429e-01
7.846828828868481764e-01
7.044400497526772664e-01
2.949628108732620380e-01
1.141554891415348383e-01
4.082367812169112042e-01
-4.951713155068901973e-01
-4.572588010533320535e-01
5.123278625893232796e-01
-1.425043303444180065e-01
3.318447908405961488e-01
-1.190258490449944695e-01
9.764020605645726825e-01
7.381321725914258280e-02
-8.943920257483193303e-01
2.123900494966917130e-01
-9.737379582636114250e-01
1.061692970872902819e-01
-4.311919400842605388e-01
2.519256526900814919e-02
1.427879243080265592e-01
4.245246183980191379e-01
-8.369804270317382500e-01
3.523896260360541710e-01
7.903572017139475214e-01
-1.160339914804218164e-01
8.705207096028191316e-01
6.860660148692361293e-01
8.893306330899717338e-01
2.694369312777971093e-01
-9.152100212142850744e-01
3.845971785296145029e-01
-1.961042320311137122e-01
5.504160699697933090e-01
4.163204693144544333e-01
-6.900025111481953299e-01
-9.193863137070912295e-01
7.459570108522870502e-01
3.550124560184986233e-01
