1.366316596441214948e-01
-6.078180271120132705e-01
4.989995591007696518e-01
4.215372603570766152e-02
-7.235943888923404010e-01
-4.575404766855646344e-01
-9.887684579071260860e-01
-9.835124652305486936e-01
-8.696692843624198588e-02
-9.361729559434350811e-02
-5.002920058443420803e-01
8.666499004938155171e-01
4.082718833788236967e-01
1.780533035618547810e-01
4.746692963103347207e-01
-6.585227014883030527e-01
-8.460489460891240654e-01
-9.002814495857094368e-01
4.053876477239111153e-01
-9.493072562200604025e-01
-2.283070583165514034e-01
-7.893779088638699371e-01
1.365630226306291384e-01
3.675421732194068536e-01
2.126928992496823767e-01
-8.477602581573537854e-01
7.076630742061456036e-01
-4.427137779784717786e-01
1.329750311320507805e-01
-2.622803134807671910e-03
-2.018036074177778083e-01
-8.341368920397245201e-01
-4.494325148409521464e-01
-2.688782615955769284e-01
-8.725355561061274301e-01
-7.205341147913824074e-01
-8.769395943069422383e-01
9.008307929900927213e-02
-1.635590879867188097e-01
9.455108734083466082e-01
-4.892531800474315684e-01
-8.718884662754191606e-01
1.777488763324841514e-02
6.059738820087035016e-02
-7.175345103621635356e-01
-4.206647001301124789e-01
8.177203037776752392e-01
-5.990498608937651071e-01
-2.436144285876107318e-01
-1.995429849728989069e-01
9.227918830842378739e-01
-4.927646425899649962e-01
-3.354830836969784347e-01
6.697296007294000209e-01
3.100817521432943646e-01
4.021804640156139143e-01
6.248800443078299516e-01
-6.720043540206477317e-01
5.144293744366608134e-01
-9.355147525560518762e-01
4.151711979907202199e-02
7.714866228689205574e-01
5.652695699064822499e-01
-2.762190727123126077e-01
-8.433709800257487288e-01
-5.550295760448367144e-01
5.485066860929175281e-01
7.714622571883877900e-01
-7.614940968813657118e-01
4.018729112968115746e-01
1.349790019385288531e-01
-2.529373584648080264e-01
-5.166749943866904005e-01
9.530588151419616683e-01
2.287772541281578587e-01
-9.006012024638228031e-01
3.847788590986069845e-01
5.623728914725096839e-01
-2.063349130907898843e-01
5.792236064569964427e-01
7.892165934610351208e-02
-9.508188560355785857e-01
9.915961485131952191e-01
1.872771571878639740e-01
-1.029374923508625805e-01
5.799780797320086556e-01
9.461413442227191162e-01
2.276898004852179191e-01
2.175887949248167530e-01
1.779543524615312400e-01
6.251485993355749837e-01
-7.246956650112850173e-01
8.081896785899547186e-01
-4.957640150968327664e-01
2.043646924406494758e-01
-1.273157409045804211e-01
-2.603983445901785210e-01
-5.013952735469708877e-01
-2.901991621297137502e-01
-6.712060350077921900e-01
4.572491671333365204e-01
-6.441730754505328171e-01
-4.054813744585334945e-01
-5.327941582839759160e-01
3.817820353025156432e-01
-4.825421544267709528e-01
-4.734653985424530642e-01
-1.510797734608404497e-02
1.613312252058647367e-01
-1.214042420623708818e-01
-2.538805739817215912e-01
-1.253310144959218775e-01
7.471074486095774514e-01
-6.391163466328797504e-01
-1.147252342547679937e-01
-1.387528586526947105e-01
1.423660896934324516e-01
7.644850566684151527e-01
-8.703371315481827075e-01
7.926726762868652187e-02
-1.012013359926211553e-01
-7.174077609984115256e-01
-4.677496912229555104e-01
-7.759148198382790351e-01
-9.524510237742758179e-01
6.181244395467155872e-01
1.583116344750707949e-01
-3.599551984462379117e-01
-3.485746078951110771e-01
2.965797579014133323e-01
-6.015607179497108881e-01
-2.114679357342108545e-03
-7.701134517019674330e-01
5.273337269446209952e-02
-4.685078573680665492e-01
-6.019709726721040877e-01
3.973407242534652273e-01
-2.668051422667938599e-01
2.169693490091513244e-01
-9.503130467130294079e-02
-1.197246700902079297e-01
8.690624643067956789e-02
8.165632530780591036e-01
-5.500498483546745199e-02
-6.520808332385914508e-01
9.516315762723377425e-01
-5.526517580807057684e-01
-5.724376664133541404e-01
6.347825056756268847e-01
-3.606230459745727313e-01
-6.131868262532900182e-01
6.122028082644299651e-01
-8.738539303788408485e-01
-6.515434066227681065e-01
-8.453168787927680672e-01
-8.995254520660602715e-01
-6.908150352585162857e-01
-6.210838637544586760e-01
-6.071704109444675534e-01
7.855599168333950999e-01
7.759100907965079674e-01
-9.819870416086149412e-01
-9.792083961828355054e-01
2.187916790433024339e-01
4.935580163706554391e-01
-3.538677620433929860e-01
-9.903325391973292202e-01
6.567530121849074476e-03
3.069249352705545331e-01
6.234883040328862425e-01
-6.647301289912181943e-01
7.472760590388636270e-01
-3.722312099886933012e-01
5.046634873410182909e-01
5.912115786953866525e-01
-9.427045937188045510e-01
-4.870475728007750416e-01
3.063413026418024820e-01
-4.584398940506331233e-01
2.362174371687359997e-01
-8.582050280075579352e-01
-1.209862610895644508e-01
5.415640733095414827e-01
-8.575432564775873345e-01
7.579844481001694056e-01
6.670157183891742836e-01
-3.803001084629451523e-01
-3.754774289892865990e-01
-9.388766675487709712e-01
-7.957148332329972984e-01
8.434418150775551126e-01
-4.395518515073169041e-01
5.580733222621836465e-01
-5.128513976764728088e-01
4.157042382913120893e-01
5.453451730929570473e-01
1.689604843940972767e-01
-3.840846978180758597e-01
6.427881617643713685e-01
-2.746289238736792093e-01
-9.987861334873056052e-01
8.609838772123301620e-01
-6.684661640992810572e-01
-3.619384319978766751e-01
-2.050560334352387049e-01
-6.212158769819222659e-01
-5.923228816950596443e-01
9.676212616111341536e-01
2.156507876936504253e-01
-9.571668936363448843e-01
-5.657527986267738562e-01
3.628447955249323176e-01
7.766179716137964206e-01
8.843569756601150633e-01
7.980676122271590511e-01
-6.005422819173609206e-01
-4.894139710687823719e-01
7.223377401189998714e-01
7.366817532184968265e-01
-3.141318457890802662e-01
4.010651024023506039e-01
-9.028447441011231422e-01
-8.559125397415212610e-02
8.858719886012811351e-01
2.249145391025506591e-01
-2.751588298178966330e-01
1.681440094038202382e-01
4.674588552956915333e-01
-1.555548022588448820e-01
8.592728733818202347e-01
3.742250237397402035e-01
-6.876447540725303398e-01
-8.265528512823938634e-02
3.271343427487980460e-01
-6.463844705713077676e-01
5.848289608213661506e-01
-6.536220000692694043e-02
-1.891722427665694095e-01
5.666669425481334343e-01
-9.675590450657023389e-01
1.322359341656917930e-01
-3.526948282112791766e-01
-3.100115195147552516e-01
3.299034087758743183e-01
9.425471339459978726e-01
-3.288955551118362131e-01
-3.015275278030518091e-01
-1.155315207259550725e-01
-5.240781040496798049e-01
5.796385648652946365e-01
-3.496490803767076105e-01
-7.003859966673957604e-01
8.307602775795519534e-01
-6.183960664465235624e-01
-5.778468598965533776e-01
5.989760056222355189e-01
-3.120566348218618558e-01
9.247368013803869413e-01
-4.462050809329967116e-01
8.390153574249095136e-01
-5.171680158445972619e-01
-8.228289396406518463e-02
4.142703571146100217e-04
5.614400502829288708e-01
-3.427668411728712616e-01
