-8.590945180348881216e-01
-5.749316938217368111e-01
-3.643676854540258692e-01
-8.053924741330098502e-01
5.129069210199801443e-01
7.264097229177801651e-02
8.172978396922108146e-01
8.793785888578391496e-01
-4.474979444707127829e-01
-8.633719229647078830e-01
3.522219121802327990e-02
-5.498912277511156521e-01
2.264225815872842329e-01
-2.865954122501599421e-01
-3.438386928038794643e-02
1.798760059922506205e-01
3.140017305241677992e-01
9.508911119554510627e-01
-7.231338043393769066e-01
-2.330589795446658119e-01
9.627518608602640970e-01
-6.104090316771548785e-02
3.606103959027309180e-01
-6.732706016103389146e-01
1.151810459061985981e-02
-4.077488980004553287e-01
8.350939379670905272e-01
-6.392110103328096926e-02
3.499803243473305070e-01
-2.512589514478635877e-01
5.889751195095782599e-02
-2.477486373112713913e-02
-1.583255281718176644e-01
-1.787031669253142940e-01
6.674803042341936887e-01
9.436777943562901783e-02
3.213728029069977676e-01
-5.953566737322624203e-01
3.068089562415001748e-01
-6.026828257482752527e-01
-8.189874896288995565e-01
-4.050490649280702460e-01
3.714637421111295357e-01
-5.461933522967798993e-02
7.302824990777923020e-02
2.001373022469983276e-01
-4.298348447054822774e-01
-2.937989757073875552e-01
9.238952984094737086e-01
6.618892167749435007e-01
-3.750455952710867180e-01
9.846303646546026300e-01
2.836987265957993110e-01
-8.429742401373645500e-01
-1.468602679332595695e-01
8.288394720838356822e-01
-7.546734903333101041e-01
-3.369536195760507447e-01
5.557832957253825423e-01
1.386362320911485035e-01
3.084437657997458615e-01
3.484835480569148380e-02
4.804591112202529768e-01
6.386349834847377949e-01
3.265467570023505850e-01
-5.403134166612431066e-01
9.097224133833685666e-01
-8.490235493639226583e-01
4.588305179522464972e-01
-9.106278638843166018e-01
7.843402262110483747e-01
-2.164008198229498969e-01
8.053403172057584936e-01
-4.280504792348371890e-01
1.339639382369748333e-01
6.801842619157425496e-01
7.183245845560446430e-01
-5.812915321508649313e-02
-6.109708759243348553e-01
1.300681714444817949e-02
3.993711841749947311e-01
-4.876033294253245831e-01
-4.834535092251062149e-01
-5.959372412614034609e-01
-7.635750557816698425e-01
8.878908881199709668e-01
-2.004462241671147726e-01
3.928142199882529439e-01
6.712452632924090778e-01
-9.219860822791692279e-02
1.706858775521495897e-01
-7.382421803710248476e-02
5.512083244648848801e-01
3.645655315796547669e-02
4.710995262216584045e-01
-6.627922889023005748e-01
-7.959238987084680250e-01
7.968597758530664432e-01
8.094521791696409618e-01
-6.352249504051383777e-01
-7.343671422989628272e-01
-9.851124348753164117e-01
-4.992222460250672622e-01
3.985803808910235446e-01
-4.705573794156006073e-01
2.227913588929832933e-01
3.884167223607599695e-01
9.825344993259383930e-01
9.370380078194202600e-01
-5.177987438260982511e-01
-2.264912744720595228e-01
-1.383591068049485617e-01
-2.770923107810741026e-01
2.647233224766869508e-01
3.339597571027230760e-01
6.120867279222863555e-01
1.255174155987170970e-02
-3.556576755008671320e-01
5.476593486941585542e-01
-4.981025621894099586e-01
-7.385417789740045258e-02
-3.465403385315428686e-01
8.283645916009902965e-01
-3.225031222459766589e-01
-5.553309272136615071e-01
-8.348769085259395428e-01
-2.259440068885363306e-01
-5.416940371094147721e-01
9.148325886897805681e-01
1.657728843436248045e-01
-2.302032786978194245e-01
6.621234008778251745e-01
6.521703685342035151e-01
2.796145924576736164e-01
-2.700043752920895379e-01
-3.884680436125504954e-01
-8.353086011023831414e-01
5.860876360678379804e-01
2.032420435255457569e-01
-7.752800402845898553e-01
-9.189790099034718107e-01
9.112966420730965744e-01
-9.826168788137665810e-01
3.799256330634972478e-01
8.031135904249842028e-02
-1.124750584819980137e-01
4.933640937935552806e-01
-3.698076171017603553e-01
7.326626297334515314e-02
5.178731924744535142e-01
-9.343564886123800761e-02
1.992959590240841461e-01
2.589879305066724591e-01
7.467585593433028190e-01
8.284632267880200907e-01
7.344800829337303494e-01
8.323529070559521070e-01
-6.462638672184581878e-01
-9.633820883305350691e-01
2.288665327393135662e-01
-3.452951899085927590e-01
1.597471401795176327e-01
-8.210730905606720142e-01
-3.340466129059378453e-01
-9.789590959327680864e-01
9.031246155332572911e-01
5.676517053474783303e-01
-3.564634497410659186e-01
-5.263154347734786409e-01
-9.543653048351525836e-01
-7.849419705582878493e-01
6.196341598296877251e-01
3.720001186965147255e-01
-1.226442716479574369e-01
5.126444909665361926e-01
4.541268859057177032e-01
6.840357484461765392e-01
9.448703418773096718e-01
2.609252278915479284e-01
-6.043017325931401285e-01
-1.750736627946603008e-02
7.793071790730965454e-02
9.326995682625136563e-01
-8.335836365075446341e-01
-2.555262264123301374e-01
9.456748376335368800e-01
6.087488012655304370e-01
-6.646284009629621625e-01
-4.737035464092087533e-01
-7.201842771070021687e-01
8.071068292655454446e-01
2.047752278839045648e-01
1.978159831569858973e-02
4.606072576624262727e-01
6.061447043677459234e-01
-9.642203447991468668e-01
-9.318949585334821428e-01
-7.383782200650361727e-01
-9.704442778314803508e-01
-4.417674384131795584e-01
5.349413509790430510e-01
6.563255098436604484e-01
5.086512230447066685e-01
7.658209662175252674e-01
-3.992332605938078149e-01
7.178530213723544051e-01
3.087797982972206867e-02
1.908924895544483746e-02
5.274261097249164365e-01
-1.711086619952824073e-01
-6.935386915434502697e-01
-3.229083144776818681e-01
5.383963431785570020e-01
3.831162474070777257e-01
2.883742738676566830e-01
-7.155675575730495730e-01
-8.621875971490648993e-01
-1.156892349899032446e-01
6.331599059311978639e-01
-6.465094988252704233e-01
-6.883947189267713984e-01
4.760819393773745301e-01
3.544477671623971204e-01
3.835334988801315514e-01
5.024293093972522772e-01
7.142680605718474407e-01
5.376900412407756846e-01
7.915570118779970965e-01
-4.528644453907786360e-01
6.862156817027040834e-01
-4.125507185884145223e-01
-1.073989396215058179e-01
-3.338688445348940714e-01
7.577310129780374659e-01
4.943975328563567917e-01
-7.962168468065295990e-01
-6.836273471798821610e-01
6.300228876399307509e-01
9.768353866738965774e-01
8.182353716473327321e-01
-8.219402385252851939e-01
2.762370131746965107e-01
1.372807957523489719e-01
5.992286303350891075e-01
5.912884522751729044e-01
-9.737810136287443630e-01
5.059158690018894511e-01
-7.913130594982564769e-01
3.401776681375909828e-01
8.031772679590463149e-01
-9.045420418506844307e-01
-3.166625629852410917e-01
-6.523600790391421711e-01
4.765070560301400970e-01
6.292645862378283272e-01
-2.927461021462534063e-01
-4.573802129297634966e-01
-3.780830616783448228e-01
-8.626431493847985799e-02
-2.573042936947902426e-01
-3.003887076075215656e-01
-6.693117967947963542e-01
2.385499206352199586e-01
8.715965845621660435e-01
-4.535634081323429712e-01
