8.932508752541277186e-01
6.829661002728419916e-01
-1.688105582759855672e-01
-9.405523600166387777e-01
-3.439078777781923169e-01
-4.050292366287910895e-02
-7.050749388688761776e-01
-3.417979863033751009e-01
2.263294072697445980e-01
-3.733862682368949137e-01
1.576238541740677679e-01
-3.222218989176190984e-01
1.007523947525710284e-01
-2.208679657297327736e-01
-7.219667900978030683e-01
6.124346780182672312e-01
2.911190767538518465e-02
3.070131822118160603e-01
-6.268357950301459702e-01
-8.464451516729818437e-01
-3.372606718787174440e-01
2.702971421610333991e-02
6.847700472488993384e-02
-4.297825862060138391e-01
-7.954243474460254149e-01
5.311721137099325585e-01
-6.256298627951450975e-01
3.273117502285400882e-01
-5.968002890511248104e-01
7.297500651748021205e-01
-1.979003886768382348e-01
8.716479823879192956e-01
-6.885455448377240106e-01
-6.304046001831276058e-02
-3.321369937529168315e-01
7.751692522935873519e-01
9.379893036388353700e-01
9.510278210294129675e-01
-1.416209992787815786e-01
9.735693512411458528e-02
-1.532903006052628303e-01
9.020909634164706592e-01
2.287905026932621766e-01
5.680100584476404091e-01
5.885383161435766564e-01
3.646338401245232674e-01
8.674225260439258900e-01
5.648481145348642762e-01
-3.972781756840235712e-01
4.356615847734455205e-01
9.638689457977731578e-01
9.085948522199043254e-01
9.072525751081776946e-01
8.045552869812011565e-01
2.028420024139860889e-01
8.391051471310366772e-01
6.046141322087952297e-01
6.349976248880782048e-01
8.738127928182708448e-01
4.477324487557161614e-01
3.221909650119154644e-01
-3.688788623328123073e-01
-6.531577068627831828e-01
-1.509306298050538953e-01
5.406651113369969064e-01
8.296444863210941101e-01
6.836119109753620027e-01
5.016943532839404085e-01
1.839343855575545916e-01
4.873241170034137149e-02
-9.802025584992619667e-01
1.134383869956938629e-01
-6.730271352981629374e-01
-5.606356311816709237e-01
-9.023856365053366524e-01
-7.067787776737468608e-01
-5.467316114759250834e-01
-8.668673634225698699e-02
-8.544532581218600154e-01
6.015748531941904620e-01
-8.923203607031633400e-01
7.873402882743085751e-01
8.867527226774996052e-02
1.622591551295362589e-01
-7.296214979527217981e-01
1.876434903075043792e-01
-7.360658688373593606e-01
6.051507805376703519e-01
6.640311577469828475e-01
-8.106808063414170373e-01
-6.406120341937930895e-01
5.645159290696648569e-01
5.569312328295672465e-01
-1.397957579485000768e-01
5.629798625535629153e-01
-6.292291588226284205e-02
-2.751314788555780932e-01
-3.475133124721452305e-02
1.083238499571650415e-01
6.398012835579307556e-01
-6.178830376374975231e-01
2.004546104533180273e-01
1.827595930167740246e-01
-7.175703014034164884e-01
-4.213520357808511196e-01
4.172268310416089587e-01
-3.390764017132674724e-03
-5.460704789100623291e-01
4.139673018819836070e-01
-1.942379357404906415e-01
-5.386516688931752839e-01
1.204745153497299714e-01
-5.528700976521805366e-01
9.395908265790999803e-01
-9.387057504527529517e-02
-5.486503890226097635e-01
8.154017346675623834e-01
-3.576795106729853124e-01
-2.088964583395991337e-01
-1.196053007483397490e-01
7.257606131650504722e-01
6.458109471985695738e-01
-8.566990900660182984e-01
-2.235988832525004355e-01
4.969824113610419314e-01
-7.559735134929290723e-02
-3.958232991188526118e-01
6.622018753849587824e-01
-6.377087980149158675e-01
-3.133918499861723106e-01
5.866063286986971104e-01
7.179008459663238639e-03
-2.076231990135020133e-01
-4.627120447570600703e-01
-8.876988928606617257e-01
-8.933287185177132272e-01
-4.914085520638971083e-01
-9.162542485420823724e-01
-2.822617818548718294e-01
-1.090115823238648751e-01
-7.656188194447750561e-01
6.877570819036706862e-01
5.201775855641841417e-01
4.521739100886705831e-01
-5.636167398282159180e-01
-4.897857417373427946e-01
5.727826557572008870e-01
4.953667610561522938e-01
-2.426688449557303784e-01
3.420223414558387631e-03
7.533726983738286975e-01
-2.920234625310138554e-01
-1.615197030990491722e-01
7.172349395977868358e-01
-9.709875003383090508e-01
4.366552758091504227e-01
-3.003155043001328739e-01
-5.650974907069219455e-01
-2.689336891370959215e-01
9.424481081859148457e-01
-1.336076425579730831e-01
-3.079640889544505988e-01
-6.230900750474344107e-02
-1.881931261749649753e-01
6.745403416574653477e-01
-4.438578051437664929e-01
-8.553646964653602858e-01
-1.786632456113692591e-01
-3.516084034503741407e-01
-9.963906818095669138e-03
9.537058086420437952e-01
9.931747140163149634e-01
6.560103889162547386e-01
9.362193906844005209e-01
6.911619596792983877e-01
-6.952670228213493342e-01
-4.073711364310643734e-01
3.593301890347375682e-01
-7.855562348103066750e-01
6.045543147949634655e-01
-6.527539702629761020e-01
-2.046787922550141747e-01
-4.606552585049177306e-01
8.857746681415883394e-01
-2.422254617249883779e-01
6.904082392393637857e-01
-1.798026100011560491e-01
-5.128903290121504810e-01
-5.092354793497293475e-01
-4.393132349224253552e-01
-8.669816712311135820e-01
9.252984938535488979e-01
3.379967033833097823e-01
3.862598095315996627e-01
-1.721959541568445218e-01
-8.021471932567170171e-01
6.074068332581441521e-01
4.194947517712297458e-01
-4.807501851302549145e-01
-4.295003468655089751e-01
-9.709744389782459795e-01
-5.712063796005699690e-01
-3.223103627167269725e-01
-8.571370803710791630e-01
8.224587955425670671e-01
-7.344655596397045016e-01
-5.134571652503394645e-01
-2.940993845751771474e-01
5.437549241383519139e-01
-2.330624359584712035e-01
3.219392514915195846e-01
-7.683067565031733714e-01
-5.567663862657732388e-01
-5.488864120709462391e-01
2.480600317360752705e-01
5.272290986990813000e-01
-4.459953684558126685e-01
7.320907103610134747e-01
7.091250865639890932e-01
8.756788702043021289e-01
-4.734989220830803092e-01
-3.064513244446245288e-01
7.330211586813888403e-01
3.521049740081765300e-01
-1.907539510122118198e-01
8.547973056414668314e-01
4.805362418070056041e-01
1.352448825078067518e-01
-3.453481361824686235e-01
8.957292874225819546e-01
-3.080651052668414991e-01
4.722005188746685178e-01
-3.639094244824607749e-01
-1.987603048502597503e-01
-2.742983659721542899e-01
-1.889532782750849016e-01
-5.089746586347603241e-01
-2.010590750310143893e-01
-2.270052757027676282e-01
7.224280865772469973e-01
-8.209309617676561199e-01
-7.239510207701156386e-01
2.939318869640916709e-01
7.752200867712488730e-01
4.292238934277723406e-01
8.005237871989976384e-01
-6.796025865807737709e-01
7.263450984054060644e-01
3.377458315716290738e-01
-4.129032787883524236e-01
1.560620871335283155e-01
-6.706687072302910391e-01
8.637035643843393729e-02
6.881641008605983156e-01
-8.547659935292037936e-01
-4.718039391695905138e-01
7.965375264745429007e-01
-9.446853165174071698e-01
6.408679639778402937e-01
-6.780412309280750005e-01
-2.461599375450982397e-01
-3.228125544817341819e-01
-3.715860152996464105e-01
5.676675844679002214e-01
2.398569494449622752e-01
