-5.411682693536061795e-01
-1.473288963831984599e-01
-4.466381805329671106e-01
-3.005135908263190103e-01
4.958023780647085044e-01
-8.156972468051493230e-02
6.768225939191720997e-01
-8.648526845325907875e-01
5.086140999212811487e-01
-4.382537965047128559e-02
6.903342622355475022e-01
6.522513199738340095e-01
2.174944784903236616e-01
-7.302421899688116280e-01
5.213215560519142144e-01
4.859232235665977839e-02
7.536800906534812938e-02
2.169127965747557063e-01
1.180182251336463484e-01
3.124709611235030327e-01
8.813152839955726847e-01
7.209986267353607481e-02
7.230530922993081422e-01
9.557359977422625885e-01
5.335098106721081201e-01
-1.196106924207558375e-01
2.666085663073396450e-01
8.026986104869162642e-01
-9.215608048996504209e-01
7.476539420625836208e-01
4.597906228309174281e-01
-5.143524130585230836e-02
-6.215489294380343033e-01
-7.594242609147807688e-01
1.882576359593213233e-02
-5.517443820175254032e-01
5.781272797134200392e-01
9.797520490542148686e-01
1.606008774309415355e-01
4.783352453426592543e-01
-3.357654018149276443e-01
-4.999124860602992548e-01
6.927659346225807369e-01
-1.159393811026354637e-01
6.379178510476501973e-01
-6.270917532358935009e-01
5.898026758326786467e-01
3.906801639424231087e-01
-4.171866220939470793e-01
-4.583694927663102270e-01
-1.044261518779949771e-01
-8.090077153899044582e-02
-1.801511237175865698e-01
4.978873974476398789e-01
6.055424934479360921e-01
-6.505051807524806495e-01
-2.483720930470489918e-01
5.063819816215548997e-01
9.248622300597997281e-02
7.736070141717412696e-01
6.416706739231623491e-01
-9.511956919738495664e-02
-5.230784510863959458e-01
-4.098512190644225672e-01
-6.339173145268572895e-02
6.942504284115025293e-01
-4.386114959841553862e-01
2.754249350278867858e-01
6.347536905447477285e-01
4.102287627200216225e-01
1.506561300575253171e-01
-6.998753609880064008e-01
-5.360976785693205571e-01
-9.105294486788029218e-02
7.501385152717026106e-01
1.889918297090233956e-01
-9.855426803590572327e-01
-3.285436031490549524e-01
5.410946841947161801e-01
-5.092554784105296495e-01
-5.863382132220389398e-01
-5.541882044225696635e-01
-1.700870064283661609e-01
-3.845525605685318205e-02
-1.200147748141349169e-01
6.782785483275377558e-02
1.918623807924759728e-01
3.385304632933883173e-01
7.146959656117299886e-01
1.270305226300334489e-01
-3.294814223711013401e-01
-8.631472188581761351e-01
6.944471504611673396e-01
7.810333626058163503e-01
-5.534031561979215752e-01
8.064216739554441737e-01
9.709710378089437821e-01
-3.693879574554144174e-01
9.025438626170798617e-01
4.818665085481894650e-01
-7.514571886119194577e-01
-8.022720055163656827e-01
5.473096871559364196e-01
7.495736912836572508e-01
-9.475023653813618996e-01
3.314842848969878908e-01
-9.801672188766696880e-01
-7.590235032006369398e-01
-3.218691690705166586e-01
-7.439331360152492412e-01
1.397723369821954886e-01
-3.812042974688405472e-01
-5.698838072321641413e-01
5.982076749238003366e-01
4.129890302497136734e-01
6.725578278712132096e-01
8.569901013497978060e-01
1.031797677251842238e-01
-6.176566837295220935e-01
-3.062358911645342019e-01
1.118500851506627480e-01
-8.664111527699807080e-01
7.836122326193220022e-01
-7.805948838862524219e-01
9.073614911043887954e-01
8.560837063079178577e-01
5.702240902908339848e-01
9.984754126350270376e-02
-6.758528723157057883e-01
8.408117561499546255e-01
1.598874409805339791e-01
-5.498462783601412163e-01
7.606630697817258202e-01
-1.331520796478735669e-02
-9.424764375509318004e-01
-6.960270605112657272e-01
-9.474660125245777387e-01
3.089840528485041649e-01
8.400078361281313466e-01
9.681593144290228103e-01
7.084472970329502850e-02
-7.793484726108961258e-01
4.320827153937465415e-01
5.024992904815899220e-01
-1.024362645118737092e-01
4.683209364356837323e-01
-8.465092790815866852e-01
9.600867472101388689e-01
-1.906972337527086392e-01
-2.109642781507998777e-01
-9.557582573324900910e-01
2.338576343829734672e-01
8.103065133738620585e-01
-4.024990818116398472e-01
-3.331227327720951426e-01
5.655091063151098663e-01
-3.743833875171846959e-01
-5.841734791185111408e-01
4.733439250074522597e-01
8.325465890864236496e-01
7.112600717935129158e-01
-5.237077383669157538e-01
9.257262302033755219e-01
5.054885058643332485e-02
-4.712492556313132575e-01
4.947898816210549722e-01
7.849712800399828438e-01
-2.401548560173878410e-01
-1.561928014406113174e-01
7.383508118980095514e-01
-5.834933784781279886e-01
-3.615990186411115470e-01
-4.210123887101731022e-01
-6.996301847644952332e-01
8.840866270315286268e-01
-5.055067996565099087e-01
6.470121988394783585e-01
2.914308335856996557e-02
8.547542452270444624e-01
-2.332108311478238161e-01
9.815373910821687531e-01
2.366950841724793086e-01
-2.843958032563176364e-01
-3.712533874700381098e-01
-1.373437716250576202e-01
1.417293158450985135e-01
-8.071435068777299549e-01
-5.822556344854945554e-01
1.440117129463083234e-01
1.043379190707334203e-01
1.231409689622386949e-02
6.854326610813850085e-01
-7.066548422940914786e-01
-8.565469354954258208e-02
-9.954606434008204108e-01
5.567886488438800185e-01
5.903551159751534438e-01
3.523684664992687843e-02
7.190014973637701701e-01
-4.064574436473229468e-01
7.197164873580843558e-01
4.897869389389453154e-01
4.989679150787982298e-01
-7.098228498128438257e-01
2.234574367121251459e-01
2.343994955931472113e-01
4.133464172796252889e-01
1.466316316460003488e-01
-6.233914673160949604e-01
-8.932778669050513987e-01
-7.639746687959496629e-01
-1.543695037257060143e-01
-7.255515017880134199e-01
3.015627447589430687e-02
5.712327350953920746e-01
-7.111280182846677622e-01
9.023667620315285465e-01
6.783049190838472686e-01
-8.617658486645551896e-02
8.663483970774836784e-01
-5.901982410087047715e-01
-9.142177548871401882e-01
7.191759316522186030e-01
4.421351588389896836e-01
7.175055500613252146e-01
-1.750828205071610633e-01
1.117864598185525082e-03
-5.863377122823996146e-01
9.038316885636488163e-01
6.628264385220778987e-01
-9.899104241700071860e-01
-2.520978711330428279e-01
8.840811125463921005e-01
-6.993190779037634641e-01
-2.927361469820877193e-01
-9.364195318452268602e-01
-8.314518925884997191e-01
6.589939270554427964e-01
-7.533941337002245664e-01
-6.753942561745551743e-03
1.768417848268546422e-01
-3.366772823688011229e-01
7.643981467653822026e-01
1.138612332356503387e-02
3.822332202480560603e-02
-3.981085351367203984e-01
-1.066591224744017907e-01
-1.195630843283124189e-01
1.074081702836762187e-01
9.714323170337839652e-01
-1.848389577124656125e-01
9.319706388682982290e-01
-8.081054042629647327e-01
3.265492141129240355e-01
-6.378784386682498919e-01
-8.904119492914250866e-01
3.006548422272303789e-02
-1.557035276145968261e-02
-7.825130802111666117e-01
9.098577024016034631e-01
-9.477674481472875279e-02
-1.492167402260080600e-01
9.157443335799262396e-01
7.342260564290008507e-01
4.969703529789981644e-02
