-1.709454151868341487e-01
1.881176810536520083e-01
3.192239867261799091e-01
-3.805825317729685242e-01
-7.962453245270935120e-01
-2.434623165790350541e-01
-1.167875149738937246e-01
5.100119411062860042e-01
-2.317125851035606310e-01
3.191529485819772916e-01
-5.583771885173518523e-01
2.304224325900050552e-01
7.324940301938731579e-01
8.323885295466053602e-01
-7.329243361512409738e-01
8.514433310909397257e-02
-7.679235834335444988e-01
5.904669782048421744e-01
5.319429953723682214e-01
4.019931986429099435e-01
9.407425628766545866e-01
-8.529419583172781483e-01
5.948856053722639814e-03
3.111852715262830582e-01
8.269199412095964430e-01
9.956772451766831011e-01
-2.350423918184212368e-01
-5.247776773245551585e-01
9.878147506446639525e-01
8.881147705841958562e-01
-1.991774417532552466e-01
-3.314585311508873033e-01
-2.697089354194268651e-01
3.117739664557361845e-01
8.280304343175231008e-01
-1.672118362186447715e-01
4.086177166227329405e-01
-8.807465958645921411e-01
9.973620981973296828e-02
-3.823499760548914050e-01
-9.131683133283252651e-02
6.334445632087426503e-02
-8.526414055845017437e-01
-2.523822012473035947e-01
1.058288223668784056e-01
-9.464502441644140340e-02
-4.301482297996126469e-01
2.278971776056382126e-01
1.127501094009419891e-01
-2.455856748122460242e-01
-3.275117631934696405e-01
-7.490714495242201121e-01
-6.031663411373986428e-01
-1.482731404511588025e-01
-6.233703985393279634e-01
-4.686482562962830389e-01
-4.173566497919380947e-01
-8.411178491435238325e-01
3.984996517750376555e-01
7.165130888735704584e-01
-7.288798705941075262e-01
-2.424260330146774667e-01
4.942698958550906241e-02
5.742831675183857065e-01
9.461647902610026417e-01
2.684832224320026217e-01
2.195676461625537534e-01
8.666275254381279325e-01
-5.024800732214695920e-02
8.520737519230112689e-01
9.612907978748042037e-01
1.643243385379142829e-01
5.932319799502938640e-01
6.951047483574384067e-01
5.497480276032928881e-01
-9.235520868602036249e-01
-1.427808817354092596e-01
-1.678298610639319399e-01
-1.020592481343665092e-01
1.011381698294246956e-01
-9.424825502537739208e-01
1.506216687008508082e-01
4.706008849014260420e-01
-9.660473171290453465e-01
8.947368615118551638e-01
4.770903472471392792e-01
-1.408081918673838029e-01
6.431897580345482535e-01
2.985822060459555338e-01
-9.474760557084809243e-01
-5.436097652332934071e-01
7.900922659659270764e-02
-8.052315805220344735e-01
9.542410503785454523e-01
-6.979687869771615816e-01
-3.834548913558337713e-01
-2.969844652599706869e-02
-3.455748366093835955e-02
6.559933202123069407e-02
4.353788101494209251e-01
-3.810898094854866525e-01
3.173094005369452297e-01
-9.447354797871849730e-01
-9.439424744414637303e-02
7.154536141089564705e-01
-7.519660543562114441e-01
8.651173643827603232e-01
9.728416862073507865e-02
-7.380972367580154181e-01
-6.527249420944958302e-01
8.704531541345514878e-01
3.233333031715159844e-01
9.209594775276452872e-02
1.481877157789064370e-01
1.554444377837889135e-01
-7.755607005096680773e-01
9.422549124775263518e-01
5.090144001647911587e-02
6.515477084220788750e-01
4.496677354484772682e-01
-7.356285587609057153e-01
-2.444697187288782381e-01
-3.379723573604083153e-01
-8.841293559746263853e-01
3.018251790413604141e-01
-2.494571995363370487e-01
-2.838464792530226433e-01
5.619198517302033125e-01
4.465688062119623769e-01
-4.396663631615664869e-01
-2.141030622262822813e-01
4.460257452135800715e-01
9.061599690077277724e-01
1.000559272926146992e-01
1.130194735316258914e-01
-7.247491047711207557e-02
1.278935971019397044e-01
-5.504628018164898773e-01
-4.534509747170507588e-01
-5.144396765158234519e-01
5.040372587711712260e-01
-7.316042026506195395e-01
1.111041866624304930e-01
8.769776621370688474e-01
5.878537139494992569e-01
7.400090328731718792e-01
-6.564938826331723210e-01
-8.467439975549306830e-01
2.538829183172586212e-02
-1.535281908862748956e-01
-1.465073262812359722e-01
-3.995599814678167938e-01
7.650961758158068005e-01
-1.181063148121448414e-01
-9.751532518086905021e-01
6.201525973005206360e-02
6.360194144707649322e-01
-7.997380571985668318e-01
-4.860770032931291951e-01
-7.097552148354826507e-01
1.141534469619289727e-01
-6.146725601393050464e-01
1.020805462355971471e-01
1.368215163376875765e-01
2.008610173954032962e-01
-2.201244957144583569e-01
-4.288515631678149198e-01
-2.709047361069969462e-01
1.357962148290465798e-01
4.765390615634612637e-01
-8.140911184573007553e-01
-4.196835120348478831e-01
-5.901638632676904361e-01
6.390167790890881605e-01
4.398773049499438148e-01
8.327125053661095233e-01
3.476595355784455332e-01
-3.863715386412933661e-01
-7.586928267768353606e-01
5.714739510865198824e-01
4.002430745334346618e-01
-2.405249627969865411e-01
-4.054813182646970215e-01
2.586082260304070068e-01
9.515020858428759887e-01
-8.410972289496843057e-01
-2.144438703681299518e-01
-5.284041003252166746e-01
9.907432985766981837e-01
-2.744734058989792835e-01
9.638913599837299895e-01
-7.969236805655630640e-01
-3.290338595018065249e-01
-8.175503942887596409e-02
-3.353015321743870736e-01
6.660887976685132550e-01
1.687700339343070066e-01
-3.820841081664174688e-01
7.935585080460794138e-01
-7.586286194770921476e-01
8.824389393757057221e-01
8.833899447703310592e-01
-3.228074629963944009e-01
5.147486287531672922e-01
-7.778745130280673159e-02
1.894135714767002376e-01
-5.119049282647800680e-01
-9.340385690279944253e-01
8.888054513704224391e-01
-6.222362333804773993e-01
-4.706766514967641868e-01
-6.778063377406828849e-03
6.345342967701281811e-01
2.229603058153977191e-01
-5.040876795550119915e-02
-7.053676609546255527e-02
-2.722242148589886224e-01
5.692962616402201803e-01
-6.071124775806120422e-01
6.146211635510803184e-01
5.817073751044561369e-01
2.649661336662747502e-01
-2.333815858887851036e-01
4.988876205102528161e-01
5.620886945959546743e-02
9.194507826103193171e-01
-8.559379913760114533e-01
6.743244013428004724e-01
-1.792960313620666213e-01
1.013359310086163756e-01
-1.459053541259911491e-01
7.052379126505741169e-01
8.713306526003037344e-01
7.565485248291585751e-01
7.035996818879344250e-01
-9.222557443230896546e-01
-8.230150428176987720e-01
9.423457849334153646e-01
4.237548454919333185e-01
-5.891963482264599428e-01
-7.896410430245026646e-01
1.102606435869435408e-02
-9.178506876328527131e-01
5.236537424336493718e-01
-5.839619775457240980e-01
-4.531849409328754241e-01
-7.963652068356035230e-01
-1.842606532402133457e-01
5.631044761149928135e-02
-1.772333469076781132e-01
-8.101303769098744390e-01
-7.472246218708211707e-01
-9.187472092502306786e-01
-2.762923918851392102e-01
-7.477555793501009518e-01
1.685575128631611186e-01
-6.824336239315151875e-01
-8.323178511849160799e-02
6.457818388923579622e-01
2.161577530524185775e-01
9.330613835919487897e-02
-5.921729417776480098e-01
-8.062347716913464968e-01
-2.163627020994549621e-01
-9.782395195913573538e-01
