5.051292997004923624e-01
1.141428587015034246e-01
8.918616448666276675e-01
-2.730811713865044510e-01
-6.590758731745736121e-01
3.425778009110971301e-01
-8.368430564556552653e-01
-6.486849835630448258e-01
-1.628853699130636823e-01
-8.385719184461459808e-01
3.255568636392784931e-01
1.389355627083450617e-01
3.897687051185716456e-02
-3.848142505915412848e-01
-2.046760058698737783e-01
4.412301443261379408e-01
5.531520854154134970e-01
-3.858235587068541417e-01
-9.539667863022847083e-01
-6.176467359597890283e-01
-5.660675516137654295e-01
-2.953192080248780993e-01
-8.741286356119124523e-01
4.166559279532822124e-01
-2.937214596142416756e-01
-3.287622744904306060e-01
-3.790776834357263425e-01
1.657074249248056130e-01
1.530587128599802949e-01
9.350424378797346225e-01
-9.434866843108189460e-01
-8.454241830638498101e-01
-2.356579114870407388e-01
4.419017361372916675e-01
9.142715321952927798e-01
5.762367804986130437e-01
-6.281385603136155904e-01
-3.938781837396596597e-01
9.820165121525776808e-01
-9.939072130559472029e-01
-3.853184600639576463e-01
6.773194360498602240e-01
8.713252269804776518e-01
-2.387808314790007547e-01
-2.621143205295184408e-02
-5.482999757871214186e-01
-2.371048866969425184e-01
-1.747803324892982513e-01
6.786943901846345106e-01
6.513888395884621652e-01
6.339964295465103650e-01
-5.558094721021846762e-01
-4.309615067245253783e-02
-7.599519078091869773e-01
2.555633177374934117e-01
8.367974356146639092e-01
8.218917262275884372e-01
4.987858271374105978e-01
3.774085704452938561e-01
-6.525349720677884324e-01
-1.139340304955360761e-01
-3.620536030753296330e-02
-3.882069690700504783e-01
2.161306134183793581e-02
2.526836300017119008e-01
1.900658623371418443e-01
-2.208622697695963311e-01
2.934827928747234527e-01
3.252731404455269093e-01
2.856480550406348407e-01
-7.237406003169113422e-01
4.498905995839086458e-02
-4.182445287558407276e-01
-1.566884698898316497e-01
-7.541001582754758292e-01
-1.629500900544311737e-01
-1.084329116026576667e-01
3.951355412498247510e-01
8.154341595652518926e-01
-8.823245844054332654e-01
-6.313337422458515924e-01
4.330206273015968499e-01
-2.205183459100690246e-01
3.783047387160896058e-01
-5.495317963409815931e-01
-7.931119504155816902e-01
5.332747297464719427e-01
8.077690668941179819e-01
-3.897704014821652407e-01
-2.280302579626476422e-01
7.088391620400700255e-01
6.820732640180420248e-01
-7.857368004724778476e-01
4.787585545294028577e-01
2.733216396551851890e-01
-3.534823464821126304e-01
-2.181735849943968741e-01
6.495288430900234555e-01
-6.783262345347431665e-01
3.449933129375719609e-01
3.949214060144248251e-01
-8.944054404253998225e-01
-1.502196745738901829e-01
1.681749388066584583e-01
-5.245101297517837935e-01
6.697877457485983399e-01
8.369097953763622311e-01
-7.876617600561937049e-01
-5.332556064612152813e-01
-5.668901017040350876e-01
-6.411241650615506771e-02
9.193199989637341751e-01
-9.850259470876880918e-01
-4.528133612977618405e-01
-1.627336532086423038e-01
9.885767665770568424e-01
3.905452211580553445e-01
3.891618051053846727e-02
5.544045990017594239e-01
-5.717589082640619491e-01
8.999521135631682878e-01
-8.803312801134495214e-01
-5.066244903603045469e-01
-3.154656567535418787e-02
-2.174773610635842847e-01
-3.611107274438207781e-01
-4.404090498676132004e-01
1.561329167824649922e-01
-9.077079559185332602e-01
-8.006146713999320319e-01
-6.212113113329356118e-01
5.705900506923415882e-01
-9.356439966642127182e-02
-2.087593050014346918e-01
5.855518341683398909e-01
8.948315417970984509e-01
-3.594751843108143774e-01
-4.195486453998398257e-01
-1.003083677297633702e-01
2.118707816743623518e-01
-6.260345803418427835e-01
-6.705297162797738686e-01
-2.753863712103670203e-01
-6.629043201889395220e-03
4.703821312259239829e-01
-8.799267588385035754e-01
-9.295385615171751770e-01
-2.181150147254147242e-01
4.866412759994211967e-01
9.584545203044079198e-01
-9.063442220737292221e-01
-8.319219479650086235e-01
-1.700598955378069821e-01
2.796137794753361661e-01
1.513633480067546611e-01
4.268226484709836122e-01
1.614224200925504782e-01
-7.251108023876895459e-01
8.326895921649699606e-01
5.549040269475908893e-01
-9.765296629631401437e-01
7.787885137479426678e-01
-4.890767397887902934e-01
7.545713939911220525e-01
-8.810612683874032847e-01
-3.064863506201556120e-01
-5.351125059479158175e-01
-7.784921370565633936e-02
-7.625413291683718064e-01
-8.045202287314072720e-01
8.682489249037450563e-01
7.856039870777340450e-01
8.662039561833452250e-01
-5.971974416056262669e-01
-8.955448712364921793e-01
7.749711322250205647e-01
8.141623606226100485e-01
-1.601695119027035652e-02
4.000269195578205483e-01
2.570800164546136468e-01
-4.532205249849636797e-01
-4.887526476640036144e-02
8.268036447844990811e-01
2.531183784446111584e-01
2.554959218187362602e-01
-4.517081332049541764e-01
8.096828565724576432e-01
5.662201748896256159e-01
1.115698513333125419e-01
1.279099509516816724e-01
-8.243723947726970813e-01
4.962857177764035121e-01
7.101599347199609724e-01
1.530994438499819754e-01
2.835203323974133660e-01
1.019379492980463375e-01
5.271754072589349693e-01
8.860008999092501281e-01
5.703042284109729465e-01
-6.673716512968839165e-01
-5.800568191175803356e-02
-8.112821322156471560e-01
6.035203105156088377e-01
1.888075993714268819e-01
9.997061147282066962e-01
2.328571597548865224e-01
7.265545434583340345e-01
-5.870320295158233392e-01
6.404668775655926183e-01
1.985120383804606092e-01
-9.582029341574662684e-01
8.897318528760158607e-01
2.792042543734623017e-01
7.555964428966055468e-01
-5.080003362702401049e-02
-5.756195198656901546e-01
-4.087076123691240070e-01
8.906206790715029964e-01
7.561770269514742626e-01
-7.865241225002803649e-01
-4.163691747143587474e-01
-7.459122152338264478e-01
6.850546145167335510e-03
7.249377001847590041e-01
2.627746016849836774e-01
8.217838286610075205e-01
-6.475976191489147826e-01
-6.380483415959214977e-01
-6.675241297014633535e-01
-5.748240089306080325e-01
-2.879336146184541256e-02
5.747049886792554574e-01
1.636377554569419246e-01
-4.095945419665036891e-01
9.273877891717940969e-01
-8.367757069816290638e-01
-5.917518804414565459e-01
7.557934968462420855e-01
-1.432923796008824802e-01
5.638459102441215620e-01
8.036583143751518943e-01
-5.019638894990490208e-01
1.161597017134980980e-01
2.007673695901486255e-01
5.999369226617428108e-01
-1.236229388642486882e-01
-9.934058432465553423e-02
4.170665627691869659e-01
-1.828955639421394608e-01
-8.395268434232794341e-02
3.858226413877319239e-02
-5.782983325309303257e-01
2.513983266259212090e-01
2.732191535656134374e-01
7.653520984561852369e-01
-1.409607237558001547e-01
2.490525429971468530e-01
-2.139434827430408692e-01
4.161296200353099550e-01
9.038269065754613862e-01
1.859625947906868859e-01
9.370840796401533890e-01
-6.242316696201333226e-01
-1.630616579173609360e-01
1.059902726300216980e-01
