-5.023619497624309815e-02
5.242090138090484963e-01
8.818804757118174908e-01
-6.791809266987800520e-01
-5.555575222792352719e-02
-7.839726710523087228e-02
9.889673995272207918e-01
9.325232664180371778e-01
3.168073697012123713e-01
4.841852883107449212e-01
7.080264448248925202e-01
-7.388222288417578554e-02
4.105852747101621514e-01
1.468168070544277892e-01
2.761673934786046392e-01
1.812293947132315175e-02
-9.353984110770612315e-01
-5.562893477031758405e-01
-8.902503177076783736e-01
5.983882026029907486e-01
9.010919832056651924e-01
-2.080022345111951498e-01
1.074456259716960460e-02
3.745109012700353901e-01
7.124683832244553816e-01
4.229263223962949070e-01
8.272559219192223701e-01
-4.794601295414384623e-01
3.109999676166947946e-01
5.661286325430072708e-01
-6.586664343776131858e-01
-7.382410086479704869e-01
-9.202404903409400205e-03
-4.059609214240651465e-01
2.951104584663382102e-01
-7.123001452407844436e-01
9.015863881556813730e-01
-1.149425419127652059e-01
3.809001987994002913e-01
-8.429661406145623204e-01
-1.726378600520137585e-01
1.801559326973400932e-01
-3.963985822503690581e-01
6.910275028737247194e-01
9.603918948248004739e-01
8.845364921855489726e-01
3.852974229267402961e-01
9.654127959462817099e-01
2.285025123967909799e-01
6.493940544071086229e-01
-3.343862154142112075e-01
-7.922218738036106433e-01
-2.030739240150269964e-01
-2.615659398523129120e-02
4.355823164825189941e-01
5.066712287958530236e-01
-1.633639146202605641e-01
-1.358740384848107219e-01
-8.285391070666907609e-01
-3.280765586093232766e-01
9.466582557114480156e-01
-8.938969290212872565e-02
3.621891323575290311e-01
-3.789987291750807064e-01
6.970961048981798580e-01
1.835528847924670082e-01
-1.033720531286856925e-01
-2.033520476533874355e-01
-4.468673277181700598e-02
9.111211346338403683e-01
-8.588520640075218981e-01
-3.227665961830774588e-01
-4.857402675988544694e-01
-1.924792256885068387e-01
2.861516067672544850e-01
3.922478461768752478e-01
6.705499450866778677e-01
-8.672015207469150333e-01
3.269065316399397680e-01
3.919670490902700255e-01
3.784283270599997362e-01
-6.728043914942472004e-01
9.761998372943054836e-01
-3.596423719424324261e-02
-6.029594601633079254e-01
8.898197673047600897e-01
-7.329865864916575990e-01
7.671370798717287443e-01
9.315964930543791933e-01
6.756584383698793772e-02
-9.487777614268453341e-01
1.035456463622104195e-01
-4.801700434426012798e-01
8.160666085395520408e-01
1.706082602793506098e-01
-6.653913044017951695e-01
6.435371040089779004e-01
-6.027258752878985604e-01
-2.458803420212529733e-01
4.168582323495371167e-01
1.143696316682234482e-01
5.280280341083520845e-02
2.268120173958469987e-01
-6.505914169894215782e-01
8.928690195435353694e-01
-5.812951143913460683e-01
7.314227417661061104e-01
-5.767118361783378777e-01
9.216384482291943847e-01
-5.172281663628754966e-01
5.143811002935556598e-01
8.219606755430488576e-01
-5.488395042562164150e-01
-5.645326937319197214e-01
8.512072458338855174e-01
-7.102392392467684612e-01
2.732979596837110670e-01
1.389952843979278541e-01
5.210161389001839449e-01
4.750861981548510915e-01
-4.747678963145303133e-01
-2.446180747729247429e-01
-5.739476256526563347e-01
5.175845203021678387e-01
-9.346303731504206347e-01
7.659014358131595035e-01
5.606416854706581798e-01
8.199938966955671038e-01
-3.059226819568856559e-01
1.613070095720836594e-01
1.735223431733619037e-01
1.198285014528355230e-01
6.092634940769237062e-02
7.032465654438402325e-01
4.741478656695723437e-01
1.541847603420773982e-01
9.831761686210196416e-01
4.149590622004595275e-05
-6.491720932370945718e-01
-7.477752931139050041e-01
-1.523281615684894952e-01
6.135642981991582534e-01
4.798269843599967110e-01
5.294959612401330951e-01
5.649264478096067688e-01
-3.776192193476659575e-01
-6.070120069401954144e-01
7.991349411488382071e-01
-6.874705572177208790e-01
7.481789990910168164e-01
-1.118526286579859530e-01
3.396837897317379618e-01
6.580699371078457816e-02
4.934475662292039377e-01
-5.330914233627614962e-01
-3.775034186350949561e-01
-9.370811768127995656e-02
8.327261068412910028e-01
7.247816862396203597e-01
4.599054227809589168e-01
-2.708773998291285068e-01
-1.305746798056373059e-02
5.674262526626481229e-01
8.039452932481270242e-01
2.763745535061707947e-01
8.327858378499812808e-01
-8.008641249065977519e-01
7.670038005294543826e-01
-1.179934362657124591e-01
-9.358360145880428860e-01
3.425737954167993315e-01
-1.545114330763150967e-01
4.887261642328533107e-01
8.512619538318184631e-01
1.833886913817268649e-01
3.818275950606317970e-01
-6.771152965096278731e-01
-8.855908023057663669e-01
-5.451884125966968142e-01
7.211151623320235515e-01
3.284104920050510135e-01
-8.840475181160263318e-01
-7.620584608842888574e-01
9.013172444562775887e-01
-2.226037821113333592e-01
1.784620335846853756e-01
4.635208539677198036e-01
-1.661910687491954253e-01
3.894539250075670367e-01
6.774312558040469501e-01
-8.276035733753310808e-01
2.177442205779431816e-01
7.265743099044126296e-01
-5.053196186689050684e-01
-4.720405665307219056e-01
-5.917984940965959062e-01
5.586376583370096238e-01
2.621511054700411680e-01
-1.884077128421097758e-01
2.610892871879568755e-01
5.774338894710526748e-01
-4.748781538530244539e-02
-1.529606536603023148e-01
-6.915215155354563770e-01
4.486082477441311056e-02
8.562910023822287719e-01
-1.118269998827283729e-01
-8.108542486639565006e-01
-2.065659326476954050e-02
5.185703315673713121e-01
7.226600539019083502e-01
-6.353226471166342204e-01
1.053680931847897906e-01
7.255400383891974503e-01
2.503982715782386848e-01
4.895036073712226710e-01
9.247020965218253341e-01
6.205153808056176334e-01
7.971477903713952706e-01
9.313280858774688475e-01
5.807421124375682364e-01
-7.081422751533821280e-01
-6.709022435800058304e-01
-1.350465736745984913e-01
7.827905042806115876e-01
3.521189506920767709e-01
4.995445557291307015e-01
-2.979160442650541363e-02
-4.532536739038217632e-02
-8.793606801338211820e-01
-9.590332612854370886e-01
6.515295155545408612e-01
-1.758161163373341829e-01
5.332339219398503083e-01
-8.390802862969337639e-03
-2.954448904057609404e-01
-7.650303983762094528e-01
9.618935910056642946e-01
9.084037468290426798e-01
-3.742168024196168563e-01
-7.656375971148281501e-01
6.367004677017940040e-01
2.731366137098096836e-01
-1.590592742619159061e-01
4.955277604543097958e-01
3.425038537252382831e-01
-5.026934179802733382e-02
-1.620069917241386825e-01
9.188014922871361456e-01
-6.180150999822076052e-02
-2.140885214280656701e-01
2.689519259725445810e-01
1.229288285842573547e-01
2.049423040416873398e-01
-2.183475302206130397e-01
-2.901132546844116256e-01
8.080720080202419275e-01
4.438297001072055714e-02
9.222896444054886622e-01
-7.996407485246876945e-01
-6.344362191065933132e-03
-9.509344298092967662e-01
-6.262064242741318676e-01
-5.586098130903627279e-01
3.914406442914248885e-01
