3.401910976462567682e-01
-1.191902318358650792e-01
-8.488379001088142140e-02
-6.264532061351681946e-01
-4.375215337205509147e-01
-3.192738903823519880e-01
6.729284400824868673e-01
8.362441810957399468e-01
6.291056201773244094e-01
-1.317334154009952574e-01
-5.996944064164471122e-01
-3.031776428904333631e-01
-6.045105463017155234e-01
2.026587680345426357e-02
6.671143931440974839e-01
5.837047873432832379e-01
-2.039361914544646215e-01
3.493630269735013005e-01
-3.768012408902379207e-01
4.133902329494842931e-01
3.002219359914484187e-01
8.012137626598083706e-01
3.428482163677244454e-01
-4.787061759368163028e-01
9.858490716357877215e-01
5.974283789928149790e-01
-2.635783553795363332e-01
7.367215518716796474e-01
-3.323849316587519365e-01
6.606150892937669994e-01
-1.760912896689674767e-01
6.251276424735996429e-01
2.566722336666247273e-01
-6.957271923667400770e-01
3.074319512855290260e-01
-6.893247931565706921e-01
9.038596680664137129e-01
5.623198894089118660e-01
-9.533864465415702316e-01
9.626603929101356094e-01
-8.707936331733336921e-01
-6.911096249456152307e-01
2.777262686616630560e-01
1.946742452095191478e-01
-6.245379532175898696e-01
3.302502156617495022e-01
6.360560454887220772e-02
1.390771386685611954e-01
-5.742334888612488086e-02
6.230668559528891315e-01
7.859395928020940225e-01
6.550999886941073491e-01
-9.719471693439829529e-01
1.527402362525915880e-01
8.962440908773865456e-01
-3.677296756830146229e-01
-6.157917749667354279e-01
-2.542088617725477562e-01
6.692135337549178775e-01
7.966960423434710226e-01
8.553884316518896025e-01
-7.161862215681047417e-02
-9.824385120820757766e-01
-8.021680345726509564e-01
-5.275230145195484166e-01
-4.040567520143549807e-01
-3.283986757439909532e-01
-5.063789610917630579e-01
-2.142147537299199378e-02
-5.126988747086547171e-02
5.324986142484460228e-01
-9.203079370157012384e-01
-8.794441471979246305e-01
2.440388076902255676e-02
-2.292535981620578145e-01
7.283775279223250187e-01
7.388996771715004019e-01
-9.031549161893392963e-02
1.963145244537780609e-01
-3.051085393170895887e-01
8.028997944328215564e-01
-2.702379098092559939e-01
-1.258936224341165033e-01
4.274193605062674983e-01
-3.264161949296757737e-01
-1.593575988741355864e-01
1.551479827127544286e-01
4.047300153167598946e-01
4.060163849016862336e-01
-1.861754874689394157e-01
1.741121615260126099e-01
-2.350828419958339577e-01
8.603454781952204478e-01
-3.168127049646825011e-01
-3.597190685255795550e-01
3.483853219590735684e-01
-4.666643623839810129e-01
-5.109689489843809440e-01
-5.063904318058127796e-01
-5.542170959990959656e-01
7.732629035440283793e-01
1.816189278709667843e-01
-8.142027897336541198e-01
9.258522446339447765e-01
7.775514285832896277e-02
7.831507447429628677e-01
5.190907194053138163e-01
-7.224423189367192855e-01
-2.493472649660852802e-01
7.446847834398888644e-01
6.994665494676246542e-01
4.436575869287344709e-01
-7.109237175842575418e-01
8.917595904520523309e-01
-9.537229446137192035e-01
9.836644768704179143e-01
-8.490469958260791206e-01
9.558888011171950971e-02
8.436808993884474805e-01
-4.948243633141347075e-02
-5.581435995118217974e-01
3.424240766154786897e-01
-5.465570095244138837e-01
6.414885534805325751e-01
-3.365845318356521787e-01
-3.627659874005950691e-02
8.322970994438039227e-01
-2.655755718758157080e-02
-7.144873386990826525e-01
3.897138616663382571e-01
4.101879938488821598e-01
1.408902056050076457e-01
3.829709416375295383e-01
7.463441494500111517e-01
-8.074215874885082300e-01
-7.802523974718882371e-01
-4.913068112148977207e-03
8.103726850352988009e-02
4.014444834391992512e-01
-5.372373291261300920e-02
-7.814758110055723961e-01
-2.022921134545310196e-01
2.071373754375893661e-02
3.385565793900331411e-01
3.369268492825892025e-01
9.929943648890544594e-01
-5.523797456894929958e-01
5.156038324267382400e-01
-1.831476195272643270e-01
-5.188339364789642527e-01
-2.766838935547135669e-01
9.964320462287432623e-01
-2.297112921787047846e-02
-4.818032836297390098e-01
-8.871229938996518793e-01
2.102412510051612227e-01
-5.203526694033813182e-01
5.564736957814182539e-01
-2.765263515748990208e-01
4.898803531221616048e-01
-2.420061561578945586e-01
1.572753449119772551e-01
-5.811112040063499684e-01
3.617405259327759470e-01
-2.038924413293017324e-01
-4.125882360374579783e-01
2.565241566344789170e-01
-1.385592332529206328e-01
9.492216775839799059e-01
-6.069277279907712153e-01
4.398585152860738923e-01
8.433504569346890190e-01
4.204785903340926279e-01
2.080698287758151466e-01
2.383476968647755267e-01
-1.266093178797289553e-01
7.296477083714192347e-02
3.708843476414114271e-01
6.976754960191804411e-01
-5.083771273273440805e-01
4.842228246965338823e-01
2.801041063869704750e-01
2.418954352499047555e-01
1.701658436993094270e-01
3.184333581483536069e-01
-8.326947434498677136e-01
9.340168146006089245e-01
8.394589461545469700e-01
-2.804147393092957241e-01
7.742971396242259718e-01
4.355851648737070203e-01
-8.194562365112032509e-01
3.979681287770311382e-01
-6.631169019171905266e-01
2.820484034151538033e-01
-2.908718314832048346e-01
-4.341747830636961680e-01
-4.413741476783077378e-01
8.782818164928691829e-01
-6.380488153384731298e-01
-3.002271222552597152e-01
-1.911655445622557625e-01
-8.165150639839657831e-01
-6.855301101159720911e-01
6.922946970211814044e-01
4.298625953394146215e-01
2.903625361551285256e-01
9.364564194492643878e-01
-5.466754120595846977e-01
7.441782029568821955e-01
-7.342723400858603977e-01
-1.133645451380467239e-01
6.080024591403798695e-01
8.493383905380538224e-01
9.381298090885359375e-01
-8.715791941205595084e-01
-4.301235469613173823e-01
7.846579481683662038e-01
4.486746248206774368e-03
-1.544189347586490957e-01
2.750080979385085556e-01
-1.278092804765185164e-01
-7.081155837953179155e-01
-5.902736412893472284e-02
-8.502689555115181541e-01
-4.868092996644375337e-01
-7.054908220598388180e-01
5.843246164862292424e-01
7.415868895256831905e-01
3.959532613982430505e-02
-2.973236872305620171e-01
6.901517189809658337e-01
2.430783113435681653e-01
7.897361331357386494e-01
-5.282753761196439246e-01
-1.064233621627419524e-02
-9.991563719273652833e-01
3.503582400327069912e-01
7.793935492622603434e-01
-6.581249854554616086e-02
-3.135163432240339887e-01
-1.838678761390550864e-01
6.056034935342189396e-01
-5.061296337974665605e-01
-8.129407230779972515e-02
7.747922588667537358e-01
5.432451678700989106e-03
-2.554021267060471168e-01
-4.457642222940161325e-02
1.575965458781372064e-01
4.130916305419582990e-01
7.868090397400417935e-02
-3.564648070313727324e-01
7.335099588296407624e-01
9.302594098622527508e-01
-7.664856531479840029e-01
6.900211146928247885e-02
-4.790644591381612027e-01
5.519343128886899930e-01
3.173786934017515105e-01
-8.936570366023932621e-02
6.621489619383778003e-01
2.962344031250820908e-01
-7.742572850798912221e-02
-5.119358527554564997e-01
