8.069344523726607044e-02
-3.938457559409993536e-01
-2.576885948421168138e-01
-1.482545850084759920e-01
8.606020321367353620e-01
8.854337684756163895e-01
-1.867645564120710144e-01
3.110353490664508058e-01
1.660605506439023493e-01
-7.767956664926600752e-02
8.401609885381460252e-01
3.761469118456914895e-01
-7.826874599350015504e-01
9.601119044763488652e-01
4.168337626784257566e-04
-3.793646966094517126e-01
-8.038326312233181614e-01
2.442317914704443815e-01
3.551543818553897225e-01
5.155513914558900179e-01
2.860494553267249884e-01
9.470107569184227359e-01
5.786730339925945099e-01
-6.020174840955050399e-02
-5.955621480081596530e-02
-2.703042754603748321e-01
1.370506128354416209e-01
-8.378934969651061770e-01
1.058428906474619957e-01
-4.208067120867444721e-01
6.302033197051613023e-01
-2.337401679920290132e-01
3.334279185906616760e-01
2.739309078628773264e-01
1.788391845566621452e-01
6.261525184600518212e-01
-9.056410354605319846e-01
-2.537539902764796018e-01
4.398246186783951739e-01
-9.370066104600842660e-01
-2.881227429643899995e-01
-9.988851738981379125e-01
4.397401902716588928e-01
7.598761576526937844e-01
2.725675329113792511e-01
8.980127396206798451e-01
1.208278068700334718e-01
-6.731619669503268177e-01
2.852705458376822989e-01
6.472057860989979261e-01
-3.644030297558977782e-01
-1.930270184894085084e-01
1.983091265299541384e-01
2.499016734713301879e-01
-1.764529060410957584e-01
-4.449822662648243998e-01
9.352761145185439773e-02
6.877833768673458081e-02
-7.287349014972925865e-01
8.764909648672398745e-01
-5.466379606302582683e-01
1.482206861783825769e-01
4.282386749129061254e-01
-2.350799980005842116e-01
-5.554128963429083576e-02
-6.878221147783667444e-01
-8.990842072270446295e-01
8.482119718118605878e-01
4.672935528533872507e-02
2.619892876722922370e-01
-3.077055131358816809e-01
4.875075383797671247e-01
5.860929074595064847e-01
-4.957495513705811874e-02
2.832544684763087517e-01
-5.634770358706779891e-01
5.711323948922792937e-01
-4.701293251949518748e-01
-7.788971580208012835e-01
-6.509776378970446586e-01
-2.755199329434936395e-01
-3.844301998114718621e-02
5.824975514918775410e-01
-8.226950024540113926e-01
-7.785308746480137376e-01
4.976245384802662208e-01
8.843955029130718959e-01
5.350403979334938942e-01
2.299324295502636062e-01
-5.493647604401159512e-01
-6.263087220548224643e-02
9.697401491674286778e-01
9.645190620917609703e-01
1.330126003058369477e-01
-2.506265107167091610e-01
6.219354298073145326e-01
-4.152086634341189963e-03
7.974823056433810731e-01
-1.117918888500519792e-01
4.230074491639945755e-01
2.669079957070537024e-01
7.357460376593183415e-01
-9.647486461530452306e-01
-6.583166475691584196e-01
8.998463034411932071e-01
9.572506870071040286e-01
2.730137379166872602e-01
2.906956381552960877e-02
-8.197170414403709415e-01
8.781821336443969006e-01
-1.047029884191039706e-01
-5.704924543072249499e-01
1.614282063564247416e-01
-8.301943423766176000e-01
1.929420969903725691e-01
4.069510556358137965e-01
-2.465398781858936239e-01
3.245231555932854839e-01
-6.767182673820082428e-01
1.892792670240119879e-01
-2.702911111316494974e-01
5.338127164428074778e-02
-2.563392536928401633e-01
9.118193203571753891e-01
-2.667703511839181196e-01
-7.713905110135772514e-01
-4.072423360469208387e-01
-4.829780375848926610e-01
1.316027209636716488e-01
6.462302484196040808e-01
-1.687870647663003432e-01
6.617562510434871204e-01
-7.345704859458517255e-01
-5.952501828008962548e-01
6.244461400487355540e-01
-3.656276865100678286e-01
2.654444498458665702e-01
-2.658190067521104538e-02
-3.982523943378870612e-01
9.882533188640589827e-01
-8.548727575221715114e-02
3.353741012568536295e-01
6.201631445253756869e-01
-9.926375761884005389e-01
-4.440562505849079411e-01
-5.975889277767525432e-01
8.384395582501924515e-01
2.154334815046656804e-01
-5.824293579211392569e-02
-3.364613042765431938e-01
5.329188160567435162e-01
-7.191036273306001814e-01
5.080124353398587367e-01
5.580824638454824349e-01
5.700803597403234502e-01
-5.378657437014204845e-01
9.982773622916807366e-01
-3.149248097181316375e-01
-4.212044980995166554e-02
-8.546370914681746811e-01
-7.729936768095775346e-01
9.403877283083079686e-01
1.321417047310371462e-01
-4.150354566063059192e-01
-2.846152882738000045e-01
-3.755399962046377382e-01
-8.452950279490503149e-01
7.369782684391557037e-01
-4.630482167285661088e-01
6.897579952896357725e-01
-7.821498642408220014e-02
4.791894833871435111e-01
5.581942180298788969e-01
-2.754081619119164159e-02
-9.857606821934496999e-01
-2.250069852795335557e-01
1.578993071987206953e-01
-8.131453599178357639e-01
-7.936413223729028577e-01
7.918509009526488729e-01
3.179655223820734289e-01
1.996964639237597261e-01
-8.693977671855470657e-01
4.103561563593580708e-01
5.145636322447073585e-01
2.531775314131414767e-01
8.899225078649226628e-01
-3.026795753113846743e-01
-7.193527125458485383e-01
8.649295810011354835e-01
-6.331828096742442291e-02
-5.892007732126702813e-01
-1.247144108083515501e-01
5.049427532418127029e-02
9.082353023516056556e-01
1.772364593996256232e-01
3.836645073853344190e-01
-6.284650821707278290e-01
-4.565910343950354555e-01
-7.422586699671975818e-01
-6.486555632868591381e-01
6.101249824587005044e-01
-1.820118408201720772e-01
3.496940691806971202e-01
-9.200367866421976792e-01
-6.211880049228746259e-01
5.744249727339958422e-01
-1.031482200886004730e-01
1.944380710642847898e-01
9.907769824457879349e-01
-9.478355931661581746e-01
4.072954016310272873e-01
-8.796964709524250914e-01
-8.608451672789496634e-02
6.125820719406511738e-01
-6.406068167697183124e-01
-4.793185207860402031e-01
-2.464863718493770506e-01
-4.447346878305427076e-01
7.843886625733138551e-01
-8.223297315809268149e-01
-7.673234936507311588e-02
9.475807709561596681e-01
1.234262545691346968e-01
7.667498639770400359e-01
8.406316588856312944e-01
-7.234327763476224860e-01
-1.167838787156683100e-01
6.794257474553917486e-01
7.337727063237100555e-01
-8.162944881199438729e-01
-7.739131172789943669e-01
6.600443316322441856e-01
8.190455072676599002e-01
3.376688160257046434e-01
3.659474062909591208e-01
-5.380740438284914440e-01
8.212331206302767583e-01
-4.155321102519362597e-01
4.744379874191400059e-01
-6.347661776815394230e-01
-3.303035984522657564e-01
6.281658322729708477e-01
1.628288026448136971e-01
4.534466587854601993e-01
-7.014469635688791449e-01
9.687019121653048792e-01
6.110086307072044587e-01
-4.455005992063565401e-01
-2.022321915205733678e-01
5.464873868315422989e-01
-5.613495515823061499e-01
2.632139653083087616e-02
8.359900041255186043e-01
1.842393163701034897e-01
8.637733720508713464e-01
-2.961200048366319226e-01
-2.112532873312435999e-01
-5.952227887472274492e-01
-1.569120391166571871e-01
3.169140641878840370e-01
6.452860391895376413e-01
-3.434098629770307998e-01
8.428587672318819113e-01
5.378391241062261408e-01
