1.707492383848085993e-02
3.249355881831283988e-02
-2.568611855983509162e-01
-5.069092527603575871e-01
7.832391945103964748e-01
3.730320566601530441e-01
8.029619961832983321e-01
4.999575938176730183e-01
-6.199135223599994138e-01
9.485516817096639741e-03
9.779353386196023568e-01
-4.826586251207860556e-01
-4.657636218136878004e-01
1.886090823551016538e-01
-4.701563753613615670e-01
-3.601971622218353986e-01
4.146392498561635165e-03
-6.699353950760198462e-01
2.685119763695527073e-01
1.583902377610628687e-01
-4.684493279045474079e-01
6.368986181726725704e-01
-5.427852773254733254e-01
4.939727246934135785e-01
-8.251630008599821764e-01
4.928333712858878890e-02
8.607710867725730797e-01
-3.172621436554692309e-01
-1.975458576939603805e-01
-3.740390838340024171e-01
1.647842173913809383e-01
-6.712263592256391131e-01
-5.421122953609589512e-01
9.125816465457732285e-01
6.137485934407285182e-01
8.611137292291897172e-01
-7.425689121668632708e-01
-7.027872816170979142e-01
3.036560545887265761e-01
-4.635288639436909719e-01
9.636561922007573777e-01
4.533736769226064389e-01
5.449478873191988537e-01
-4.201429587090157458e-01
8.882374696752257659e-01
8.874293616337707302e-01
-2.709341622537613237e-01
3.778591918054639009e-01
-1.220159566413316909e-01
-7.229147959624813158e-01
9.567917099580580675e-01
3.521586269998182583e-01
-1.010141756920868161e-01
-5.444170395309342325e-01
-3.602096771356246840e-01
-5.526769149249168844e-01
1.104552005205303722e-01
7.225986100638552845e-01
2.932179169269706343e-01
-4.081549728259878940e-01
5.743693859883929331e-01
8.638675791051297903e-01
9.120656750029898507e-01
-7.708488716638095539e-02
3.443625519605384433e-01
2.725230068752004797e-02
-9.568419944495607510e-01
3.154450419514724935e-01
-3.390603185263316721e-01
5.842612473507817761e-01
3.767582312316999360e-01
4.342005058386337879e-01
5.072938105728947988e-01
-5.876174553483761720e-01
-5.431190590386314465e-01
-2.859180191953620831e-01
-5.516580425107660002e-01
6.065691663140275747e-01
2.306138011205172145e-01
1.880145282658038930e-01
-1.960451167941894557e-01
5.704268908196004073e-01
9.975494179227324398e-01
6.230703779241038021e-01
4.127659392393239202e-01
6.188142970540482235e-01
-2.559089269189558369e-01
-9.247814242686429598e-01
-9.378557042457025261e-01
-8.822888691202233069e-01
-4.627334568206764587e-02
5.140871575282091044e-04
8.812876932518713957e-01
-5.770781475435315944e-01
2.385481209628608212e-01
-9.267379907970902941e-01
4.714029272396018655e-01
2.129259002523240518e-01
3.183512303329134596e-01
5.352543101922542235e-01
-8.825170980309091640e-01
3.919331977865738725e-01
-3.823934995084434796e-01
-9.961047902772715013e-01
7.996515924220841676e-01
-7.749075844661568180e-01
-8.487945676698913644e-01
6.808970649462500191e-01
4.581550929257227622e-02
-3.876099931947338817e-01
-3.110536802405423629e-01
-4.440904287880853563e-01
2.238918263135649678e-01
1.331576221276886685e-01
-7.378615766970497702e-01
-9.798326504789489633e-02
8.453780077970678430e-01
1.288072911587538893e-01
-6.834244934651425574e-01
2.330533224998456721e-01
-3.113939249738417736e-02
5.157513894356007267e-01
9.508266037144179617e-01
-2.968300104839860509e-02
7.165056420135615944e-01
6.454490551194183023e-01
3.358019460126171474e-01
-6.413076015320140488e-01
-9.692584001751791689e-01
-3.259153931836085150e-01
7.220441914794695215e-01
5.452119960524663966e-01
2.222008688643986041e-01
-8.563248237327030221e-01
3.106115753584843819e-01
-8.315444454284892650e-01
-1.370599035623123463e-01
-5.722675590344217245e-01
-7.206589332643580370e-01
5.329574421650984384e-01
4.123608062830328436e-01
8.176654501160718347e-02
-1.819880964525952827e-01
1.694803915486868817e-01
-9.732490330970722248e-02
-5.937110265612686177e-01
-2.231565079930952766e-01
3.174461899795897324e-01
9.363570940480769877e-01
4.604826093484497562e-01
1.252287877856637088e-01
9.132067709249831466e-01
9.486558353626508566e-01
-1.958390881543516926e-01
3.798092167724553825e-02
1.705296340748296835e-02
2.804381628210623756e-01
3.197158873075944818e-01
-5.071255984267999395e-01
-9.679164920662450822e-01
5.794957743743616163e-01
-9.704996473303237892e-01
3.722894553983993049e-01
1.842752803528107108e-01
7.203082021976749960e-01
5.305956757669441082e-01
-3.356195132031942752e-01
9.111181224589026684e-01
-3.823156096379065616e-02
-8.241156805323535117e-01
-5.096031340949975785e-01
-2.528278485451709301e-01
-4.495972351706234438e-01
-5.366530821324342337e-01
7.392268719779515607e-02
-4.895528173067615896e-01
7.441959596565266288e-01
-2.253277636064905387e-01
5.492871657522204742e-01
2.593297802392882101e-01
-4.466169910015094224e-02
8.357114853867011472e-01
2.394987100586192241e-01
-9.126361394845701192e-01
-9.132371348916223930e-01
-5.821340875599274600e-01
-2.012001537461980405e-01
-9.946491302320468186e-01
6.256304891410791047e-01
-8.082100203382336367e-01
-6.066268088551689530e-01
-7.097837153131918431e-01
-3.682531679034997119e-01
1.896009599712067395e-01
9.789989239740706228e-01
-4.131785819771378598e-01
-2.429168688430487499e-01
-8.106907786818460249e-01
7.443155874119129489e-01
-1.293644766153172476e-01
-8.635720480792847820e-01
-8.299068227572155010e-01
1.156417290479456739e-01
1.526862266466122442e-01
4.176501660621600998e-02
7.127458915508908532e-01
-5.874051286167483177e-01
-9.764025334492925090e-01
-4.144230757148334998e-01
1.695890136780664470e-01
-6.987688576259869500e-01
-2.166655021162200434e-02
9.346810638437705876e-01
3.666136227447069906e-01
-9.286282573750050950e-01
-9.846696066464541985e-01
-3.519879965370260599e-01
1.354267558940769334e-02
6.181079283689161485e-03
-1.716430152773067430e-01
-1.144040815383124965e-01
1.509601609667625688e-01
-8.491117505135619137e-01
8.404235923548535325e-01
-4.918323300871596526e-01
-1.964336235342907244e-01
7.782674631367971774e-01
-2.277721111864166037e-01
-4.506708708296547350e-02
1.784629732749796194e-01
4.334602792259623083e-01
3.786108324952124349e-01
8.644104220431476637e-01
7.967913034136258066e-01
-1.392031022538637863e-01
-1.759936819761211968e-01
6.479655659260126210e-01
3.534402375027378973e-02
7.677342684678702955e-01
-8.013911306526018130e-01
9.225057040336619441e-01
3.875687276205952436e-01
6.101790742365651443e-01
-3.131737897174895480e-01
-8.442792816205038076e-01
8.913594943955498451e-01
-1.344726898163073336e-01
4.162385734054969699e-01
-7.286334066480784077e-01
-4.966419408587934292e-01
8.554171342380347820e-01
-8.908382508025347590e-01
-6.304970325277134968e-01
-3.591493441794011421e-01
6.670071481885275766e-01
8.884308226322326085e-01
7.127460314684919140e-02
-6.963814466277191695e-01
4.914785469925120331e-01
5.105391410902659910e-01
8.882091431234508949e-01
-3.049780821472818371e-01
-1.720834644761581878e-02
6.567250272674858280e-01
-9.591207503104279830e-01
