2.455910315830500679e-02
3.220921005155237271e-01
-6.428954800574260275e-02
-3.244855249586842127e-01
-1.401998106580111259e-01
-5.621956746162004581e-01
-3.254794879015365794e-02
-8.331460998465514134e-01
-4.267523359821949747e-01
8.665075369901775737e-02
9.117641322803644588e-01
9.839288872460367763e-01
6.107472681539705128e-01
-1.353747747801958834e-01
-7.175569942192101536e-01
9.791431274300079757e-01
-1.816369202355030410e-01
-7.356380640228969980e-01
9.281355818475773845e-01
6.990872138874171249e-01
-7.176212138623496717e-01
-6.284854843158047544e-01
-8.356465986980234906e-01
4.542676909735368085e-01
-5.050425078778333354e-01
-5.685173979374369413e-01
4.223748607625599227e-02
5.845536987506965154e-01
4.243230988351942568e-01
-6.601347923726634814e-01
-2.729148541888313240e-01
-2.872468323472512353e-01
6.847554397622426237e-01
7.773312232767704000e-01
2.350017536192079426e-01
4.218797575034614056e-01
-7.468080896996789342e-01
-3.782503222917865671e-02
2.740979591173002827e-01
6.676809307936153459e-01
2.726587474595489891e-01
2.625029496429396314e-01
4.241007295507559505e-02
9.292409776321899351e-01
-2.184240254744758136e-01
3.410055308805408636e-01
-8.087168196053418079e-02
-1.319966365580642620e-01
6.114778121407493661e-01
-4.738250726003836455e-01
-6.438608671313714726e-01
-3.417198125790281704e-01
-9.165301778900585283e-01
5.994807123166225882e-01
2.142073091414038455e-01
2.243151834719097071e-01
2.932478827236133512e-01
4.185282215439218856e-01
-2.750977352313086488e-01
1.255305573459599700e-01
-3.449065957279042749e-01
1.413301989818778193e-01
2.620247238326369743e-01
-6.927333377993816210e-01
-5.739785606511929039e-01
5.734642695529235112e-01
9.808019888227763605e-01
-2.042061007749504942e-01
1.020131240764523550e-01
8.494759233068340798e-01
-4.057795221857682932e-01
8.368116512440639809e-01
-3.351540388169902407e-01
3.718347508221506725e-01
-6.402340584730059625e-01
1.049807304001029173e-01
-4.013101755800749793e-01
-6.934683725909573937e-01
-1.046957818859979295e-01
4.189247620819840368e-01
3.551949447999276366e-01
-7.880780031405245634e-01
5.815045401671443681e-01
-1.401698733512870554e-01
-3.389005264442370713e-01
-5.466971316066053799e-01
3.063547467290055337e-01
-2.217171716552801541e-01
-2.363066678320782099e-01
-2.011895975146433813e-01
6.190774245647503449e-01
-2.206688087882149318e-01
6.420391675457899350e-01
-8.698755871744596746e-01
-3.647142616959686556e-02
-1.363327572851666947e-01
-1.838170439116031396e-01
4.354724908120222171e-01
-5.061197137359787490e-01
-5.246911018972884033e-01
4.603626834766338938e-01
-8.860913271877670638e-01
-3.529269039391740304e-01
-6.711090592541610889e-01
-3.422517407060077232e-01
2.753598442461302476e-02
-9.603590834907886897e-01
-5.334529161645931161e-01
1.351754146979189386e-02
-2.534518400992753495e-01
9.138739063166085863e-01
-2.127489700967322150e-03
-8.391477689201836121e-01
1.838170998872556972e-02
3.342058900945703570e-01
6.477016504136097197e-01
7.456218234087763630e-01
-8.956824439265327342e-01
-7.525090351298806546e-01
5.123007601382434384e-01
-1.425193926489742857e-02
7.026564690147711900e-01
2.345139692609117255e-01
-6.781641537567055789e-01
9.599503187550195715e-01
-8.706478498408221078e-02
-4.217010766294062574e-01
2.394630642880601901e-01
-8.692725403135563855e-01
7.012468652061600860e-01
-9.595537440960957287e-01
-8.342715646904363958e-02
7.239365102128152429e-01
5.085545599353120672e-01
3.026973230176914775e-01
4.226094118291643387e-01
6.708015737430816916e-01
-8.810583546855710324e-02
9.315262300239512960e-01
-9.337840624820590296e-01
-4.235434089110097222e-01
-9.780366821157333579e-01
-7.194952774654450600e-02
1.214679771158548860e-01
7.016266696040791562e-01
1.455698044734183849e-01
5.478467193898017840e-01
2.644171172675864323e-01
1.563136850962625335e-01
-1.010741167764845905e-01
8.378926632818326503e-01
-8.956391185255756504e-01
-3.489828398118486330e-01
3.489517035366320741e-01
3.921578537953114285e-01
5.054277160684612635e-01
1.197017762868235469e-01
-8.167681383279130625e-01
1.454203729289249569e-01
6.832543269648394535e-01
4.941969903914356088e-02
-1.921249900648962505e-01
9.931200842682725849e-01
-1.709887579094531151e-01
5.797851264658453463e-01
6.294621711905978856e-01
7.491709096105392263e-02
-5.206904557227813868e-01
-2.266537663099827959e-01
-6.794566383215383532e-01
-7.682821277871036969e-01
-8.671668530662237639e-01
-8.986063937100812193e-01
-4.431638452742081569e-01
6.712141755673974863e-01
6.466027760175863115e-02
7.507102113445391911e-01
3.116690998808153701e-01
-9.428853518112512155e-01
1.517709034557772618e-01
2.395725217079665015e-01
-4.448770110370841024e-01
2.338370338515336488e-01
1.607835526865992737e-01
4.868243053316190228e-01
-7.610678462274682587e-01
7.168683766092498466e-02
7.884510631668057989e-01
9.362423148364631409e-01
-4.361243072365708073e-01
-3.248318861375349975e-01
4.204653078908815456e-01
2.571127043927015077e-01
-6.233708942521603014e-01
-6.828493567585081081e-01
1.833792985607280990e-01
4.193994452539122619e-01
-9.911982144121798122e-01
1.835503921633985236e-01
-9.307189756157958627e-01
-9.421336044420736133e-01
7.138753708065737058e-01
2.538182289807204839e-01
9.015311036609787720e-01
2.096618941058350227e-01
8.188982358818401863e-01
2.271571619966534783e-01
9.253520230915925904e-01
-4.938926615187311242e-02
-3.533260713257009300e-01
-7.387049413790651720e-01
9.882912530774823345e-02
6.672811180863889025e-01
9.338604357817916757e-01
9.421071219591832246e-01
-8.502580922982883038e-01
-8.268348811394869990e-01
5.532202163559201136e-01
-7.052708929945072924e-01
4.390821521303787112e-01
-4.363846283765242529e-01
-9.654763971823736579e-01
-6.904533320829102649e-01
2.414760412813166113e-01
2.862410436102962308e-01
-5.268471729719166330e-01
-9.455228907037658281e-01
7.338864989347144707e-01
5.226895076257909167e-01
3.790517037142671075e-01
-9.763503576279415341e-01
-1.203565155567909439e-01
8.646873656490614568e-01
4.303852111935588809e-01
6.811562509226807283e-01
-5.185731288298045527e-02
-1.856454079840081928e-01
3.845963433149399702e-01
9.868407484216363823e-01
2.945334680866913413e-01
-2.535600059437359555e-01
4.359563193489437438e-01
9.699460220695497181e-01
-2.839175661608965839e-01
8.975406308317779303e-01
-9.720910728467202500e-01
3.650910167544896279e-01
6.092906847891912392e-01
8.393754725933799676e-01
8.224590250299732563e-01
-6.564411658664390803e-01
5.937807889129582684e-01
-3.619064147235377948e-01
-4.111380592197881878e-01
-6.565385781288781697e-01
7.670143259788786416e-02
4.687827083050797317e-01
6.817849671682818524e-02
6.140875480493046545e-01
3.045733337263902829e-01
-1.346284147754168714e-01
-6.566576766312930413e-01
-5.493163333262776060e-01
-2.888421731708779028e-02
4.684432693065456732e-01
