6.359229692255425892e-01
9.640816507314915462e-01
-8.732888026398355485e-02
-8.747865709281856805e-01
7.398367220304489233e-01
-5.356495911640835050e-01
3.730095211626061058e-02
8.350188847878325937e-01
-9.505936584587297844e-01
-1.914260555015345755e-01
-4.396509923760061334e-02
-6.432817038585831870e-01
8.375474655322781015e-01
2.477946135210573608e-01
-4.949548868880551122e-01
2.800305545696852860e-01
6.080191367821710102e-01
1.084281386692713678e-01
1.105415773478128916e-01
-2.453499908536624918e-01
-2.829409503481148391e-01
-4.850002685012775316e-01
2.585190933897190124e-01
-1.868760239111575405e-01
-9.726298440806779855e-01
-3.443340748779721849e-02
-1.733183027316238523e-01
-4.702553162320448621e-01
-2.660888132782857074e-01
-4.790296493910044529e-01
4.392577127455357111e-01
-4.955106605009484966e-02
-7.266365259535028098e-01
4.068572480264969204e-01
-9.573863934084889671e-01
-1.592573931288370215e-01
-2.375237711494768700e-01
3.899074003353821816e-01
4.274902716581479023e-01
-7.805883459904894295e-02
-9.290100704242079122e-01
-6.034943162140369299e-01
-7.418955742175192825e-01
-9.847073336406966249e-01
9.740942741060643062e-01
-8.424639718702622293e-01
5.112118342796059256e-01
6.869249428629138343e-01
3.584929507738523480e-01
-8.920812262331940801e-01
-8.246119219816208101e-01
-3.085301353033020888e-02
-6.461812750357376345e-02
-3.821891221065718547e-01
8.182831493334810080e-01
5.976120766835741893e-01
3.319515968240609460e-01
-8.426192932122031909e-01
4.260343446066003903e-01
-8.600718474502970778e-01
-8.551854084299275183e-01
-6.534057283820486894e-01
9.047059032262370071e-01
5.661926833289139260e-01
3.710524408984383626e-02
8.520816243812066038e-01
-9.233749390855683359e-01
6.908594640033900447e-01
-1.701795760408657543e-01
-6.686141578599009705e-01
-2.023366739024565764e-01
-5.479951584525537545e-01
4.516811625058843038e-01
-6.468220622712321788e-01
2.086766243734752280e-01
-9.369612232506794314e-01
-3.833550033230477272e-01
-1.276890005466893019e-01
-1.929340802782921749e-01
1.474270310097438585e-01
-8.310938427001053341e-01
4.200271018112855526e-01
6.944300036157158296e-01
-8.091405547759962236e-01
2.170935300196139561e-01
-4.447945990218098444e-01
-2.690661123102067176e-01
-3.620683792950978308e-01
8.364549214641239239e-01
-1.525292508877762465e-01
-3.235044317046937845e-01
9.977164040828083724e-01
-9.682717627387253945e-01
-8.937250364941511371e-01
-9.802536789436282483e-01
6.662692871068731648e-02
2.386545403028148549e-01
4.516231224423086221e-01
3.634179550832619121e-01
9.708333943112696929e-01
-5.610209560455654554e-01
-7.277752662160263952e-01
7.868723515610784869e-01
-9.411075657262839567e-01
-7.047456504200333427e-01
6.292306897053754344e-01
-2.133409739092126944e-01
-5.246370925234560278e-01
-3.228687838624806350e-01
-7.810776506206911218e-01
6.198565642853726132e-02
-7.449498189405989734e-03
4.830854179888492972e-01
9.096773909181867790e-01
8.510848730688937991e-01
4.873409396704593277e-01
4.277876011819248259e-01
-7.934470663405919222e-01
-9.835269274312730126e-02
-3.635893723206276018e-01
5.661718354697820033e-01
-3.164320994054792280e-01
8.547026741666696736e-01
4.995294702918218199e-02
-1.891208066070708682e-01
8.072797068118626740e-01
-7.383492091327399365e-01
1.559962073738163646e-01
6.567187887004788394e-01
8.091890840012543329e-01
1.269579291864344484e-01
-3.299495515223140885e-01
7.794785882231438645e-01
3.173362019946852630e-01
-8.002861570070249897e-01
-3.837082959407389637e-01
-1.413511800929285744e-01
1.410479133719535483e-01
-6.162266264764104662e-02
-8.808355385577817387e-01
1.877943812684470526e-01
-7.682329368308791206e-01
-9.700013666466378304e-01
5.229140828098479687e-01
-1.128171969328068958e-01
9.104803944345571942e-01
3.439198884180947324e-01
-4.779304199195921754e-03
2.237053508231132692e-01
2.839645001983401862e-01
-5.135690696514643161e-01
-8.801632024976837609e-01
7.229616001403837977e-01
-5.864671300793034003e-01
3.513186296042727363e-01
-2.435606128212040034e-01
-3.964177216417057448e-01
3.551424770464881586e-01
9.898641271070485192e-01
4.552084104585258917e-01
4.045367986731627230e-01
-4.447877241933968495e-01
6.900552562716670835e-01
-5.922420970026371911e-01
-8.188766003988920961e-01
2.986967859317659624e-01
2.336593087623402010e-01
-4.461622908569677914e-01
7.482546868938222406e-01
-1.572747026513932056e-02
-1.845617643336476821e-01
-7.378553540987444759e-01
1.427054476907880787e-01
2.900562662486669829e-01
5.745480623237377849e-01
7.020573108398544537e-01
-5.001808009155599422e-01
7.862227681175102401e-01
-1.473269529952796475e-01
6.043331677154857307e-01
-2.400754489323526641e-01
7.912757422993599299e-02
2.806461997205178527e-02
-7.956108604111866711e-01
-9.670840762408521307e-01
1.225066558497265312e-01
8.710322684006168714e-01
2.782405541756058920e-01
-7.927119140222638194e-01
3.481205823620301398e-01
-3.035467168505912028e-02
2.353915661924053104e-01
2.267792439017892736e-01
-7.011539114922307192e-01
2.865061224364939818e-02
2.774607202444832055e-01
6.183704809712449180e-01
-1.241392596919166369e-01
-7.806595242568614701e-02
6.938811292970736844e-01
5.796758084536517419e-01
-6.974546227701232670e-01
-7.115788728844949507e-01
-6.372179526932013616e-01
-3.163473665420035719e-01
2.847120971546728274e-01
-7.969469364930756861e-01
-7.547508826423023898e-01
-8.153814078616550276e-01
9.612331854445190782e-01
-6.093434089081486427e-01
5.030419518445596871e-01
-8.843104432928334813e-01
8.019301044507138876e-01
-5.491012229681455636e-01
-3.159512381986953056e-01
-3.394948375783497507e-01
9.930199253065736809e-01
-7.398320186560596312e-01
3.851974478138986413e-01
4.518010202725797342e-02
-5.239102412448357615e-01
-4.751358906455673825e-01
-7.469796001710147237e-01
9.889467540449965455e-01
-6.571851940681527893e-02
4.072333996138177703e-01
6.558152378186612452e-01
6.472415321827751367e-01
-9.834110119500101277e-01
1.384530625357704992e-01
-9.331542288319409906e-01
6.346739063030246708e-01
3.511486705479087700e-01
-3.070307047305609327e-01
9.511131788185869240e-01
-8.227665315994703299e-01
-7.643334834361095176e-01
4.292597044732680001e-01
4.151588115807469670e-02
-1.141560720609149371e-01
-7.182285758273787568e-01
-5.255305779050223336e-02
7.761055246834838162e-01
2.373082510204278517e-01
-9.059656534366267167e-02
-5.605115571089267501e-01
8.682139406122855174e-01
9.129716032338588416e-01
2.507508035404408808e-01
5.651857250669372057e-01
-2.978118273972845120e-01
-5.199590451798270507e-01
3.667288221877800236e-01
1.588346713464969806e-01
-6.393524485214758801e-01
1.397797906509683497e-01
2.154181568646007516e-01
-5.682755321829335848e-02
-6.667874472284596177e-01
5.841031238722511620e-01
4.739490035485949271e-01
7.889126271606732299e-01
-1.737889501828309147e-01
-8.846691564778841332e-02
