8.789497342914722733e-01
8.209904835427490610e-01
-8.953010100192893006e-01
-8.217973007017260745e-01
7.625043074817006161e-01
8.764178480744584387e-01
8.964372518383056931e-01
-6.534719447609445009e-01
5.531730457125807465e-01
4.215880339053279524e-01
3.236064955449913239e-01
-6.348810248290150948e-01
3.028128790810724613e-01
9.032383041808988988e-01
1.338111250479001590e-01
6.568052893008617943e-01
1.751674757055996512e-01
-1.270464490013800685e-01
8.859932082300785439e-01
-4.957097941307513356e-01
-7.905990595089829043e-02
-5.150154620579869835e-01
2.567415220951267951e-01
-6.160653534639919382e-01
8.082401070362446038e-01
7.239051602371406879e-01
3.336122626255748624e-01
-9.143760380599494919e-01
5.301836954261556212e-01
4.516522414999943891e-01
-6.637853051317341713e-01
4.905821064110145180e-01
-4.389065222240007280e-02
5.876097147187631098e-01
8.649702074552902964e-01
-8.663282984555500388e-01
-2.773149531494738529e-01
2.689174194156596087e-03
1.277499323592030667e-01
-2.952156357933728437e-01
-5.535032002692084063e-01
-6.910669414931425170e-01
4.050137168695726597e-01
4.867289229561420072e-01
6.771342388881196328e-02
-4.996469292211369595e-01
8.683677208270037529e-01
7.574083721000990366e-01
9.034120108399157356e-01
7.262867556955399095e-01
-8.560194429067997657e-01
-2.824977153178265254e-02
-9.141256904361765301e-01
-3.426610310712998597e-01
-6.915905867112495109e-01
-5.084746721737376518e-01
-8.143829347117734763e-01
-6.344325415065712459e-01
6.887933498189009462e-01
2.912703826089895198e-01
-1.158243741993381093e-01
2.341004533381643160e-01
6.149302749472016494e-01
-9.934979865833815094e-01
-8.095901885504490636e-01
9.246678661747638195e-01
3.283675604770770473e-01
-4.635570878995589617e-01
1.548399988245741099e-01
4.157077629418233222e-01
7.030974293608951431e-01
9.572710434476348063e-01
3.670804011204857886e-01
6.110339873399379673e-01
5.645956397008522476e-01
2.605874960990990363e-01
4.393725315791128239e-01
7.214388851098423316e-01
-9.116614676264618300e-01
-4.890418164102856569e-01
-1.405003095183030570e-01
-2.428722994304126637e-01
-1.925639058594230679e-01
1.940824030773622422e-01
-7.635360967527604625e-01
-4.974132426019433062e-01
-5.705653876829510640e-01
-4.943421839789041705e-02
3.468161363747952475e-01
1.433507639639188813e-01
8.304074572184023673e-01
-9.995530652343094236e-01
-6.793415606664274797e-01
-8.889244847077586442e-01
-3.396778815015268904e-01
-8.515794559845559775e-01
-4.099916288825382615e-01
7.789344080750888466e-01
9.261474933384128416e-01
2.319600174285232352e-01
-7.130078284983900616e-01
8.362599600372575548e-01
-2.269805398317803480e-02
-3.896849146613001746e-01
-8.604224708577521419e-01
7.451597035157058180e-01
-2.749080447912122249e-01
-4.040538983436994247e-01
6.298298285769909910e-02
5.848169485439784765e-01
2.223820950127577412e-01
1.594131948568247026e-01
8.370498896499392050e-01
-3.971773931657704981e-01
-2.710820045889839047e-01
6.855913530682129498e-01
-1.836923316872018930e-01
7.888125196674788953e-02
-1.108859075277472961e-01
4.552687865409639212e-01
2.761050884285720652e-01
9.266157190346111516e-01
2.980840724356090821e-01
-1.211516004819745973e-02
4.773180376844141648e-01
8.747768748018636131e-01
8.864455761737353168e-01
-7.684360485349743808e-01
7.057587140096917011e-01
8.179521749278406695e-01
-2.929935884227399256e-01
9.218930096317106138e-01
-4.307855217373008916e-01
7.289855106254947703e-01
2.886843483076322325e-01
3.541364719623232293e-01
-8.195442986813681330e-01
-3.239553215188211155e-01
4.446334817156931685e-01
-2.003146115673570815e-01
9.804610020725101904e-01
-9.801602552053125805e-01
8.509831856543312867e-01
1.122194311914559428e-02
9.736312146133301315e-01
-5.759701341765968152e-01
-7.748738422794940739e-01
9.248333129536960850e-01
9.447415802026137843e-01
-6.310353636815118072e-01
8.343959905543929523e-01
-9.472778076023389282e-01
-7.903131052426182190e-01
3.109137798041967660e-01
-3.121783724383724312e-01
7.054079884333330774e-01
-1.845741339156647953e-01
-6.199624688874945111e-01
6.577773383924929718e-01
-7.833034330549000224e-01
-5.616101658493906079e-01
-8.208367361802959561e-01
5.983120077574315410e-01
1.054266301666395567e-01
-4.769356431121678508e-01
9.691371617165069896e-01
-9.374616835772704437e-01
-5.298472712927966288e-01
1.076929084782962676e-03
-4.035329728998249266e-02
2.409068915004581868e-01
-8.177013812003106619e-01
-8.773136709381761378e-01
8.951200018415095272e-01
3.198693570127377761e-01
-4.466260496670071412e-02
9.605518623559117231e-02
-4.253200648253538940e-01
-7.686074075688564822e-01
4.232395906414747611e-01
8.642238629739411593e-01
-6.190441405881985659e-01
7.630026986779290255e-01
-2.070032826588315000e-01
-1.764586316931746612e-01
7.823717117288109257e-01
2.258877891150623540e-02
-8.958162053467970676e-01
1.017976508359967891e-01
3.177611527474508701e-01
4.688089623182722931e-02
-6.047875644721774080e-01
5.559069266410483490e-01
-3.845629361273301683e-01
-8.038295859616024774e-01
-3.917127844429066919e-01
-6.449675902357903112e-01
-2.917880372221886009e-01
-5.449949389319790338e-01
5.044015163804744795e-01
-8.310446037126975050e-01
4.795071639465868785e-01
1.174847213708642979e-01
-6.463564478060652707e-01
-7.506915343002453778e-01
-5.912955685670771011e-01
-8.567143264502941058e-01
1.046782168150444114e-01
-2.476740142801110434e-01
9.174506912266193748e-01
7.360298359980841365e-01
4.070750898761488212e-01
-2.716901688713848628e-01
8.839333242211357966e-01
9.668901323252947488e-01
-9.658326270583506012e-01
2.104275028574018602e-01
-2.675338686482162665e-01
7.233383120427501201e-01
-4.802550349076681879e-01
9.002971890333664184e-01
1.326693085804369066e-01
7.027239256529198563e-01
5.191593628675810201e-01
-9.626483065728022037e-01
2.028107758069430666e-02
2.352334642643565399e-01
-2.170358785488628595e-01
-3.012878063723258837e-01
-3.161251739196835331e-02
-3.014756987125235543e-01
-2.177138925561383775e-01
-3.154626338107811012e-01
-8.945795804928378114e-01
5.642775120827689950e-01
9.809692374512954949e-01
-1.328183305933834379e-01
-1.600182301744657032e-02
-3.938395247106047936e-01
-3.641735982625426971e-02
-3.064977273049120932e-01
6.046878355401661409e-01
-6.075383879253686281e-01
1.215808781007481354e-01
-7.986181567724881525e-02
4.868721816047241191e-01
3.897928690985541511e-01
9.955686306139321928e-01
-3.007655369825124048e-02
8.552896219826511270e-01
2.776737091216503472e-01
-4.406723131294163487e-01
-4.737209168064617781e-01
-1.913066488970833756e-01
6.708631642675715323e-01
-3.179004666872482510e-01
-2.105352635792101523e-02
9.786605687733209713e-01
6.355906106820352619e-01
4.247572698810913039e-01
-9.465043017028347272e-01
8.235261913089526598e-01
5.559159673401532498e-01
-9.691527114778697438e-01
8.863695401259392703e-01
