-4.802975992736628896e-01
-9.983369521828574511e-01
-1.048828164198219171e-01
-4.257890751314041822e-01
-9.806673133874505011e-01
-5.744193444255046854e-01
-1.398550906214413025e-02
2.400983815378113784e-01
9.837811181462812193e-01
3.578510453163717409e-01
1.217816965244841843e+00
5.730812891953991350e-01
-9.706729845444037608e-01
4.003341792882239569e-01
-1.497236627656209351e-01
3.724987613657492203e-01
1.100870336554890805e-01
9.335877172131903379e-01
-4.170647885460007087e-01
-1.300591770805258340e-01
5.217795879478180909e-01
-3.228946103459597039e-02
3.253870786203930665e-01
8.299400258860349655e-02
-2.404702102225840243e-01
-1.042199382261914220e+00
3.987699395070820607e-02
5.623322971749302734e-01
2.510185127493075319e-01
4.535842452164219885e-01
-9.374146463370887361e-02
-6.524731648011119489e-01
1.748469896468816398e-01
6.464838002603282008e-02
8.856902664376262724e-01
1.737892558564047008e-02
-1.590973015546631036e-02
6.941022133593519050e-02
5.547333369892945010e-01
-6.328926511124208787e-01
-3.851714815505805634e-01
8.236808436994231819e-01
2.267579196571071765e-01
9.314279149738551311e-01
4.193555871556013392e-01
-1.450492253797282249e-01
-2.838293170073371563e-01
-2.008695775844885900e-01
-7.002840502320577531e-01
6.351402981801337333e-01
1.713938208038094102e-01
-8.421395568460176007e-01
3.072769335760525133e-02
4.879533976102565229e-03
-5.068700092232766297e-01
-7.134722849549610113e-02
-1.539049020012842051e-02
1.346978552070039747e-02
-3.662834185695132416e-01
1.590695626154781661e-01
2.665927064708070171e-01
-2.201650642136875891e-01
-2.695918157003401872e-01
-2.307888247467380638e-01
-6.561573585846912637e-01
4.649621305415294614e-01
1.898073514527705563e-01
-1.800917204394530402e-01
-6.395485897252182195e-01
3.190183607244986286e-01
-2.964841171272277753e-01
-6.736951347654734912e-01
9.284537411050236555e-02
-6.073661755634814918e-01
-5.658242152449850515e-01
1.918447329316654848e-01
-1.324783807054233098e-01
3.926031518178780266e-01
7.588384588700274325e-01
-4.021743421673708019e-01
-6.410680784845734781e-01
-6.253319800407584061e-01
3.492323681763906951e-01
-3.154210582376083538e-01
-3.463403820365468233e-01
-4.606357805369652447e-01
2.968486482155486827e-01
4.711008515328786173e-01
2.289688779651794515e-01
2.864745281963652079e-01
-1.909975171179651154e-01
-7.440141122419007269e-01
4.923466231173898033e-02
-4.928901052710165098e-01
-3.472941891536099890e-01
1.489022096136323192e-01
3.470551448744412237e-01
6.842379481701826860e-01
-8.239233426132035465e-01
-6.901305021786110494e-01
-1.686131922422383633e-01
-8.169345065705536924e-02
-3.204889958416357043e-01
4.280915599067527944e-01
3.327980237161521360e-01
-8.332497357519588754e-02
-4.221867440351583234e-01
-1.392648423416749659e-01
1.481898285547395555e-01
-9.555287343846517734e-02
-9.436336857923256494e-01
6.721164758717550480e-01
-9.386384603862774068e-02
3.700353557488091361e-01
-6.289905567388306418e-01
-5.944035384773729280e-01
7.054366472694667545e-01
8.978193281725370678e-01
8.323000312333087014e-02
3.241769871246062418e-01
3.174300590969608704e-01
1.671267754462289201e-01
-3.652358291890641095e-01
6.838624971451854329e-01
-2.288633674595260958e-01
1.667699297249204682e-01
1.897802906378989740e-01
6.026640660745234968e-01
1.147818938937857691e+00
1.674290114676949270e-01
6.862478103196578694e-01
5.791220404110197784e-01
4.492747939797033796e-01
-2.189651327582722851e-01
-2.977131537296738850e-01
-3.625916706737440931e-01
-1.652963336925228899e-01
-1.008568539916728346e+00
-4.199397731273393219e-01
6.058251279694111258e-01
-1.266488023454383494e-01
-8.900229650298134843e-01
-2.368999420120412591e-01
-3.643642515213602051e-01
3.465090322238416620e-01
-3.460035203086219702e-01
-2.835587874888654825e-01
-6.086771291268103790e-01
5.716629313551985225e-01
-1.900905643884425178e-01
5.296134837884215463e-01
-7.382989552259918709e-01
-1.040365572817977036e+00
-6.351985934154551483e-01
-1.581050264871985134e-01
-1.434801396572268906e-01
9.136997097862045725e-03
-2.408014834907427071e-01
4.256999542325057284e-03
-2.803873685743800692e-01
6.366738996265058903e-01
2.149220585993313892e-01
2.169106897578185200e-01
7.219370669928188988e-01
5.920517612705109567e-01
7.510310467856740058e-01
-3.481889518917085091e-01
3.153729325597516842e-01
-5.125302118962195008e-01
-4.765991610098019859e-01
-4.723645011001345040e-01
-1.506993638257521084e-01
-8.844537992085346190e-01
1.998075873691937052e-02
-4.984971233900012400e-01
-5.724029497054490268e-01
8.870646326481181898e-01
5.042968043592607197e-01
-6.115714586576961875e-02
-8.002932706999357215e-01
7.908118778781011438e-01
-8.971189889058667211e-01
8.171207979836550006e-01
-5.556123839525992647e-01
8.253198894425302079e-01
-4.404461363472539914e-01
-2.540480613428864887e-01
3.058999897435651372e-01
-2.323369138566405423e-01
-1.428573130662967421e-02
8.436178473892448348e-01
7.029720466895942321e-01
3.193801097874264250e-01
-4.994872194661785225e-01
-1.524997572189382977e-01
2.050303524408373657e-01
-2.882445331734051486e-01
-5.291848702795217685e-01
-2.917244448929492973e-01
6.734980756903934385e-01
-4.508639035134218709e-01
6.165153471744170277e-01
-6.504312750117071662e-01
-2.143362687707051906e-01
7.698557137004387041e-01
-6.202085499567527860e-01
-3.274295929888815793e-01
2.234303535161520360e-01
1.752541859368674793e-01
-4.440839655810301378e-01
-3.728221745497384831e-01
-1.882801847501719417e-01
-5.024489128794810133e-01
3.760627528284927190e-01
-5.657821844529470345e-01
-3.259133054344440228e-01
7.128428973269866908e-01
2.673228099748948816e-01
9.601625709306552681e-01
3.923648438846180642e-02
4.114170498889324068e-01
8.212623851320620394e-02
9.624052530895041979e-01
-1.985994290395605988e-01
5.683596418266295691e-03
4.285118369666866545e-01
8.765538037848480402e-02
8.936316030845661840e-02
-2.996078448125705229e-01
-3.865642700650032126e-01
-5.372049432024421645e-01
-5.122327546953878152e-02
-6.474932035275404729e-02
-2.047666495735697700e-01
-2.534408272704553600e-01
-1.486736663133924607e-01
-3.945110827960369715e-01
-5.368489315947448659e-02
3.209160712946193539e-01
1.633996598322190186e-01
7.447740252591403820e-01
-3.984066902650954534e-01
-6.336422115337418948e-01
-3.166088963730970263e-01
3.793497000295841248e-01
-2.716008826362903417e-01
-3.227793435109013176e-01
2.518604564942248519e-02
9.547578999424841117e-02
1.928839868732906138e-01
-5.792222640654607346e-01
8.730221283109905472e-02
1.882832853439231346e-01
4.482950928362634535e-01
-1.801389549434176118e-01
8.493529566859327196e-02
7.412478720137871679e-02
1.930923069976253348e-01
-1.333709539337175898e-01
-7.099936145810070709e-02
7.226017207547225096e-01
-4.415043047404921817e-01
5.372776158018512105e-02
-3.326374743568667469e-01
-4.641236138862543936e-01
