5.629554196533437249e-02
4.934245046474128316e-01
-4.098146378736178264e-03
-4.637657699595052474e-01
-9.419635253754321536e-01
-3.453425866778037090e-01
4.986396328808972989e-01
6.203962049167475179e-01
1.736318262705236481e-01
2.711264273708520189e-01
-8.836499946244602555e-01
5.353557969471722799e-01
2.522186776255226359e-01
2.165967784849942568e-01
8.937961207944782327e-01
-6.928856112153265467e-01
-7.303249781086622594e-01
8.055176056010246999e-01
8.362228851079713809e-01
7.992893084830481332e-01
-3.321978409351291628e-01
9.386264030894397870e-02
-5.829967121647039452e-01
8.420526342249377016e-01
6.547090185686172958e-01
-2.425416015575365680e-01
-3.298133684341857386e-01
1.422123109640360816e-02
3.071547304763184716e-01
3.877739576023111479e-01
8.368218939262124234e-01
-6.299820685683488186e-02
1.057154701498159710e-01
7.414415476053892728e-01
-4.100580534663045285e-01
2.537168043642468174e-01
5.883031040300719106e-01
-6.516228728941750870e-01
-5.546371429378009754e-01
3.303191759095702729e-02
-8.872902298495819462e-01
-3.103791371454804882e-01
6.706966600579640225e-01
-5.956671888813709348e-01
6.206114291091642254e-01
-9.533129294245432650e-01
-4.456296943671100852e-01
9.651078142816515992e-03
5.088617074269619067e-02
8.648300322061261980e-01
4.264848000659160476e-01
-5.550461688874372967e-01
-9.488680639188189492e-01
-7.540583645222698195e-01
-7.434674818045718947e-01
-3.460246404430129541e-01
9.083503729315649533e-01
-9.071946251182549936e-01
9.705707059313666285e-01
-4.994997485470604737e-01
-4.487926467388620999e-01
3.597675983948220857e-01
1.457951547685418792e-01
-8.403721186402905996e-01
-3.494974171397857710e-02
2.838854502105045974e-01
6.499979588032855915e-01
-7.305467269086725057e-01
4.937972482312400491e-01
-6.002521213759970387e-02
-2.129135819136951380e-01
-3.319399188435705472e-01
-7.517545914038963328e-01
8.731899649687950848e-01
-1.278108936273387730e-01
1.957535189140040544e-01
-7.881578686812105161e-01
-4.643406674078200957e-01
1.754022407022097774e-01
-9.023549848254692751e-01
-1.574110721782904232e-01
-1.735924701615345622e-01
-3.610798007458144721e-01
4.125980717562123257e-01
1.713925991657159198e-01
7.261669380783808414e-02
3.675051155018671523e-01
-5.852009204271475529e-01
-9.051588318282588475e-02
-2.229274157596350392e-02
7.011142615023646663e-02
8.579134580942986421e-01
-8.793295936865468398e-01
4.997140050473447559e-01
3.300583584173486518e-01
9.819610207647124778e-01
-2.537880253986448675e-01
-8.204616914032891728e-01
3.591340483362037705e-01
-7.260255490500668873e-01
7.362645368433449189e-01
-3.690263290900479554e-01
-9.584131646816451688e-01
-6.427925347685619073e-01
8.901396450772862678e-01
-7.621331832759197233e-01
-7.685174557839953291e-01
-3.271425752704559820e-01
-6.156227690902649208e-01
-3.921172103598353775e-01
-7.505602498668784150e-01
9.272915611904573030e-01
-1.421733756277308025e-01
-6.088278322353282146e-01
-4.948881579426251953e-01
3.953133393549437269e-01
6.635798821106699830e-01
8.045400535071742798e-01
-7.146514465845053010e-01
-8.014184613053809692e-01
-3.566625722059928449e-01
-7.293058341205753692e-01
-5.687696885771509336e-01
4.582653832253689163e-01
6.730515787680360074e-01
-5.896735462058952937e-01
5.160145926052073229e-02
6.524408545612736532e-02
-8.572621130105857468e-01
-9.382929112273767913e-01
-9.097656170660637365e-01
-3.908758829914424915e-01
4.916643821356376787e-01
-2.197505035608902091e-01
7.873082230461421194e-01
-2.393186894438998902e-01
-9.121226958289281317e-01
7.278909079484772171e-01
-3.844440964359419066e-01
-8.310425015012044003e-01
1.582696222077715209e-01
-1.790290419452404969e-01
-2.368253427620370388e-01
7.613353980417105760e-01
6.722487043354976599e-01
-8.080874063797263140e-01
-1.401926380810007977e-01
-5.370032483327782380e-01
-3.401038455946094885e-01
5.891238692009990174e-01
8.927002251851292591e-01
6.060578082337404471e-01
-5.415668052896600582e-01
9.070984227414875534e-01
-7.084783027883003736e-01
9.211282088196359741e-01
7.218823275590489086e-01
6.220091397600691074e-02
-7.847703021641061483e-02
-5.530498210012217974e-01
5.344588310859959002e-01
4.526262274900350047e-01
-1.856963969224014743e-01
8.012944849992675866e-01
-3.123641729986490478e-01
-7.398646804238599994e-01
8.498237753617541301e-01
-6.709506453693498962e-01
7.575577559445110243e-01
7.903924904631707271e-01
7.777210532919864860e-01
7.508383511534546528e-01
-3.739100002958957170e-01
-1.738830510938258467e-01
-7.453131082725008572e-01
-6.526208839525797778e-01
4.312823302418178351e-02
2.235211438400668271e-01
-8.527820602455868926e-01
4.512929821078277559e-01
-2.755472215506964417e-01
9.143367008722071976e-01
-8.338441154046190018e-01
6.375519665202473707e-01
-2.560800056989220863e-02
5.030849867622710914e-01
3.895941621195848636e-01
-7.893864595454802568e-02
-1.156538128483795003e-01
-2.298209872336698378e-01
-6.798934461784067462e-01
-1.717650313758662950e-01
-6.804730882838165851e-01
9.354121516748585830e-01
-5.058039855309153232e-01
7.469482896557280149e-01
3.033397922248801670e-01
6.634006965457794891e-02
-4.191773755491468023e-02
-4.814829416182817567e-01
6.802112998263611932e-01
2.950379770118556344e-01
8.245569784332373864e-02
7.051069005574588378e-01
7.464403812132602845e-01
-1.331653082444959058e-01
9.454812907883578532e-01
4.514481309004225729e-02
-4.279704166001534471e-01
-1.636493497070927727e-01
-8.751855693983183748e-01
2.876960524222660354e-02
-9.770327526885826952e-01
5.811987686763482319e-01
9.975229147795006135e-02
9.112477146858943833e-01
-7.868149028783575361e-01
9.012398324372512537e-01
-8.383203471099642812e-02
-5.009654736202808767e-01
3.820227881682014548e-01
-8.868501012602987288e-01
3.724077618290884129e-01
6.375148144493711921e-01
1.949404073466995957e-01
-2.384909675796180739e-01
-8.602337344453367951e-01
2.466443897329366752e-01
-5.074198588309664082e-01
3.472568668195967767e-01
9.735102904650783096e-01
-6.688640356010846499e-01
5.816953798146051735e-01
-2.398876584622608998e-01
-4.271598369614504342e-02
-8.023785567233010507e-01
-2.298935724834292316e-01
-3.475922662370400928e-02
9.230359520411768326e-01
-1.502524182450679646e-01
9.783434337634748790e-01
-5.795619909591185337e-01
6.874135398002216846e-01
1.371877599015922655e-01
-5.724495805145799476e-01
-6.666442266687817586e-01
-5.930269780090346998e-02
7.382061539885098611e-01
7.786558743034621699e-01
9.036243336072433685e-01
2.331849311403153546e-01
-9.585473532242889672e-01
6.266022823601689051e-01
8.106488435283099037e-02
7.103255694109411600e-01
-4.487961405900087186e-02
7.753322312091674995e-01
9.039814622408985922e-01
-3.078470136692892378e-01
-2.820861808962422668e-01
-3.898949287870661085e-01
2.738186149561925298e-01
5.343770259263023181e-01
2.709712190906732321e-01
6.232395060388400410e-01
