3.658200608481086968e-01
8.776765094507903431e-01
3.478139683932829351e-01
-4.068049751218419940e-01
-4.327815747655620604e-01
-1.959527258957404761e-01
9.552463329477354215e-01
-8.667710430018510381e-01
6.815310443942900198e-01
-2.138378619729266183e-01
-4.918299462437957792e-01
1.362204959632622725e-01
4.851877764106315993e-01
-9.884590924428419134e-01
2.689231415632490352e-01
-6.192248288090695940e-01
1.873686035394611926e-01
-2.147470867139316952e-01
-9.209695342536881046e-01
-2.524271995216102460e-01
-8.975837766804899420e-01
-6.255031921806251116e-01
-1.748738845733892877e-01
6.026944631640612782e-01
4.505541903169323903e-01
-8.055706674334082162e-01
1.058263117148152022e+00
4.875636589898305617e-01
-1.016931649442883723e+00
4.270295718362488446e-01
5.826021661388246509e-01
-8.614300252693147808e-01
2.618171123959627256e-01
-2.042735629404975328e-01
8.377763109436527911e-01
-4.565051469944373386e-01
4.295362151334436440e-01
8.266990857270167803e-02
9.018377601350571204e-01
-4.360377543485037255e-01
8.266279537709670944e-01
-2.099467891643228001e-01
8.295527526309705024e-01
-3.648087816966960606e-03
6.892417890033265826e-02
-7.234689243120485669e-01
5.425451532799897558e-01
-8.397865996073650141e-01
3.065033214491446056e-01
6.852835439422196862e-01
-3.264587628161722543e-01
8.962936154412718404e-01
4.055552714847075468e-01
-2.527812794381593120e-01
-1.342051569165633174e-01
5.529954462712143304e-01
-7.817573344697065219e-01
7.295922196483385358e-01
-8.548049059498812052e-02
8.079083895657923620e-01
-1.061738097463460928e+00
-2.529584187478380319e-01
4.669584261840367678e-01
4.550227209378811533e-01
1.862914047297299647e-02
3.140387688023899004e-01
-4.118069908241093202e-01
1.005786169210582948e+00
-1.579607008769115528e-01
-3.094336444027550037e-01
6.840569345563216608e-01
2.984155109136903961e-01
-8.106518116510207372e-01
3.935758376917700696e-01
-2.271126738573128745e-02
6.073992929917383377e-01
9.666021267115104676e-01
7.299998911662947121e-01
-2.964724318481819498e-01
8.777136045090251359e-01
2.195343471406649427e-01
1.650820421195128285e-01
-7.105390206813597676e-01
-1.150011364747518083e+00
3.992678306933880594e-01
1.070945755046474268e+00
-7.059317621518742536e-01
5.655806597578886402e-02
-9.048137760084026260e-01
4.551047707140128962e-01
-9.415046616665698198e-02
-2.761961952569468859e-01
6.002299886802429096e-01
-2.630441665894269754e-01
-9.489944185582458447e-01
1.041713126304020465e+00
8.814879997301882097e-01
5.029262196326127476e-01
-4.039354098227200263e-01
5.650346557033366635e-01
6.565291300316399292e-01
-3.872843183161253089e-01
-1.306151891060233661e+00
4.457174446574801441e-01
8.976209678314071017e-01
-2.258608726310104287e-01
-3.056890747218106164e-01
6.264484995653509802e-01
-5.378796474893383639e-01
-6.182702177780689118e-02
4.337742891627918151e-01
-7.805902124948463916e-01
6.780609353033579811e-01
-4.022011679994903499e-01
4.878065611577434013e-01
1.304032544292600682e-03
-1.095278071755151211e-01
2.885737225263971251e-01
5.769748212380922947e-01
3.393565433451860569e-01
9.451146300774497799e-01
-1.285356079240785432e+00
6.237936017579980286e-01
3.564187954733342989e-02
-7.970110726219967190e-02
-2.540350404127735828e-01
8.198798395032679265e-01
1.438246212259806645e-01
4.922372185512250420e-01
6.909232124810642528e-01
-2.933349912097412693e-01
-9.516037134079738946e-01
8.153792140655173881e-01
1.387154720034021183e-01
-4.029806921584527246e-01
7.503329979841918407e-01
3.259301001785652740e-01
-6.313022936616292657e-01
-5.186297972469592343e-01
-8.670402679975004467e-01
4.256797742741031954e-01
-8.833491501814311198e-01
2.613092772455929413e-01
8.992869201304285465e-01
-7.955234724540083402e-01
2.374402680972053648e-01
-1.386563370414541918e-01
-1.220020727962187329e-01
-2.980777195955739978e-01
3.879391448006953846e-02
-1.190179710698461846e-01
-3.808117918554696502e-01
-6.177358277823495891e-01
-7.505547347319843632e-02
-6.922477527922422658e-01
9.244921655906049862e-01
-6.746211356694195027e-01
1.546706091930100668e-01
8.228507183434317085e-01
-4.550897176560125823e-01
4.949757706378763444e-01
-2.002976963344888228e-01
-9.464319843650341735e-01
3.567858235354179341e-02
-1.247268808308782256e-01
3.914072267862048204e-01
-8.591724672417709596e-02
-7.396185801209487209e-04
-4.453164317349994628e-01
-3.314947200065281319e-01
-3.270147790383552966e-01
-1.088079830946906856e+00
2.285841328033929309e-01
-1.110939876572098056e-01
3.460919389635938592e-01
5.908106151056602418e-01
-1.026214915938701289e+00
7.367523285433210667e-01
6.090343840743330794e-01
1.068666463731263061e+00
-8.190013567571773345e-01
7.256710979788406624e-01
9.751087411110592740e-01
-6.723768442145652280e-01
-6.443181250167866470e-01
5.764085555046101206e-01
9.541065847177414572e-01
4.734526041858760914e-01
-7.513856189630804261e-01
2.753922502607648037e-01
-6.244720134592811611e-01
-2.014917078277847495e-01
9.565692850461251506e-01
4.371448981654970645e-01
6.210315370426111592e-02
8.221433249806242571e-01
7.028903998004449871e-01
-5.915178347808214276e-02
6.569249601763875734e-01
-7.433156647750034374e-01
7.893194410389470228e-01
5.273117877557405020e-01
-7.647619571726593790e-01
-9.647338613155149734e-01
1.503305098936853490e-01
-5.155023748468678946e-01
-1.250403720095556448e-01
-8.093272487220706246e-01
5.816850277013103643e-01
1.959865477537696687e-01
4.599153363019226060e-01
3.510741753990753722e-01
3.447008705600822509e-01
-5.567822877527484060e-02
-8.438379879651112248e-01
7.371950501519424215e-01
-5.544468949621712550e-01
5.516221911451285598e-01
-4.248936397526568154e-01
-1.637517083043733557e-01
6.191354438002822924e-01
-5.859599310308867270e-01
3.763180625941364710e-01
2.617253411988447187e-01
7.522579876928152665e-01
3.890280389556310947e-01
6.113591162142368862e-01
1.951684101095578772e-01
5.376771154426547294e-01
1.187851412855427391e-01
-2.962499249187020567e-01
8.793110715614298467e-01
-2.567575110116480097e-01
-1.242111873126912069e-01
-1.712777160388019304e-01
8.628603756969963623e-01
4.131154675760286832e-01
4.079727730216498038e-02
-9.514744358415743175e-01
-8.559671493595448766e-01
-9.819054888129148395e-01
4.438889507361741260e-01
-8.939241684043699454e-01
1.549172763950536769e-01
-6.036724987774254592e-01
-8.865466932850298853e-01
2.148304925256838971e-01
-8.137236736972307538e-01
3.416172702908780168e-01
7.132270664756488188e-01
-5.655435503899526317e-01
7.261666788957088503e-01
-8.921694549215639647e-01
-6.376224247132518119e-01
5.512747624733896901e-01
4.349354141999900447e-01
3.123223282280264135e-01
-4.284924750729634524e-01
6.571888313278357874e-01
-5.162855343771759198e-02
-9.978587739389972733e-02
5.374998982122953795e-01
-2.884580689570869771e-01
3.210770306662583118e-01
6.937595245558225709e-01
