4.998033355446176301e-02
5.089269223816584864e-01
-5.908386651605670448e-01
3.113478995314393760e-01
-5.903293196592640513e-01
6.161952200002906999e-01
4.349933181661720383e-01
-1.621020985698387040e-01
9.603553292645685691e-01
-3.475060859064824648e-01
-2.459907659801119084e-01
4.150777676732337884e-01
8.857354867509616980e-01
3.815308269507977634e-01
-1.375747153944180123e-01
2.259649254605917423e-01
-4.117542564817201767e-02
-4.683059775243874623e-01
-2.842890368691380898e-02
2.479628170932646480e-01
-4.062740577273719622e-01
-4.313904433544055173e-04
-4.122778098325187712e-01
-5.618369564873255673e-01
-8.809009006040028344e-01
2.077652894387299609e-01
-2.822242541094974744e-01
7.745904824273504019e-01
4.198625529870055051e-02
-1.156028651741267677e-01
-3.692921227126014783e-01
-4.174091923200784482e-01
-6.415955109598453499e-02
1.819854472029117931e-01
-2.457956670929115073e-01
1.870340447927333616e-01
6.247865538996376367e-02
1.447067718110290335e-01
1.551795132499332597e-02
-5.784402041501924829e-01
-2.050045562588901915e-01
-4.294403191466948932e-01
6.739149108692951140e-01
-5.560148810016408705e-01
8.692457392689914020e-01
-3.213457967034186180e-01
1.895262724748144056e-01
-2.306790639375656815e-01
1.183510786321420039e-01
-2.078006537110314300e-01
-9.324521428990625860e-02
4.942041032503872167e-01
3.844386809933680316e-01
4.009887855404929702e-02
-1.391385675383690901e-01
-2.164313766076555456e-01
2.843019824699618558e-01
-6.245950917994005369e-01
-1.288674961236481453e-01
9.181229595407963684e-02
-1.855571791665389658e-01
5.337099690546230624e-02
-2.073400471345004936e-02
6.055091809574050105e-02
-9.485254267437649711e-02
1.318362731754230133e-01
2.282870180166508001e-01
-6.635307335730266098e-01
-2.248886158195928242e-01
3.483228997736506072e-01
2.472649675986995366e-01
-6.532351495613289982e-01
-4.910966645903743627e-02
2.823669119165257424e-01
-1.402379154880482592e-01
5.757095223082580038e-01
-1.939584931555625724e-01
6.199524668367574209e-01
2.348638876332660164e-01
-3.038372821356375431e-01
-2.043109151235492082e-01
1.932663697875653397e-01
1.212675953964855724e-01
-1.838915763931254777e-01
-3.365861352745762591e-01
-3.109741083897963332e-01
1.630524631331418672e-01
3.485147142287584598e-01
5.082203881903251119e-01
2.224890473715812611e-01
-3.393416997355972464e-01
3.031688478610266441e-02
-6.326747356869902306e-02
1.726750485762986592e-02
-8.047246613366101919e-03
-5.422660585410624678e-01
6.512366219308920456e-01
1.727238119162982644e-01
-4.914516319693164603e-01
-5.082665496745699674e-01
-5.555499906787100123e-02
-6.281275857642963922e-01
-4.789612531737608703e-01
2.179366809350879730e-01
1.535634745890346875e-01
8.516629832904011321e-01
-1.412844440255102973e-01
-2.618504307481250848e-02
-5.720672661410972082e-02
-8.773505709004453257e-03
1.791202687774349489e-01
6.859971836032950909e-01
1.653604355221901245e-01
2.829592771029040277e-01
6.398959335913594337e-01
-3.433702863906792357e-01
2.506238503355653346e-01
3.296475381946111227e-01
6.578572714929635523e-02
-1.712812318353846286e-01
-5.221854619111829798e-01
5.195529683237051222e-01
3.039616183176608449e-02
2.993231565379840808e-01
3.771494899305958270e-01
-2.218506134657955153e-01
8.343316455345713145e-02
2.039957364095865144e-01
-7.248192992577792149e-01
-2.041380217697443544e-01
-3.370984673888220429e-01
2.787360193364546990e-01
-2.049759931714431327e-01
-5.120000769976176258e-01
-9.515241826758130683e-02
1.291663710764557604e-01
2.049119668535676064e-01
-8.791684371992929126e-02
5.956304321640212285e-01
-7.126844455082708141e-01
-4.173778035994165081e-01
4.059709657389845017e-01
3.426589638798227533e-01
-2.941990728615247463e-01
8.051630649196219736e-01
7.691901813112589359e-01
-4.925624522163543073e-01
-2.780881132796257926e-01
-1.680354133236123815e-01
1.521001195652580129e-01
-2.882410949593031124e-01
6.522652138317704962e-01
-2.388370031249684722e-01
-6.561569511076954520e-01
2.492836657202400219e-01
-3.377249807492292422e-01
-2.483977156444830969e-01
6.330270113764000506e-01
1.140492776108639195e-01
-1.325486873117077968e-01
-4.648947855940792628e-01
-3.606976407212818536e-01
-1.180610039117108434e-01
-5.772685205869629854e-01
-4.894477686230563340e-01
4.013061783674179983e-01
1.300080410467694680e-01
1.017323769044192333e-01
2.161600891845270600e-01
-4.024499940770142059e-01
-4.600032228063207773e-01
1.792193707400658448e-02
-1.645716126610700936e-01
4.112135068548575245e-02
4.858822152090122026e-01
7.905791117254837852e-01
3.615241649522168976e-01
1.890172962151911440e-01
2.819528853839898264e-01
-4.758715490065609788e-01
-1.136407832787397071e-01
-2.644196989244504969e-01
-2.993473056623399686e-01
4.145725851143912122e-01
-5.465686905202650214e-01
5.245797857461411695e-01
-1.115370941220737155e-01
-6.024029174054083002e-01
-7.718685323556364608e-01
-2.834264548137824802e-01
-1.999779813795024563e-01
-1.859910372960846270e-01
2.510502080247543066e-01
1.015593103099654559e-01
-4.175464040901451929e-02
-9.245888475535106454e-02
-3.054193927026913613e-01
1.000913754100729719e-01
1.382498209887145502e-01
5.706020318806728220e-01
2.198084681534480112e-01
-4.548657333362033928e-01
-3.300850553786513486e-02
6.693834707998651268e-02
1.655248695984549157e-01
-3.771444577766139838e-01
-5.921781351496168133e-01
-1.528455986773230302e-01
1.852822476533136919e-01
-3.924284352648411689e-01
7.901023168211962489e-02
1.814733418974176504e-01
4.477931594166013607e-01
2.418862160365161107e-01
-1.248098883689885974e-01
8.355816959713079084e-02
-1.800206903210455900e-01
-6.547623167851299164e-02
1.861246625210858929e-01
3.867068448843566375e-01
-1.988070965640868770e-01
6.892472055090590466e-01
-7.982168549512057287e-02
6.277030403665984082e-01
-2.479518190737485805e-01
7.784936497587277571e-02
-4.386706807278870773e-02
-7.423880559298277060e-01
1.548509271211959137e-02
-4.472273292837758429e-02
3.063764718534769393e-01
-1.467271208748696376e-01
-3.962143628851889643e-01
-2.657324629401055516e-01
-8.845296628647270065e-02
-6.737476244787070634e-01
3.985772057684769387e-02
4.453637408153162669e-01
-1.914190086364963017e-01
-3.775783333470225656e-01
3.650290110610268646e-02
-2.636004930375815958e-01
3.960242557396513319e-01
3.216865598759610645e-02
-1.386406821875585671e-01
-1.416409613473912921e-01
-2.065755082675515275e-01
-3.267509216378751136e-01
-5.554799330032099691e-01
3.505943488385977469e-01
-2.274443748434900603e-01
4.280358240860616115e-01
-8.396618827136597130e-01
-4.131047017164448110e-01
-1.635728777435656867e-01
3.898088355690998430e-01
-1.607384083674492370e-01
2.891229667939010373e-01
5.769704451438426585e-01
2.641145230996344573e-01
-6.850441795666138700e-02
-5.037442881724409904e-01
-2.263468936698810330e-01
-1.205872533364442667e-01
2.968223497514088649e-02
