-7.146989257061324707e-01
-2.099875153678618656e-01
-6.714427849539569837e-02
-9.762633807164163846e-01
-7.602734664799477571e-01
8.117291646978778141e-01
-8.634322112579929653e-01
-4.076263217300813979e-01
-9.210557566055599388e-01
-1.037727056916092572e+00
1.033873238220413437e+00
-4.552981161823757006e-01
-9.960882086183674156e-02
-5.539405831840787942e-01
5.807942334004697615e-01
-8.054012917372118663e-01
-8.146299924331510400e-01
1.198549565166851627e+00
1.056858835777914896e-01
3.879567178314718423e-01
4.169541187146544869e-01
-1.048667213303884793e+00
3.272978248194867712e-01
5.663864463778194303e-01
3.220537887954236234e-02
7.120857448082492658e-01
-3.046492279634218647e-01
-1.461962562456985693e-01
-9.930678676881086187e-01
-8.725429945181117919e-01
-2.238245021546518276e-01
7.119385842875705084e-01
5.918446555463512393e-01
3.295791683466298139e-01
-4.528057195387745204e-01
-6.131416469322763518e-01
-5.795180733964601094e-01
3.166482655436833049e-01
-2.184184978711529446e-01
8.506371283038388631e-01
-1.678962601151200995e-01
4.779721857687589393e-01
-7.192853345404168763e-01
-3.147359277145659884e-01
6.242236943792247583e-01
-2.064781902220619858e-01
-6.303827512654336385e-01
-8.207620997966229570e-01
-5.238169133357225560e-01
1.948202733700847844e-01
3.927618635580690798e-01
-7.182836273665527127e-01
-1.146204508607191697e+00
8.132942710700462596e-01
-1.323852465844620185e-01
4.529646436951479394e-01
4.814393110671164600e-01
-6.184768476567291673e-01
9.908178562778839904e-01
-7.546978686243079881e-01
-4.036837225080547875e-01
-8.334603496265262645e-01
-6.077864410397203487e-01
2.976481566917592581e-01
-8.859372840324130083e-01
2.475752579944154319e-02
1.534251926446502656e-01
-3.889185420155834016e-01
-5.387953083515877317e-01
-1.267893005553500513e-02
1.752096609345366318e-01
-8.273750246147472120e-01
1.204652909183983045e+00
6.124772849309834122e-01
5.776457471890615869e-01
-1.723883216849760591e-01
1.548745689808087578e-01
-3.840853527751139640e-03
6.782779048920032361e-01
3.246127170072393708e-01
7.830324761710840686e-01
-5.544704896675444195e-01
-3.536717279337535658e-01
-8.977538537260008056e-01
-1.646154832714391558e-02
5.715159532844189538e-01
5.515218658337144308e-01
-5.733264266799548148e-01
-5.987181733052076016e-01
4.606541564512264264e-01
-2.642021515407712573e-01
6.520861021095826215e-01
-4.021129435153597553e-01
-3.734536906572986925e-02
-1.809459471268818898e-01
4.627745946484329576e-01
4.625439364213485005e-01
-5.201129750564927878e-01
-5.465502178626797658e-01
-7.108242747911492909e-01
-7.048843086287861492e-01
9.945815089274639975e-02
-9.895349714678844943e-01
9.968528724641718686e-01
9.714421722316188834e-01
2.121272130749610185e-01
-2.421108653353844231e-01
7.811336146232986111e-02
2.787135409177465828e-02
6.238726376647654170e-01
-6.795717313556094430e-01
-1.986652000328199275e-01
-9.202144876408465679e-01
6.302541917986586029e-01
-5.995950768409460396e-01
-9.794098197264589079e-01
4.161303337707810690e-01
-3.600043578963486035e-01
1.097537357498758803e+00
7.530603502249879622e-01
2.113530634652720230e-01
-3.781467687308318615e-01
-1.748097522199741072e-01
5.473229097108376351e-01
-8.379900975679067665e-01
-1.110376905761639582e-01
-5.756491105952020737e-01
-8.026660580120319466e-01
-1.786632700430801357e-01
3.939913362612508796e-01
-9.205432103926538545e-01
9.181013656184462690e-02
8.199294073288835305e-01
5.592158975321915859e-01
-8.727406387515646013e-01
3.041967922141355363e-01
6.091671791386090717e-01
4.799655298784494262e-01
1.641325948310402294e-01
6.245065987177339517e-01
-2.241182493793094643e-01
-5.830062152641369844e-01
3.349745330292679402e-01
3.338926931492218753e-01
2.855115065989703993e-01
4.955752787627422662e-01
5.150381968333574978e-01
1.043214496882375331e+00
5.514764536424996422e-01
1.040571724123113384e+00
7.896905215849639448e-02
2.210030508039372843e-01
3.684385782315379165e-01
-6.807558952879599889e-01
-2.970650770491530812e-01
4.163324950540018415e-02
1.515954762318620086e-01
5.845001977149055783e-01
8.219927769983370602e-01
3.876341488991781326e-01
-8.822273891045733230e-01
7.386027235161218840e-01
1.034958574731226655e+00
-1.265672544331485794e+00
-6.284013314909622228e-01
1.567429417755096810e-01
-6.135021097406780088e-02
3.917551629553818748e-01
-5.129462769906786290e-01
5.664187600166237235e-01
2.647430975875900150e-02
3.698462467695249889e-01
-2.790351495985161079e-01
-7.411474378338815672e-02
8.116064238203065662e-01
4.768685220343329423e-01
5.087023933705755452e-01
-3.801219322009848078e-02
-5.594539125901626386e-01
1.523033767326882060e-01
-1.002235914977333664e+00
-8.588690786896190366e-01
-7.981170586315710080e-01
1.025796029561881317e+00
8.370043271929968054e-02
-8.639493920677999705e-01
-3.286394184286874909e-01
7.717626778567010515e-01
-5.985488438877044626e-01
4.950354824311118951e-01
4.583260490338090798e-01
2.548805219856937754e-01
-8.005507305834111964e-01
-1.080429496059318595e+00
-9.389761835422760772e-01
-6.362509075593660857e-01
-3.428592561969651120e-01
-9.245421160671101202e-01
2.788180822757856114e-02
6.658846412313233765e-02
3.159340582672037767e-01
8.895337556126206024e-01
-3.544546482904674667e-01
8.034027956137900217e-01
-5.372872134884207895e-01
-2.931331014084620490e-01
2.629804839278416240e-01
-3.534188114784417856e-01
9.838768049369173152e-01
-2.558072615762325697e-01
-4.663686322592668354e-01
-2.435867618703355941e-01
3.964531574922977586e-01
-3.106921086055751680e-01
1.864621776116217600e-01
9.576185313502718621e-01
-2.622732659233766306e-01
5.596665429907727862e-01
6.451113945864297428e-01
1.348658795494813989e-01
-5.692392293918798613e-02
-8.000791870696398744e-01
8.038828727807539876e-02
2.138310940038952723e-01
2.227919044620764455e-01
1.657470734270994062e-01
5.400388538560253471e-01
-3.353827752595316958e-01
2.836493362541525620e-01
1.002183590836313920e+00
-3.059396620830162616e-01
8.069373128572592258e-01
4.212972553923826635e-01
5.666747054296868980e-01
-8.932066986645800233e-01
1.050566658534392239e+00
-4.719541213653143941e-01
8.422133154485991757e-02
3.106180308476665930e-01
-4.542177105640224366e-01
4.357010764566133232e-01
-7.705457266910186176e-01
1.072711552574878935e+00
-5.409208010646656684e-01
9.642621872653592829e-01
-8.405364311041449987e-01
-7.835181089249967368e-01
9.109226099918029673e-01
-6.956910909717929636e-03
-2.476548658704877948e-01
7.613845725042927004e-01
-3.552066206995858066e-01
5.170593461236108745e-02
-4.485820744008233163e-01
2.793295518645564912e-01
-2.116985715442136762e-01
-4.154834602849206138e-01
-4.386406920851774194e-01
8.368162120218898270e-01
6.735685010638323700e-01
-4.910200227182323629e-01
8.307790758590207769e-01
-4.504357168109958676e-01
1.985371518313929773e-01
5.114523360734861690e-01
