1.131133343496257271e-01
5.391595051492681367e-01
-4.686268197444302674e-01
-3.191539141801438273e-01
6.820512187697340689e-01
5.199810976199117363e-01
2.629133768184893638e-01
-1.366152049681159664e-01
3.439750113456918057e-01
7.363561807317523522e-01
9.246991022914679004e-01
-4.970461921077384826e-01
6.929035819336154534e-02
7.114026841865838113e-01
9.131642803011962295e-01
4.716595531906657701e-01
1.103235293456706678e+00
-1.271596826811760284e-01
6.826999756018938825e-01
7.739504700877632981e-01
8.491909080075626948e-01
-8.095548721949102911e-01
-4.409546675745470989e-02
1.088141548427189242e+00
5.297612480594811046e-01
8.479629454757560136e-01
-4.278063634808791371e-01
5.929809972317284794e-01
-3.123009881324806392e-01
6.754151655979534485e-01
3.573481634820595554e-01
-1.405740392525067772e-01
-6.024936366870510263e-01
-3.463695329971751002e-01
-1.894685995266733591e-01
9.004689309036237876e-01
-3.458847114182298510e-01
9.006761167431316384e-01
-2.022599608751563249e-01
4.151780412587458557e-01
-7.132760751121077769e-01
8.330766616669180724e-01
-5.756857550344843810e-01
4.754968437207333642e-01
-9.817405373743502972e-01
2.854369543599584169e-01
-3.586045876456747661e-01
-1.759285871707139404e-01
1.971928305285878258e-01
5.323716571623111626e-01
4.632220307180190400e-02
-2.787443527284742539e-01
-2.056201168896279463e-01
-6.256441111133435873e-02
7.772639455192179581e-01
-1.392550882178093530e-01
6.273451525123269201e-01
3.460665333270426802e-01
2.967480383632856156e-02
-8.904121806421039231e-01
8.697231044154744017e-01
2.952393375692930477e-01
2.930044151158866517e-01
-7.526544042102769616e-01
6.355981631250420261e-01
3.898228141317729989e-01
-3.982664849025673304e-01
-5.149504878278619857e-02
-2.262474742255499854e-02
5.053069407217419817e-02
7.581997265806070807e-01
7.391645911086200949e-01
6.126950328400504464e-01
1.728191706588974030e-01
-8.000486979145298161e-01
-7.435264570158305331e-01
-9.582929701792348709e-01
-6.279728769295549462e-01
1.201846991167190293e-01
7.441697598164134231e-01
-1.393665033459472458e-01
4.576451628164464047e-01
3.973993769409838173e-01
-4.614430687053031055e-02
-1.168512797540199877e-01
-4.748998257419032587e-01
5.867888568723471643e-01
4.391456636932721258e-01
9.774691425434984815e-01
-2.897300979787023612e-02
6.377058976997391770e-01
-5.371231318867886184e-01
-8.982925962082273230e-01
-3.070811255353291802e-01
2.647015456502430641e-01
2.701886436432692218e-01
-9.573866403296849015e-02
-4.759197514918740435e-01
8.911923115592459421e-01
1.926684642904061828e-01
2.287911000217852653e-01
-5.066745932801604013e-01
5.332246718182608314e-01
7.202218363280492586e-01
8.618699550234620865e-01
-8.377026551847170932e-01
1.457244192314915976e-01
-9.124882331701223981e-01
7.587078857286592148e-01
-3.433429062814563615e-02
-7.069258461624333689e-01
-5.797671109878139717e-01
4.242265244363542243e-01
4.680493916108501851e-01
-6.877246236702577731e-01
9.947306518123126828e-01
-5.888380468510010513e-01
-5.441875735286081373e-01
7.553755977422402790e-01
-2.191124997278343367e-01
-9.078494711400326711e-01
-4.480224380657186201e-01
-6.349466139188812974e-01
7.829654869673760009e-01
-6.274377623980248453e-01
7.275275847391254880e-01
-1.886591538722706685e-01
4.317849575366996540e-01
-6.864501685504225126e-01
5.748303205286394713e-01
6.237183453437883385e-01
3.249272731192155983e-01
6.515643881191937048e-01
-1.826073264778055871e-01
6.893778065071968220e-01
4.117835921265314281e-01
-4.780206663918233900e-01
-1.114422428323171621e+00
4.231075054260228230e-01
-9.303103562891382738e-01
-3.935050439421033941e-01
7.416348017611229526e-01
8.631257247868477922e-01
8.815323183969092646e-01
-9.117162934928439988e-01
2.510206689871456454e-01
8.600990279173293951e-01
-3.800272242264906009e-01
5.172149181893581638e-01
-9.726990506796494573e-01
4.541212173135873442e-01
-4.132111473760609055e-01
-1.031975395998794565e-01
-5.213562928125381468e-01
6.242701946617238429e-01
-1.237627776052230982e-01
-1.053438899206989299e-01
-6.627387107069910854e-01
9.292269560971027076e-01
-1.089098545803519391e+00
9.252508547547640960e-01
3.368703248248988702e-02
-9.704745886753921580e-01
-7.342662114926400141e-02
8.741075121496699740e-02
-8.150869242852231134e-01
-5.860284515253737503e-01
8.600626163807160163e-01
-4.845256404985578413e-01
6.107769284708395308e-01
5.788880083714414981e-02
-5.902961794515055871e-01
2.813954779642368620e-01
-7.849305758561567203e-02
3.065843441766458177e-02
-5.118659220288911404e-01
5.891032856420872488e-01
8.006411178650271188e-01
-6.646934318925264984e-01
-4.195376973555287048e-01
6.466569928463576922e-01
-3.581459167609609695e-01
5.949782233666501829e-01
-4.455723834906156200e-01
-5.038410837860212155e-01
3.572339551081593623e-02
-6.215300591982411138e-01
-8.495373027017659728e-01
6.674604159015329330e-01
3.386141090009485433e-02
3.901530251239591907e-02
8.230000024499839473e-01
2.241575193998226190e-01
-2.752244749379648137e-01
5.377465071424187837e-01
7.027643502568120537e-01
9.354304705887432903e-01
-5.938619783975391808e-01
2.498858533158113959e-01
7.993173124601151702e-01
-3.269839517345665136e-01
8.063278178347752512e-01
1.355772160733553222e-01
1.775019802176563410e-01
1.960491282053604956e-01
-2.613429985289387747e-01
-1.776351931358324462e-03
-7.359147057629966682e-01
-4.129179056831568939e-01
6.707774078585757582e-01
7.216126201862049783e-01
6.727261188664304115e-01
7.878101911556418813e-01
-8.410589664655838682e-01
5.730692877003864538e-01
5.707188192458658715e-01
2.442650671200368162e-01
-1.080224347852287492e+00
8.643281747086145606e-01
1.005315551107620831e+00
-8.440217484960310657e-01
6.908280139121605878e-02
-6.063092238785619537e-02
-6.432960407422755322e-01
4.943250619099750498e-01
1.049849724490855118e+00
9.997323745341100132e-01
-6.183753413847858926e-01
-3.523482581481648390e-01
3.675426872830352965e-01
-6.740928459462922628e-01
-1.251856924064073673e-01
-7.073909914380189790e-01
-4.468261059082468400e-01
-2.830019518200946882e-01
-5.703287548487698810e-01
-1.821563545433666498e-01
-1.932250793937251021e-01
7.601554729819030021e-01
2.452708058275451242e-01
-3.257694441719655165e-01
7.230308652389697555e-01
1.750018954501311175e-01
5.323666149121973890e-01
-7.425591002763356485e-01
3.598414113285252069e-01
8.022721666428013210e-01
9.735428167169535296e-01
8.020145175888405698e-01
-8.219580884917083718e-01
2.891000812021344291e-01
9.162063724136362275e-01
4.269176413880619858e-01
-9.373028866764344658e-01
3.073860135137201355e-01
-9.117581876561922094e-01
-1.334502078724703333e-01
4.519544255041500480e-01
4.707925340410638593e-01
-1.728056577985509767e-01
6.497605949006155512e-01
7.544329144615882221e-01
-8.438840843848470497e-02
-3.019342950651214275e-01
6.735894050326358684e-01
