-2.020794498594176147e-01
-7.096473140425187953e-01
-8.876498376011334734e-01
-6.674769142911756159e-01
6.662141419279664634e-01
-3.752879982903831180e-01
-3.439663569180733682e-01
2.497753433077535279e-01
-2.123397500530724569e-01
5.022977888875096442e-02
1.994023486224258956e-01
-5.538773606472799926e-01
-2.964293142572830830e-01
-1.424810977007280877e-01
2.624353824375190158e-01
6.038345659169358504e-03
-4.477915652839438709e-01
2.764099574541301063e-01
8.128565894975461337e-01
-4.740769195198373254e-01
7.386451426451253743e-01
1.058118097368978550e-01
-2.791260205282430906e-01
4.436884012220475015e-01
-6.211690195656740521e-01
-1.597453649028480749e-01
5.960112558505561431e-01
-4.369908667022149862e-01
-1.059318720059193586e-02
8.694802715005296445e-01
2.251166096286241758e-01
8.035976793710774002e-01
-4.430280772018559410e-01
-6.354351508536457693e-01
2.426962707386732532e-01
5.901106699227770536e-01
6.383073811403575104e-02
1.364604750027288982e-01
3.924645210046825428e-01
-3.933445790973034706e-01
-3.211695408219916170e-01
4.054088997348481715e-02
-1.035915589486020166e-01
-3.851917320051105320e-01
7.400597235998951362e-01
4.467549236765763765e-02
8.030895363363185768e-02
-4.610474088933432246e-01
-2.163588835029738866e-01
-1.853329423656812913e-01
-2.852590038889115109e-01
1.140099716283798359e-01
-1.555045659832369198e-01
2.146797128917370401e-01
-6.359532789707517120e-02
-2.756493455468709275e-01
-5.883505670249391528e-01
2.782599667815096045e-01
5.903779140799318981e-01
3.565116012542399737e-01
2.908648811822748814e-01
-2.950514201369127676e-01
6.458352917042675667e-01
4.361423053234098068e-01
2.926340886698777788e-01
2.465238110798537163e-01
-3.363254602555083017e-01
-3.788652366996842491e-01
3.650816865115014132e-01
2.447312838995391870e-01
5.941843181298283039e-01
2.889531631346805018e-01
3.035877688546156361e-01
5.020716893372366707e-01
-8.889350502886189664e-02
-1.517954449136750261e-01
2.277697718334315002e-01
-5.362048651959654411e-01
2.491555127318426099e-01
-2.256282432486458323e-01
1.016707959411788376e-01
-3.874479423338010875e-01
-4.022130396294289478e-01
3.273917588846292359e-01
4.500742185729348366e-01
4.645817378371382422e-01
2.482615544814527064e-01
3.109068321418683167e-01
-1.088702647441648352e-01
3.826051745241974555e-01
-3.217153544324850567e-01
1.200711156421936932e-01
2.283275962073488541e-01
-3.053329906015758155e-01
4.973142796382401531e-02
-2.661163457798071397e-01
1.326562939870576940e-01
3.478222440911282742e-02
-1.100295714962122307e-01
-5.093423616850756286e-01
4.645199325625622433e-01
-1.258284247828874158e-01
2.256992578175658348e-01
5.020905477044583787e-01
4.822544310489289554e-01
1.193630865275649711e-01
6.369216796205448006e-01
-8.421047089805666630e-02
1.332534081262109205e-01
-4.720918860007495277e-01
-1.171138191315229393e-01
-4.234579591113502017e-01
1.469670782234218653e-01
3.802768525736531513e-02
1.173459988499837431e-01
4.023136691808101295e-01
3.505531018535377186e-01
4.272727525069794363e-01
9.423288448655639526e-02
-3.761690680740005510e-02
-4.696771520549776757e-01
5.916120722079107885e-01
-2.574907346845977663e-01
-2.203811003732976392e-02
-1.933540592825522542e-01
1.164767092671625676e-01
-1.732252279039835363e-01
3.707133776790555446e-01
-4.609992753749297401e-01
-4.989596954782035132e-01
2.019248431062139748e-01
3.134024478644184541e-01
7.082774482943851035e-01
6.718550135798226353e-02
4.026192675051395442e-01
2.344404933736519148e-01
3.196235675034997392e-02
2.284936114507705729e-01
-1.862255781464058346e-01
9.271634633887790300e-02
3.086246769874224638e-01
-1.226719942577330774e-01
-2.457485414728228512e-01
-1.150549444177407787e-01
-3.799646274185032313e-01
4.334932164398250798e-01
1.113748600892337792e-02
-2.992696170320899851e-01
-1.792395295997225579e-01
4.926726751775123425e-02
-2.586135224260660559e-02
-2.860994647473814601e-01
9.190832020334450958e-02
1.106932098657804620e-01
-4.552884562626746123e-01
9.392911607654121087e-02
1.284844969866053843e-01
-2.346139725122012298e-01
-9.008241987208157053e-02
-3.724146761149934592e-01
-1.975346712371822411e-01
-2.871987127773195647e-01
2.923026399196962388e-03
-2.990659401780985938e-02
7.722917363680852076e-02
7.294787734073465701e-02
-3.712142584637418974e-01
1.619267436562848994e-02
4.837754794292482008e-01
3.292307274462402678e-02
-4.073007897167894575e-01
1.315235468608702829e-01
5.475370331103733834e-01
2.522082243912691646e-01
3.288537269756547921e-01
-1.724160932265795809e-01
-3.874841795458950355e-01
-2.966096196775118432e-03
-5.401884000990189727e-02
-5.207794617984774777e-02
4.694095489284502154e-01
5.760750840148587404e-02
6.292808012581110888e-02
5.655723772245393466e-01
3.633219705007856848e-01
-4.348431255002326301e-01
-7.848148985868050320e-02
-9.946110410069985974e-02
1.899123950571555697e-01
-2.271657210308160313e-01
3.121385223359582350e-02
-4.247935887413308853e-01
-2.284691741645329122e-01
4.812464270432634250e-01
-8.437762331166943908e-02
1.044490261087736571e-01
-1.338705997615340093e-01
1.502544356865498920e-01
3.509976052855112716e-02
1.712890107612084767e-01
-5.915913248154955895e-01
2.875856227653489361e-03
1.500421246035789635e-01
-4.118092218274925498e-02
5.529994546433765201e-01
4.377967560595452112e-01
-4.480256188240728799e-01
-1.910992352284613949e-01
-1.689564656187819702e-01
-1.918257208136594227e-01
-9.498339427823740411e-02
-1.291207098672142450e-01
-9.759726306871291390e-02
5.895227901051282998e-02
2.812954089576628069e-01
-1.726488886786315680e-01
3.734654025927055532e-01
5.644898242376481523e-01
-1.117366542399874374e-01
9.106768176061652564e-03
-2.391849507154650001e-01
3.592531745615287209e-01
-1.452361072427111321e-01
5.238668971383719092e-02
7.613781749704219559e-02
1.492160873930865883e-01
2.363550361162408131e-01
6.977577402890922098e-02
-2.922516638970070746e-01
9.403850441869518462e-03
-2.060676785228012786e-01
-1.763332459954667086e-01
3.407182586340469221e-01
4.420821056468031418e-02
-1.200734630532248326e-01
2.767766350452116608e-01
-2.355559551320057787e-01
-1.856547493840128293e-01
4.110703051706050548e-01
-2.739563950362108313e-01
-3.497638607383495302e-01
1.670998730083637085e-01
2.556678729728785182e-01
7.636011064733458364e-02
7.308156100756184326e-03
8.498575163476471128e-02
-2.621150782650373823e-01
1.365770507079387963e-01
3.579837471116289471e-01
-4.093915613884862581e-01
3.277413119199193425e-01
4.978693717808690966e-02
-3.239065211423993729e-01
3.738302369406156234e-01
6.077387774247127172e-01
-1.650680894157585676e-02
2.333357974875109597e-01
2.096821004773100627e-01
-1.754456018852385280e-01
4.113033387139730657e-01
1.500862972365798464e-01
3.604010759743776493e-01
3.374634445351760714e-01
8.568974502269091631e-02
4.675726581435477036e-01
