-2.372430801512516729e-01
-2.966138122282981904e-01
-1.020581570722614462e+00
1.388463070507130748e-01
-5.653389910535768781e-01
-7.253012604561716314e-02
2.087339621417947377e-01
1.890669775595067437e-01
-1.567400610700129537e-01
2.418649781512218211e-01
-7.726289072889888088e-01
-2.686273865610872003e-01
-1.759881988262703145e-01
-1.099679587772112027e-01
-6.432291642907926876e-01
-2.151371851368008292e-01
5.806902377044845243e-02
-5.705319959660212215e-01
-6.582546418441583835e-01
-4.068636921304729093e-01
-7.860630393563207141e-01
-1.482483501943100968e-01
3.716077150327951606e-01
6.111239863183022258e-01
6.542962941165656465e-01
-1.045528586676679056e-01
9.475905025578515439e-02
3.169371918346970407e-01
6.353355131498101827e-01
-6.223680640996583913e-01
-9.627380403686651711e-01
8.839069578121185877e-01
7.670385011994385049e-01
3.074106384119659752e-01
-6.605797508277513330e-01
-3.323712661041970939e-01
-3.984126020039355232e-01
1.246731897018708429e-01
-4.311081267450639354e-01
-9.195612419970108364e-01
-4.986947698293371922e-01
7.964204873506739446e-01
-6.115382299403738786e-01
5.799149552359669224e-01
-8.799081595320576987e-01
5.357438373019159927e-01
4.105271163617122965e-01
-8.169646170407776076e-01
7.315579544615183893e-01
-3.867470001654303990e-01
9.900368363848621733e-01
-7.103239404573890026e-01
-2.231195388061071871e-01
-4.349157068371587997e-01
-8.459728311345283691e-01
-5.778940056156719463e-01
-9.588915577151864156e-01
5.513300449810012438e-01
8.062317954019324606e-01
-5.797448588016986815e-01
-2.488527201571049119e-01
-8.607067793012450618e-01
-6.050921085209928219e-01
1.085549973793462492e-01
-5.599012861425775034e-01
-7.124545582302341806e-01
2.345995921232779113e-01
-8.980637567628977358e-01
-6.408189967298860701e-01
-1.813910676415070589e-01
5.427255689562635599e-01
9.714391960879420473e-01
-3.263613407842037573e-01
-8.219480800878087301e-01
3.585661028828722730e-01
-1.110471749404978725e-02
-4.647479004600038044e-01
6.975969351340002289e-01
-7.224345712421477161e-01
-6.011229168958506230e-01
-4.950062600762861198e-04
7.885283001607114040e-01
2.613490645708047566e-01
-2.175479729543257357e-01
-2.604926718500701066e-02
-3.048959584959743396e-01
-7.466737399219002258e-01
9.823449777140660366e-01
4.241192390389381117e-01
-5.594850813657840094e-01
-2.263400463078601987e-01
-1.518491960123756757e-01
1.735196043366985519e-01
8.147871783623400477e-02
1.100121874317572690e+00
-5.453010644309839172e-01
3.881109081113756076e-01
6.680605702451003491e-01
-9.542047128218510421e-01
7.967180835438933406e-02
1.392147140870155231e-01
-7.826561718760395303e-01
-8.390688045083349866e-02
5.918947402656002943e-01
1.682454681562418897e-01
8.194412499799418326e-01
5.177200153502534707e-01
7.147872210253662928e-01
5.509589941577459626e-01
3.284283433921223461e-01
-5.032682996102809669e-01
3.402562396295644165e-01
-3.908409799251754690e-01
5.508490030326222697e-02
-8.068738519120643993e-01
-9.341388864314927876e-01
-9.275492004230113940e-02
-2.385476129846905713e-02
-4.882412378452576363e-01
-5.899836642842963830e-01
4.647514952236959096e-01
-5.806966045904365936e-01
-5.785358996160598899e-01
8.178702448904640043e-01
-1.021478421031832839e+00
5.877390436230861548e-01
-1.199839355478569125e+00
7.588725464830264889e-01
2.235182986151837414e-01
1.101978474022815790e+00
3.088796306374644862e-01
2.218516746000318007e-02
2.991134894227867047e-01
6.863857427049521176e-01
7.430781559774402023e-02
7.536458461720256796e-01
2.460455244269939279e-02
4.877280963149532855e-01
3.897862645269700166e-01
-4.426159196833787113e-02
-8.737270242409397314e-01
-2.849579990032368171e-01
-9.875028632998248401e-01
-4.380846076333403394e-01
-1.672219000643349052e-03
6.222334660913643178e-01
9.295809454057424315e-01
9.318810876950257560e-01
-2.477476728502357728e-02
7.874466061426841357e-01
-5.430032773590245387e-01
9.023866309397533536e-01
4.725060797077518249e-01
1.897473328682497962e-01
8.294059335042359704e-01
6.256958090016216945e-01
9.101348518320182546e-01
-9.096319639044653238e-01
-8.104441963818115324e-01
9.224156426200534886e-01
-1.233812331507718463e-01
-7.028599916789614044e-01
-4.008351315934210457e-01
5.016611221636371187e-01
1.330021199989802616e-01
5.625576282480871937e-01
5.080335551872757760e-01
-8.747042786723714380e-01
-4.046115879798856119e-01
4.525535821542972514e-01
-1.370239998069188725e-01
-9.316096534028714959e-01
-2.376851065741719948e-01
-3.948163131896150757e-01
-4.147840335174610704e-01
-2.961918552901126045e-01
8.519490666122259137e-01
6.124090365061198860e-01
-9.345179691263028054e-02
-4.180615924628576230e-01
-8.706279827928030679e-01
-7.560404053095668431e-01
-1.807448829657501421e-01
-1.216733454651734297e-01
4.188453092057038418e-01
9.297523366759633534e-01
1.761310771033674782e-01
-2.875731407781421112e-01
-8.342851762498361134e-01
3.220341149207271991e-01
-5.642277564332827122e-01
-4.711155250377366266e-01
3.814042488703427991e-01
-4.343911016998391328e-01
1.997815966973725543e-01
5.235946740441175251e-01
-4.503029486263648851e-01
1.807999822119507050e-01
4.873730911793484610e-01
9.361490711697614264e-01
7.625873972933798761e-01
-4.935726826138167045e-01
4.603862003430046757e-02
-4.041173293597465910e-01
-1.541980703232569694e-01
5.584999182317131883e-01
6.893695617012420840e-01
4.706590041279015701e-01
-1.044787745748213259e-01
1.822052913176069877e-02
-1.127911399285963512e+00
6.144806033691121439e-01
1.082010841985436567e-01
4.125358175937523519e-01
5.422130412099401831e-01
-2.935842901274950956e-01
-8.565577951189760064e-01
1.156698140504035660e-01
-1.012345933688642563e-01
-4.851808458975009897e-01
2.808890269594034317e-01
-4.610978917084873063e-01
8.187989685305290255e-01
-9.769080316244561912e-02
-9.900387721762800020e-01
4.383251931250033984e-01
-5.022073067996104534e-01
3.343419676192696532e-01
2.825572953686890654e-01
9.591259527557238762e-01
-2.723369542876606930e-01
-3.613869629597775690e-01
1.306078415923860869e-01
7.782941374458398620e-01
8.492603533870992649e-01
-7.738815058036059569e-02
-2.522814867370460901e-01
9.785145606566663518e-03
9.859966947797933479e-01
5.592428793203638726e-01
1.009043629937263820e+00
-1.743998124759622570e-01
-4.596815827394438725e-01
1.267113166867742113e-02
5.216128907186620700e-02
-7.623689359748559990e-01
7.311619827689636031e-01
-7.171309783486785605e-01
6.663693916923031368e-01
-5.678200715219674372e-02
3.168312089239873619e-01
-7.956026082516186315e-02
8.244835462905792944e-01
1.087992335873116667e-01
-6.155704644479642607e-01
1.703450146700568324e-01
-5.336407226476828081e-01
-5.771004167095828974e-01
-5.546362462625508138e-01
4.355924651137372261e-01
1.961197294914361067e-01
-8.149411881651867917e-01
3.337272128762875933e-01
7.080861286683365341e-01
-6.090811853678251842e-01
