-1.219128655971870867e-01
8.596895399048496422e-01
-8.095419379494237511e-01
-8.111473790135641515e-01
6.386473768126399442e-01
-2.407947990236066760e-01
-3.645842121929799839e-01
-9.343477577540636458e-01
5.414292986848833200e-01
-1.463065692871503842e-01
-6.477059943631855443e-01
-6.606051706734545892e-01
-1.028989814274930747e+00
9.706558831724956260e-01
-4.650654810890287316e-01
-7.503833837386062466e-01
4.610478596546037089e-01
6.395253176341465506e-01
5.245746411841326617e-01
4.132212734656885433e-01
5.876313905388192982e-01
-1.615697905072253082e-01
-1.127056864227075350e-01
3.809129202010089754e-01
7.501104438564978882e-02
-2.351848009255728400e-01
2.136948347863071307e-03
-1.912605338880080802e-02
-6.987636406737155470e-01
-4.187195873522328027e-01
4.819014734214247531e-01
-5.932088552256142844e-01
-1.049881303124941268e-01
3.954764580810038455e-01
-3.816226177319337332e-02
-2.561424391715825255e-01
-7.688406729515186999e-01
5.826853631937002342e-01
1.004060461693440098e-01
-8.446263974259092533e-02
3.915953214327969611e-01
6.053705456856486311e-01
-3.844122024201011567e-01
-7.371367443015347520e-02
-9.893601556598107249e-01
7.164702228427272113e-02
3.879150641249073939e-01
-6.255124238662393976e-01
8.917928012898135304e-01
3.169638972377998298e-01
-5.109113726927936305e-01
-4.740784829260585309e-01
2.126624803843452094e-01
9.461357248798080155e-01
1.864344703881719578e-01
1.046044128323512679e+00
-1.513091341351794905e-01
4.115597507694401802e-01
-3.354684834076165911e-01
-6.985856402120477204e-01
-7.386531825235928550e-02
-2.108622995481406748e-01
6.061282121215181284e-01
-4.517870543513534121e-01
6.901441555763462299e-01
8.887684787436527234e-01
-1.744794277267727733e-02
7.771740569219173222e-01
-8.539445678242849613e-01
6.825649559071963468e-01
-1.831565569853498832e-01
-5.998204983409521907e-01
9.413296051126323061e-01
-3.397519420684226854e-01
4.782982801042709453e-01
4.812460735583823923e-01
-3.205645219426404013e-01
1.785857066229337986e-01
7.232252837444720361e-01
-5.875637776419405656e-01
1.204483607483587682e-01
-3.608494032833250986e-01
3.885326293746050874e-01
-9.557811940453961874e-01
1.003848159786003169e+00
7.558635999123169968e-01
-9.907092080725464767e-01
5.173630542697874035e-02
1.866133611087290034e-01
-3.479255232356691652e-01
3.244430367488443379e-01
9.469575295413259486e-01
-2.031700976705383410e-02
-1.020665759752789947e+00
-6.945897560768118373e-01
3.559419757069746115e-01
-3.831795339562371616e-01
6.836156557561734459e-01
-8.934571269334720123e-01
5.060341722465637737e-01
7.576378845103819426e-01
-7.436658555019944883e-01
4.037207374902574974e-01
8.450545898950445611e-01
2.064780382944326476e-01
-5.210204392637065585e-01
-7.930899216300816290e-01
3.332733282681848985e-01
-3.317759576576454483e-01
-1.055747386564870771e+00
-5.740610139515321952e-01
-5.568838906778552644e-01
-4.192678684601906514e-01
-7.697512521091240956e-01
7.592680193160780133e-01
3.174670855668083602e-01
1.536353637124720783e-01
3.406149474536240840e-01
-8.112135474829471615e-01
-1.804175706715877708e-02
-6.414232019207100066e-01
4.299656829097878719e-01
3.453279736251952947e-01
-5.652906212844346356e-01
1.541492637863992321e-01
7.271357246122267526e-01
8.158133157464373397e-01
-1.132586131137526819e-01
-2.133754829921524210e-01
3.766485547681316937e-01
8.490061680171245850e-01
7.990637938743933022e-01
-9.877347034633671141e-01
8.059761507464247021e-01
5.957456078580339875e-01
2.586307870028172751e-01
-7.238222743852058549e-01
-1.098052084827297215e+00
-2.451477149616337892e-01
2.383249475832687481e-01
7.485642931203136952e-01
7.441185115754485047e-01
-2.970290156226907397e-01
-9.508919887473988863e-01
-7.806367486709400172e-01
1.190129245591380058e-01
-4.176547313861489474e-01
-9.019669972907725652e-01
-5.563822558080250974e-02
2.858112975748643425e-01
4.185982150768143839e-01
1.865261790541010434e-01
-8.274934445534194716e-02
2.758081083078434137e-02
-3.501793044084935969e-01
-1.056047784845182358e+00
-4.153854714045423502e-01
1.093396131090171419e+00
6.765111620438674089e-01
-4.705497125299394623e-02
2.656837999508289139e-01
3.950253277073937364e-01
-4.260003930788324178e-01
-1.233522032441695115e+00
-6.009475011134495226e-01
1.059244416804418165e+00
-6.248030783378221154e-01
-1.064416336388134265e+00
-3.815547547680207541e-01
-2.480063712907029372e-01
-5.367332158855672164e-01
-1.036627102446117110e-01
-2.880502586240795138e-01
-3.263078520165802465e-01
-8.878635443220854739e-01
-2.542525110030691704e-01
5.943712064881964130e-01
-6.409729580736059362e-02
-1.080055003518342494e+00
-3.997560094650244866e-01
8.568158215218077967e-01
-1.172767415201103058e-01
6.672847752108808095e-01
6.207512757153386129e-01
-2.831176637495306236e-01
1.295237070360845122e-01
6.460702306317737120e-01
6.907746761949857817e-01
1.010851271812448493e-01
3.498845312075593572e-01
4.605247735162248945e-01
2.682535663013459470e-01
-2.080540664539955453e-01
-7.976018804090470038e-01
-6.944196033935456924e-01
5.990021527857281036e-01
-3.921405160346718710e-01
-2.725887762369548772e-01
2.134834559088407135e-01
3.404329118712656754e-02
-9.660944982160497574e-01
1.090561856405331265e-01
-4.616390143229152088e-01
8.163207461255856945e-01
-3.960679216106609002e-01
4.264880611022262569e-01
1.053307301528120021e+00
-9.445190019393656655e-01
-4.107511311161426981e-01
-3.884225425276099930e-01
-2.414241678870164831e-01
-6.364404304043590199e-02
-4.510328894253234355e-01
8.015461312525101745e-01
-4.161039235770742639e-01
-6.488246049783303881e-01
4.844420327712933294e-01
9.000912664593826440e-01
-2.389559762907260132e-01
-2.330296733591410152e-01
5.708672640380660912e-01
5.795898907141799894e-01
5.935430301567720113e-01
3.596565249747427639e-01
2.096014952141566912e-01
7.673244557014737843e-01
-7.911682300996570882e-01
-4.355295250974308141e-01
-3.936076791882011511e-02
8.545126397636482185e-02
7.361860328411183874e-01
-1.032792032481251870e-01
-7.980800500889426718e-01
6.415165129479927231e-01
6.035748452678267872e-01
3.824285717986369848e-01
6.216680177126669982e-01
-4.093973047563022050e-01
5.818032936295581409e-02
-1.293394792321784365e-02
-1.040489866266315122e+00
8.629119023384050902e-01
9.485348166123277469e-01
5.559542160252305409e-01
-4.815937252331447538e-01
-4.046697433555016543e-01
-7.628020100529050440e-01
8.729464775083285444e-01
6.664214105527014320e-01
-8.861301537059257383e-02
6.949546842908738142e-01
3.682857855699711580e-01
-8.268684690240738488e-01
1.017996021965107856e+00
7.132816284890658443e-01
1.023551877896023310e+00
3.354932207953360002e-01
8.007822297727602567e-01
-1.224757819954173321e+00
8.392360982998885444e-01
-4.971939342799078787e-01
-9.463667042802759166e-01
-5.546723913359783431e-01
1.250125624041693168e-02
8.922972080123070526e-01
