3.848094171590083490e-01
3.202342412894555457e-01
-2.073945307295177454e-01
-2.288241864950890658e-01
4.959797569305632869e-01
-4.424193513966442337e-01
3.035779914733770513e-01
-2.958249548316356781e-01
-3.073556566254957434e-01
4.252549483967833777e-02
4.791882655712249584e-01
2.534207761429160266e-01
2.941046081040312732e-01
-2.121450312447514253e-01
-2.893696559124702139e-01
-5.665970789478402131e-02
-2.674082147036792034e-01
5.992774051190538076e-01
-4.806229905136035763e-01
1.855658537622046911e-01
-2.765699870559145679e-01
9.001364000863734671e-02
1.663249325142621832e-02
6.194100509079271122e-01
-2.592705850961152247e-01
1.567450022091559231e-02
2.072656308544719717e-01
-4.588717375434560597e-01
-1.368613031572650796e-01
1.650966828260164720e-01
-2.693947109794967432e-01
2.951732531208755561e-01
-1.808956039926851167e-01
-2.271340518815669757e-02
4.321928188329672571e-02
1.324214387375594604e-01
-6.494903161420151338e-01
-5.617103239786878088e-01
-3.023270593674394213e-01
-4.775325210209277471e-01
-1.859978227369276094e-01
-1.212639184876973947e-01
-3.808417845125097734e-01
3.760499899225706044e-01
3.904426971938115831e-01
3.742840173222995448e-01
5.719467324007203313e-02
-1.303943224876946971e-01
-1.089370924730082291e-01
2.273867170243120128e-01
-4.241335339904839241e-02
-4.793233149080645683e-01
-2.978402104674061912e-02
-5.732133558260752437e-01
-7.887999645553088468e-02
-1.321019431439540426e-01
2.230387117365558169e-01
1.028632184114485065e-01
-3.177295708884073644e-01
-7.799954988189489180e-02
-1.272484876043538382e-01
-3.832667398545186455e-01
6.070345102287187655e-02
-2.858773298137049501e-01
2.561369248118883224e-01
-2.000340175567221213e-01
1.218477686662877424e-01
2.332814578191691746e-01
-1.986972494149261692e-01
5.531789512098248679e-02
-1.949735222465611983e-01
-2.900483556146400410e-01
3.352568318956902216e-01
6.960670457577931014e-01
2.517193915794078141e-01
2.392907798153489085e-01
-9.789840500868235429e-02
-4.227751789503810809e-01
5.341200231103441359e-02
-1.401399918797516797e-01
-1.003487482943813680e-01
1.793288326564328461e-01
3.254562151216458532e-01
-1.618930371772029364e-01
-3.707336139161614419e-01
1.663605940920781512e-01
5.573679022182274900e-02
-2.922717236044265476e-01
1.607758464502750950e-01
-3.197333154980883663e-01
-7.797275998836106226e-02
-4.141500196095891650e-02
-2.652554331494118012e-01
2.054908627800523524e-01
-7.856958618793632998e-02
-2.093682023063322267e-02
-6.342110039231882435e-02
9.500205676051960701e-02
7.218809483355446144e-01
5.427073268243953058e-02
4.613365546531219552e-01
3.295870594739022663e-01
5.617988475791284575e-01
4.210530597226851413e-01
-1.936185175602341685e-03
6.129749932723020933e-01
-5.190647844824434337e-02
-4.851448666502771179e-01
7.944589976503638531e-04
-7.846287074690296015e-02
7.860626568981936985e-03
1.216569820403721192e-01
1.685475910516724407e-01
-2.368129754153926458e-01
2.425448000876633536e-01
-1.319918814045398237e-01
-1.195137895187510235e-01
4.320002365146967671e-01
-1.601251440372976620e-01
-5.745176735190544726e-01
-7.973333330514108530e-01
1.832547591053414471e-01
-3.019143962866935316e-01
1.380322414176454182e-01
2.840024325157441965e-01
-1.614461841148388532e-01
2.740749193833845743e-01
-2.288753210256425433e-02
-9.644701161448114568e-02
2.151274752013783154e-01
4.211898655210656872e-01
8.151838561734330024e-02
1.439918468894162973e-01
-1.296597097075494198e-01
4.650880310208896362e-02
2.110524588649329014e-02
-4.177974696924238729e-01
-2.402520294398093614e-01
-2.602077022644810889e-01
-4.719021235005834702e-01
1.801078010257008144e-01
-6.127922900447981824e-01
2.656072436100564982e-02
5.719304524190225170e-01
-3.887130969100700550e-01
-1.620626272697790193e-01
5.651787307394146032e-02
4.545456244683154789e-01
2.360309458461693488e-01
1.148987301602414079e-01
-3.711731197121012626e-01
-1.570366132209945476e-01
-1.303954279551040873e-01
5.618358596266519456e-01
-3.419614331453835199e-01
1.860209057314225201e-01
1.530674114872153102e-01
2.180637657945580787e-01
3.380233923233494364e-02
3.970234405960706425e-01
1.661746860519116298e-01
3.548941160148568752e-01
7.148697672040803253e-02
9.638173772874453205e-02
-3.225329139925437461e-01
-4.525036896734841441e-01
6.679670146635487971e-01
5.129942513569964863e-02
-1.592194433477477356e-01
-3.009806041469080262e-01
1.446412941889891821e-02
-1.940109128596745336e-02
3.882772889395593729e-01
-1.657137858764311591e-02
-7.134717511573016591e-01
2.720299099402854193e-01
-1.149016782949792148e-01
-1.011760041575718305e-01
-4.403104652869423430e-01
2.936378450404407703e-01
1.372143444757968622e-02
-1.799905678520235044e-02
5.889913260407506623e-01
1.562901450061327524e-01
3.015983212589917403e-02
5.544242285988937313e-01
1.952264576759941139e-01
-1.185176020020918264e-01
1.126308651681277861e-01
2.256966899803664051e-01
-1.162870755399424000e-01
-5.620946819190411614e-04
2.490021154442525475e-01
-8.622350917317439523e-01
-1.400938910753352640e-01
-3.232460379959762320e-01
-1.078670637632363483e-01
-4.408817887524169032e-02
-5.428609795807979310e-01
5.248938901170659976e-01
2.947078786947069373e-01
7.268902769560277033e-01
-2.653880594378918989e-01
1.065152915757323349e-01
-2.146943090903644102e-01
5.967838506384035013e-02
1.710652478321164904e-01
2.209085417398168327e-01
5.040884136976276908e-01
2.417649045183943024e-01
-1.966866566921002257e-01
-5.816842649686764233e-01
3.081493191288303679e-01
-3.101300609725976543e-01
-2.337562871277310550e-01
-5.229593203261246881e-01
2.981235212058877537e-02
-4.072587139061957240e-01
-2.246057928963619554e-01
2.775384245269718608e-01
2.340448769256899819e-01
-1.955453921797249972e-01
-3.887272841471943741e-01
1.358993007196916125e-01
9.303498963617456985e-02
-3.738057887965495762e-01
8.398890051722499583e-01
-1.292872073420210932e-01
-2.215323522270809808e-01
-1.929659014682537643e-01
-2.697699183020677016e-01
-8.748062746482659913e-02
6.252869591938150506e-01
5.147957888789467251e-02
-5.253138020638389860e-02
-3.542023090196670942e-01
3.861470672728127551e-02
2.123814114409673659e-01
-3.020344774941567320e-02
1.392585901606335219e-01
1.022315258965509066e-01
6.773539601260594178e-01
-9.046182860223128674e-02
2.455593713418928459e-01
2.738314073361310386e-01
5.207660315669208201e-02
4.475744421305519749e-01
-3.646910717186543360e-01
4.163238124921630479e-01
-2.278648538182746503e-03
-2.765952990039777237e-01
-1.752652726336897948e-01
7.317842593558859798e-02
4.321786828845506356e-01
-3.129978926804565659e-02
6.511255592663936498e-02
-2.664886729523264774e-01
4.671521321539360838e-01
6.521941169587048837e-01
2.365729691158307557e-01
3.950976474707010855e-01
-6.627090566255129378e-01
-1.511250499952207782e-01
2.998106011499422907e-01
7.388359416701170690e-02
