2.362748415235372546e-01
2.046889821272015464e-01
8.198982644201263659e-02
-4.338264783399020663e-02
-7.881873517865493062e-01
4.333881233640957120e-01
-3.789111387892857286e-01
-3.228494897540022945e-01
1.985300097493881699e-01
-9.898436619110281831e-02
9.923593901415439511e-02
1.303778835134678182e+00
-9.611985862038383566e-01
5.654714410413729242e-01
1.335841653479966862e+00
1.162105550514690722e-01
5.654056441843913206e-01
3.488142686097210898e-01
-3.518224660337891940e-01
-6.512094417248646128e-01
5.428293286519784155e-01
-3.833104472832307152e-01
2.269365787944985502e-01
1.688000186222092136e+00
-6.173083189702794904e-01
1.133998934382408175e+00
2.437583522709528550e-01
-6.719444053796519434e-01
1.179129967617672248e-01
-7.875038300849087625e-01
3.730552164704907248e-01
7.612205266010743099e-01
7.797312193819080361e-01
8.503743515660906471e-01
3.684388676311475819e-01
-7.379015346156518884e-01
7.996883450830800655e-01
6.333472947305942569e-01
-9.726306324939165693e-02
2.312379865624114572e-01
-1.265737650469394238e+00
2.086554781817095972e+00
-1.046054817459804998e+00
9.537347941071250279e-01
6.294187321237476596e-01
3.947590690882052944e-01
2.477396307133087894e-01
3.751030700174470822e-01
6.379537159524131251e-01
3.827759470000747788e-01
-2.293598417449842497e-01
5.911816203645109402e-01
-3.380438797458021893e-01
4.671593386375233470e-02
9.165698818167387074e-01
6.626420136455587473e-01
6.913223141408322281e-01
-5.143381477508462973e-01
3.104362151781768220e-01
-1.099495728187150245e+00
-1.669512009334022107e-01
1.244814546241116870e+00
1.321418694031117336e-01
-2.471277760342127650e-02
-5.720367837004796119e-01
-5.821340819042728487e-01
2.471359019853927030e-01
3.715901645453269508e-01
3.735540766370306631e-01
4.878000617194384603e-01
-6.294432725752628910e-01
-8.862365652833310570e-01
-4.523708907589766848e-01
-7.535538173196080214e-01
-2.807799943552152788e-01
5.156820261090335755e-01
3.759058934001907604e-01
-9.355476232965170835e-01
1.807667313389198505e-01
1.450864306048738617e-01
-9.997405321509557352e-02
-4.004858161436232189e-01
-1.060304098375763893e-02
4.793854132335053642e-01
1.479666843040610136e-01
-5.539921295037253390e-01
-5.988094132633177136e-01
1.103044323931193560e+00
-8.459470121342805848e-01
-9.335888443714062124e-01
2.955583923190312490e-01
6.637859005755184505e-01
-1.213097340674042846e+00
5.257214823416389571e-01
5.844539885145798586e-01
1.331106282361824156e-01
-1.351259050974364939e-01
-2.721285696655261210e-01
-3.820070715989374310e-01
3.162401619389632046e-01
6.248306534017128433e-01
8.551035792504285693e-01
3.929618518950065420e-01
2.166344135686887107e+00
-7.255776823194056563e-03
3.918667904561334847e-01
-1.215948139698896258e+00
5.874072857644452306e-02
-1.787081323032459146e+00
-1.930008515992620854e-01
1.402867578507378088e+00
-1.848676360162891108e-01
4.730967352710009899e-01
-3.577662798929281962e-01
8.528157881602637103e-01
-6.420228905646985229e-01
-1.031247742121765842e+00
9.293153898062472829e-02
6.830727274422732087e-01
-1.369803922230359738e+00
-1.618905222286524115e-01
-8.538618726498641287e-01
4.495452934558693547e-01
6.460321128591441919e-01
2.938981666017907030e-02
-1.365845221453881209e+00
-7.742102271779984779e-01
2.035772327917639846e-01
-5.715119330357553151e-01
9.533652691824663350e-01
-5.319574851701996954e-02
3.589477688793102916e-01
-2.085709464529757751e-01
1.036478507498159951e+00
-1.883765358430987691e-01
1.180415156807014920e+00
-8.199707689272358602e-01
-3.390472496653839096e-01
3.267679372529073145e-01
-6.316519482580537082e-01
-7.549027488852633194e-01
-4.833182760832747671e-01
4.451106962181895499e-01
2.619846428772995672e+00
7.192472696898433160e-02
-2.312536096149564457e-04
8.838443892213305730e-01
4.854246943794714442e-01
6.057296992917320377e-01
4.618225575129304983e-01
-6.089685057485791919e-01
6.262690305903610977e-01
-5.264466001453761423e-01
-7.755855983576666057e-01
-3.675915569921693327e-01
-2.829789586637729282e-02
9.308985062578822856e-02
9.478112726525678156e-02
8.876685574131193412e-02
9.153083420243421919e-01
-2.637470717459270420e-01
-1.358209906033845726e+00
7.207510496083878448e-02
-9.879208389026420400e-01
1.075143751773873918e-01
-4.956526751563031241e-01
-9.014270922118824414e-01
2.272798765851817837e-01
-4.681128212193432780e-01
-4.032032952335832254e-01
4.385444305013758703e-01
-3.730663570673612983e-01
7.171479102478448553e-01
1.194919645127163060e-01
4.426986653169582842e-01
-9.816864955784108115e-01
-1.884706626046693256e-01
9.587545820256099249e-01
-1.715255455677014540e+00
-9.692232695093727646e-01
-9.521225754774051975e-01
-4.228223723654738198e-01
1.910832418281956657e-01
5.779776305302333772e-02
1.521817862720764580e-03
-5.584271396676804278e-01
1.088670965957110881e-01
-9.571807354371120180e-02
3.118586390922392648e-01
6.047221389440514683e-01
-4.278656223839840678e-01
-5.066685233031441582e-01
8.116220975998118536e-01
7.079564037975294433e-02
-5.160246671171877519e-01
-8.597673420307525571e-01
7.487261378968645964e-02
-3.626107657005176454e-01
-9.754681079038225455e-01
-1.176631058799751661e-01
-3.714071697870940936e-02
3.048454099396818440e-01
2.383121679136493976e-01
1.281077107790373537e+00
5.128330191358676515e-02
-3.394291964564418729e-01
3.165295841825574996e-01
-9.163247950362592986e-01
2.960023928425978279e-01
6.015728384673671991e-01
-5.400698218007050633e-01
-1.735443335439958712e-01
2.774883990856782390e-01
4.156784832589017209e-01
5.403880671184133622e-01
5.156509488086705950e+00
3.743503760057867447e-02
4.209865865838410270e-01
-1.362794027553638765e+00
-3.919739134729324226e-01
6.678172290393205035e-01
-1.703142884102152865e-01
1.783184234928283929e-02
1.906476061799245780e+00
-1.108326891772781764e-01
-1.233814710533959857e+00
1.519286408126297727e-01
8.795926752932627934e-01
4.583556217288495827e-01
7.275938497270116878e-01
-4.373940603015005202e-01
1.043657836781211046e+00
-2.197797783737721888e-02
6.934676968068873570e-01
-5.131887338258147579e-01
-2.000828844603849133e-01
-7.195670054042413444e-01
5.123501334733104873e-01
4.260464191204511586e-01
-1.166538047078288898e+00
-1.349236034442498955e+00
1.286536037880783301e+00
-2.437506310832661116e-01
1.631743503340650880e+00
7.801656335425648514e-01
-3.305425345614230667e-03
-1.373515279063339145e+00
-2.675684988257293062e-01
-5.788568780798554192e-01
-5.663274156675234261e-01
1.975787691952166358e-01
1.657947592255993030e-01
1.977191298254779017e-01
-3.968290263138503637e-01
-6.013094991073795192e-01
6.563879589713640383e-01
2.898291092266924163e-01
4.737427713103795623e-01
1.498314210469134933e-01
-9.695117696521338146e-01
-1.034837068554653738e-01
6.505058746272343040e-01
-6.444298604742497716e-01
3.636950512593476459e-01
-4.384923173808908392e-01
