5.052041323211363677e-01
7.716182223658335504e-01
-3.895051984449465071e-02
-1.883483535446924539e-01
-4.050234424680054790e-01
3.352220822973835113e-02
2.073222714518884457e-01
1.652797939662610516e-01
-8.531508053736064356e-01
1.210415587765173218e+00
8.393421216024852249e-01
1.549372641282284746e-01
3.728084428648411608e-01
1.059977399816054572e-01
-4.146229627801844564e-01
-1.304758137916974148e+00
-4.581304057031804766e-01
-1.154643124812614996e+00
-1.506771811421687257e+00
7.090609683033672894e-01
-2.003696290483481662e-02
9.324846250328387709e-02
-1.184536363600650954e+00
-7.739580688192406743e-01
-7.497128977691351892e-01
-5.132166509805251575e-01
7.691321260953317696e-01
1.267971491379166205e+00
-1.443956571899878361e+00
-1.215945092786386572e-01
-1.477933286647254985e+00
-5.152319121606409036e-01
7.830725428371059227e-01
-1.816838158695044614e+00
2.999861131754688603e-01
1.142100549156434969e-01
-6.134170958279874797e-02
8.901143023901142426e-01
1.199882521162487503e-01
3.994803490539505786e-01
2.809799084330504293e-01
-6.834370057382520569e-01
1.372368811876300665e+00
1.267860583809385377e-01
-1.221908943112523849e+00
8.781393388218275975e-01
7.776511037658677683e-01
4.457640802923223955e-01
-4.859018155845772902e-01
1.185895079440532518e+00
5.037380773887208951e-01
2.112689809199511659e-01
-3.833882237404883098e-01
1.095261670811253224e-01
-7.662950180085615903e-01
-1.827005838874356247e-01
-9.130076392970082333e-01
8.911106461221757202e-01
8.091511012681076309e-01
1.579872502804132495e+00
-3.907789908593807815e-01
5.976062977293589151e-01
-2.405888322459650425e-02
-3.848625498396725519e-01
-1.073900069570486032e-01
-1.130173083777204601e+00
6.332318892577850633e-01
9.778785110160783667e-01
2.153525713937073649e-01
-3.518761392349759598e-01
-3.077934612649851354e-01
3.684674643413572981e-01
3.604792003250958943e-01
4.008296634515473023e-01
5.143121439511093573e-01
-2.076938905209232689e-01
1.135607005103378003e-01
-4.207986581603037068e-01
-7.207304853871744355e-01
3.009668760205765348e-01
3.434540707465176812e-01
3.131485931130156275e-01
1.567858685524580631e+00
6.461046279501674316e-01
-1.690162894202311139e-01
-4.173865032226589111e-01
-1.158458724469550033e-01
-8.355481750105187011e-01
-3.620296609708518742e-01
7.655094511600560869e-01
4.712915648135603264e-01
-4.932602876466394282e-01
-5.823648205829157209e-01
3.804974370474971113e-01
8.280708938867870073e-01
-6.971095712591006688e-01
1.093684061044184475e+00
3.337949477300563572e-01
-2.683942231101707487e-01
-5.542586465355742176e-01
-3.006631216114741267e-01
-4.337024773922154020e-01
-5.542049996051808675e-02
-3.468553809080691663e-01
4.458221006997779012e-01
-1.454076130509800668e+00
3.018471795820596992e-01
-6.026185756738782207e-01
-1.235693209694938011e-01
4.170006834155076114e-01
-7.363593192225503792e-02
8.549903089938845069e-01
-6.628561353443183091e-01
-7.289606409119833708e-02
3.265178985227175090e-01
1.594485669202218847e-01
4.934235250854736576e-01
-9.200506944063072678e-01
2.269976017041364091e-01
2.965913284070453848e-01
3.634481375394620351e-01
-7.393154245266609914e-01
-2.860399099858161875e-01
9.883961633553922654e-01
-2.488525783083088694e-01
9.076953106801622928e-01
-9.942399629076656975e-01
-6.501579827487893315e-01
-7.076780311792116862e-01
2.719942976193684969e-01
5.349008370361821862e-01
-7.187948827447717681e-01
5.009222799184746000e-01
7.386048594973824155e-01
-3.694488854246210097e-01
-7.674425507628035437e-01
5.635017368845932628e-01
-3.097493541804996475e-01
-5.902819218641783827e-01
-2.008648471492283094e-01
9.496040144039821773e-02
-1.314555778849135215e-01
6.940846056107849993e-01
-2.237815076997552374e-02
-4.892288879590193096e-01
2.027104372924592307e-02
9.258032228090941063e-01
-6.909370764375770690e-01
2.965099865917737998e-01
-3.229344778922483838e-01
5.305192239700513568e-01
6.832000111437406265e-01
-7.713233748454146887e-01
6.857616912268800213e-01
5.835695045712110396e-01
-3.147787560836181053e-01
-8.656099456197965392e-01
4.397281057523479975e-01
-5.175809336351994139e-01
-8.377433884119100949e-02
-1.112427857320757330e+00
-4.946547100319843154e-02
-9.952530098027477790e-01
2.766755458839620929e-01
2.728915975577468345e-01
-2.052406769226655658e-02
7.322228057419896130e-01
-3.401876762593996628e-01
9.251458473344870148e-01
2.578922810407475175e-01
-5.592709655885563791e-01
-7.174260726941081301e-02
-2.581275486863111590e-01
1.186588339882001242e-01
3.768850885790673289e-01
-5.528482766648789015e-01
-4.524398204498790155e-01
5.336542172119044247e-01
-4.410513737723676386e-01
8.047942950032256348e-01
-2.567640140063293663e-01
2.730469710949659512e-01
-3.971800908221303494e-01
-1.014420728444586750e+00
5.573442031365654081e-01
-1.325987758548339057e+00
-5.421339494687859029e-01
7.890652796836632177e-02
-8.541886658251663933e-01
7.154876672037380203e-01
4.019838711086369809e-01
-2.013708486352910609e-01
2.042436776716764213e-01
9.330690687333870192e-02
1.141487790618420650e+00
1.848382708811474595e-01
-1.243592571046198414e-01
2.928014533235687167e-01
-1.776497276050308161e+00
-1.357137943219174803e+00
-1.447961930399075170e+00
-1.014855595633895741e-01
-5.329811469881443609e-01
1.833268122767274244e-01
-9.062182940762225636e-02
-3.658714219311797744e-01
-8.247020937394252682e-01
4.981229544992413216e-01
-5.924176438139652223e-01
-2.139479581883777515e-01
1.939993126963865666e-01
-7.323650887895331862e-02
-4.345875941731823233e-01
-3.240488882570577434e-01
4.083285787242668663e-01
-6.580458730060008143e-01
8.280976020633795676e-03
-3.165370437082834498e-01
1.167880211468811241e-01
-2.552883731555862235e-01
3.157807685109749185e-01
-2.550980870803550293e-01
-9.903787266356009478e-02
3.731577715130314221e-01
-6.225688587215892911e-01
-6.353014352160084588e-01
1.645173219118998276e-01
-4.593697823924933199e-01
3.497761026497124281e-01
4.027306057319300359e-01
9.513131867325553825e-01
5.261509593799235107e-02
-4.192364942813628925e-01
5.701275558001699384e-01
-3.104963323254247287e-01
1.431619992331116809e+00
1.299893764043058120e+00
-2.915784474262330117e-01
-2.837742333762057201e-01
-2.476511575096990436e-01
4.517861276351505251e-01
-8.364814898097804319e-01
4.948567060689278430e-01
3.886721301052488142e-01
9.849446196544970888e-01
-3.592327233683855758e-01
3.349509261860530995e-01
2.297542099981922104e-01
7.673237720143696317e-01
2.982440700033882341e-02
-5.793193651013316126e-02
-1.208336458705054905e+00
-1.043503367368793511e-01
5.695218373015107360e-01
1.205875161877756341e+00
-3.658246515624030692e-01
2.730596142137817761e-01
-3.253151086247579871e-01
1.365649268795169485e-02
8.654611870152405517e-01
-1.446147871237867699e+00
-7.497182514009878562e-02
-2.742652696640437981e-01
8.138931649190574991e-01
2.795091394526988959e-01
