-9.358966237021002499e-01
-6.312904204244264017e-01
8.755772215718948814e-01
-6.582784006833630741e-01
-4.479788399473174643e-01
-6.836954034820832415e-01
6.790600172994850636e-01
4.442706647495315297e-01
9.618513880136420058e-01
9.380277193396401314e-01
7.505484066774354979e-01
-7.022882418297369256e-01
6.729987380998135871e-01
-7.273480093674461466e-01
3.903630653243214677e-01
-5.982073426753141687e-01
4.056636327547886167e-01
3.786770520722468891e-01
-4.790601919835069666e-01
-3.980438933778458477e-01
5.225043957816096762e-01
-3.833036794626043520e-01
-1.807622762147503004e-01
3.169591653367579420e-01
4.418246744236234425e-02
1.428476362573246616e-01
3.615375373049052599e-02
-6.845999066967302094e-01
1.136171432899762745e+00
2.082634864890861859e-01
-3.568423202245565862e-01
1.041713405889626243e+00
8.550474585768855773e-01
-9.815002534726950945e-01
-5.403200488646588973e-01
-5.094341082247322294e-03
-7.863336078617717551e-01
1.116159484487344589e-03
6.729242510411421740e-01
-8.944440118149257768e-02
9.595802530476443826e-01
-3.251240863776277967e-01
-4.104463963857762215e-02
-1.621797722997619928e-01
7.745431197232803822e-01
6.457335210669524761e-01
2.919102407888293782e-01
2.875866365421994031e-01
3.464120178115756010e-01
4.935952068222342337e-01
7.525506958908192434e-01
-1.019915515698200492e+00
6.021976891357259110e-01
5.957351967515213120e-01
6.363070547425944135e-01
4.563099314411555030e-01
2.294758577972662028e-01
4.417629219626846848e-01
-5.200900602838020026e-01
-1.050622084466514838e+00
-9.939026766350096409e-01
8.982977717255924421e-02
7.857319007040880487e-01
-1.059331683439288296e+00
-2.295873290149991197e-01
3.687618305833372800e-01
-1.631738464474554173e-01
1.257902905656351211e-01
9.309974260381432831e-01
-4.795756921789559590e-02
8.676290686483499881e-01
8.401055818821259180e-01
5.040305237446276454e-01
6.459643265043659710e-01
-3.248351874738050205e-01
4.358933487422799180e-01
-2.548998009402489440e-03
-7.443744994122616365e-01
2.292379706678169815e-01
-8.043118707076473139e-01
3.142316059281662355e-01
-7.762428982286225798e-01
9.441426283608918002e-01
3.705460096554675231e-01
-8.095180179276515453e-01
-5.598380097202662053e-01
6.894128602137619133e-01
5.352949459217147821e-01
-1.001152638426359376e+00
-3.601899123292608973e-01
-3.851350228189691360e-02
-4.533256936085832134e-01
2.793338212606846227e-01
-5.819798155863623590e-01
-6.340586696907326569e-01
2.203151630550508749e-02
9.286762003446004110e-01
-1.121965219115974133e+00
-5.518299897144693933e-01
-5.597297694309422145e-01
8.518540337407234375e-01
2.163651399487697136e-01
-7.941359334344687271e-02
-3.959696378483331669e-01
4.681453414685095571e-01
-2.931904056009076998e-01
-1.089403291932367068e-02
-1.082442194027465554e+00
-5.335989027190055634e-01
3.653728924181466331e-01
4.832059659132325602e-01
9.544735713843973679e-01
6.647895947198974309e-02
-3.056954617077587977e-01
7.132513990087661071e-01
6.400720692665142764e-01
1.044582166483537966e+00
-2.165381575302440242e-01
-8.077744510077127238e-01
-7.404406070160864939e-01
1.986898651602476695e-01
9.979548192449201327e-01
-6.492428783885358934e-01
3.028531764653685232e-01
-7.168273841463472795e-01
-7.910446877019279288e-01
1.233563346168938146e+00
4.351554390679337470e-01
-1.435725949855488903e-01
-7.175863768846989510e-01
9.244146985789941651e-02
-4.270763503564343755e-01
-8.813621366453503470e-01
8.173016592865359753e-01
5.403246137353426848e-01
6.326922486734700701e-01
-6.231864316575932428e-01
2.762901295239425514e-02
1.292329733234952371e+00
7.587493345600784811e-02
-1.089985510149017234e+00
1.413429151231488934e-01
1.167240550467911753e-01
5.579169531678493388e-02
-1.039723726491788985e-01
-3.091277019403169124e-01
2.651451022688570691e-01
-4.150054215217012787e-01
4.104101876028724005e-01
-1.375611728983987953e-02
-3.312104621133797888e-01
1.159522648516127852e+00
-4.109906977165996844e-01
5.181752557542531612e-01
-5.870045226922165904e-02
-2.073020761980319815e-01
6.980098701590810029e-01
7.425114283208078536e-01
4.968675611422627980e-02
-3.059467017959339730e-01
-8.652836553391268781e-01
-1.049810434686340388e+00
-7.602549323804921322e-01
-5.552350745151386491e-01
-1.692080168940656160e-01
-3.236217520273653725e-01
-4.039075604580394385e-01
-5.637208576775064595e-01
2.445022269026563000e-02
-4.444998143777570410e-01
-3.856560401102640534e-01
7.584484276672903702e-01
5.481323722733979498e-01
3.988208967576378772e-01
4.154448750274375435e-02
-3.642600361521075025e-01
6.698362854052164472e-01
1.174590832236388049e+00
6.795611374153491535e-02
4.050088674558584012e-01
-3.861299082260105306e-03
2.664557995387938916e-01
8.563781122566180848e-01
4.825128391127008198e-01
-2.401092568032860697e-01
-1.598943290979611409e-01
1.040418023915300694e+00
-3.686785568718509154e-01
-1.618589815676743926e-01
7.163926314136995765e-01
8.117892766931156245e-01
-4.229179116166897207e-02
5.944334143791184522e-01
-7.259510973890125340e-01
6.388301993930723954e-01
-5.335586545991791718e-01
5.484759706335942120e-01
-7.839402132236814036e-02
-2.156974086152169401e-01
1.121213754867225854e+00
4.582867150132303724e-01
6.096974880907036765e-01
-7.897273573667834556e-01
3.720382724193794788e-01
6.042101575082907683e-01
-5.129600072583688775e-01
9.930328195742330610e-01
1.025863811978489082e+00
8.486684397422803450e-01
-7.707155278958781608e-01
3.869872842063282747e-01
3.693063495621664027e-01
-4.343940772095942204e-01
-5.947346184009920655e-01
-8.769299373070423842e-01
-6.483363985034890087e-01
6.134295649093025604e-01
2.058283458667271582e-01
4.575826881597959694e-01
-8.940377414926493627e-01
4.701991735812621753e-01
6.535665327634394561e-01
-7.190994602529743318e-01
-6.283106338893520437e-01
1.110150912654135902e-01
-6.144268025837726910e-01
-5.089132871291823790e-01
-2.391869714132878189e-01
9.315928815690259768e-01
-4.822764912310308349e-01
-2.874044449680602242e-01
-1.261645256523789838e-01
2.383616414104190451e-01
8.073771619241796316e-01
3.640380164863017409e-01
-1.013746201891704501e+00
-5.690191645414948152e-01
-5.825187292091939251e-02
-8.646172385841107699e-01
-3.042289894323461086e-01
-1.836563769770624410e-01
3.444629311072916478e-01
-6.020467737531273178e-01
-2.406890869903933750e-01
-9.871310239241330997e-01
-2.693836724970556928e-01
-1.129152161946427035e-02
1.136152294486450776e-01
1.997428209307127722e-01
-7.444969184964524977e-01
-8.879134055447544804e-02
-2.975384983802357719e-01
-7.133799387854031782e-01
6.689537356045183181e-01
9.230828112492464044e-01
2.772785924263395096e-01
-4.437155155371851900e-01
-1.117472295061176402e+00
-5.889364693698065367e-03
1.188079122920007724e-01
7.229802522819607224e-01
-2.565496301922135514e-01
-1.858536516492659552e-01
-2.543805345106509019e-02
-8.307903117875484189e-02
