8.290774802984020031e-01
2.411042620633321309e-01
7.784906021198123582e-01
7.255307026077730814e-01
8.863248427680399111e-01
5.963923511737274641e-01
2.060442861671885062e-01
-9.281679225316419313e-01
-9.013394024605720922e-01
-4.222551181581828406e-01
2.296440769028376128e-01
8.339057540204442009e-01
9.793689190396850375e-01
4.271325993305885582e-01
-3.343521739835875195e-02
4.691071871082406197e-01
6.040238919942533258e-01
1.305837666923135298e-01
-8.995359516765928376e-01
-3.519636272697177493e-01
9.792901724705627142e-01
9.187114522182460163e-03
-5.941107592821124328e-01
1.423950669206262010e-01
2.358538222822839092e-01
-1.068890854499611187e-01
1.292198575347218714e-01
-9.675531624453195256e-01
-6.650404669125571377e-01
-3.784587478983552078e-01
-5.160070751359742136e-01
-4.516564194849022051e-01
-9.443294594769784389e-01
-8.377238319877551298e-01
-9.916767234866625813e-01
-7.011985039305830281e-01
1.500782277917385166e-01
-4.029869922330915344e-01
4.808530687463996589e-01
1.579357772832468143e-03
7.640919954004730119e-01
-9.233973828720465349e-02
-1.518806616715673297e-01
6.364882500631754425e-01
-4.596664600981159587e-02
1.946525659239120021e-01
-7.593856472605999830e-01
-6.551768744636321529e-01
-3.248538821020203748e-01
8.696215542579450730e-01
-5.457249154876973041e-01
-7.736659721514573818e-01
1.253986168264620282e-02
-5.195934158803274805e-01
2.738324616272502787e-01
9.057660381327892196e-02
-8.286626182094920523e-01
8.669576130842746586e-01
-2.176088477280893052e-01
5.242472506614737071e-01
-1.450188957125475575e-01
8.502655099706251107e-01
3.172714457552212597e-01
9.205058366834841799e-01
-2.455355884256518184e-01
-8.282740949503810679e-01
-7.623140775054673135e-01
5.910828009048603171e-01
-6.548893009587850589e-01
-2.838817262189357038e-01
-4.684629317356359124e-02
-8.275456815679473888e-01
8.258060156318280942e-01
9.150608654359762006e-01
2.471378540193776008e-01
8.712746810344949022e-01
-3.030983686333568183e-01
-9.725654061133510719e-01
-3.279507221768598324e-01
-4.128680322605122743e-01
-2.668812129459574578e-01
6.204138409898689588e-01
9.073507877205091443e-01
-2.819751738162199484e-01
1.169416047376561352e-01
1.540548612807099982e-01
7.903513858288109262e-01
4.950929024781380861e-01
-3.015677849370856922e-01
2.278402136076884688e-03
1.810167307709293905e-01
9.493086875676424174e-01
-7.883077968829939053e-01
-9.363415572498166028e-01
7.158193491061597413e-01
-8.152311906431428667e-01
7.746087678157715928e-01
-1.504371106987800744e-02
8.528557677497445866e-01
-1.689731059756258702e-01
7.260956220566061603e-02
-2.703760243328112711e-01
-2.122410753080503643e-01
-9.546905614844001242e-01
-9.843047518239829152e-01
-4.758599782414569823e-01
2.642685637761998940e-02
1.188198107133828785e-01
-5.243438311154196008e-01
-2.715077908299674547e-01
-3.623695673198639167e-01
9.188612494234427164e-01
-3.566916278924847639e-02
9.652389029849761659e-01
-4.752601181450513135e-01
5.577276096098660041e-02
5.680585750080382468e-01
-7.544198852539738542e-01
-4.358342562380761454e-01
1.065991529756706857e-01
-5.670853851857016181e-02
-4.210559642907794053e-01
3.508574504879828915e-01
3.338316030187724603e-01
9.543123574342959881e-01
1.068179172896739360e-01
7.930502921092548174e-01
-3.001801984925325240e-01
3.901181761662677605e-01
4.843375168857140256e-01
6.947310932270833739e-01
-4.689335517253858665e-01
8.619917854027574489e-01
7.944754819673103263e-01
-1.862494304873185680e-01
-9.764873190939566960e-01
-5.138553475733897979e-01
-3.421020467962780920e-01
3.439702990251336523e-01
1.386767277856648661e-02
6.739150657796006971e-01
-9.364824043119526209e-01
-6.327935814687886129e-01
7.055103086613931929e-01
-5.290240688245537726e-01
-7.712573328378551363e-01
-2.056311123844583033e-01
5.926472035814600581e-02
3.220715742394675285e-01
8.381484829313337048e-01
3.359019419133635331e-01
-4.205161146683753515e-01
9.861123306655856791e-01
2.723608735346092491e-01
-9.519399953272866810e-02
5.938766103139010433e-01
-8.358686716908358960e-01
-1.354690938332805406e-01
9.392382925233255797e-02
1.591937343815224004e-01
-8.594674598719167502e-01
-6.871582547345178593e-01
-2.445990168185632196e-01
3.612662496263219225e-02
8.830923982211376089e-01
-1.048765075745017317e-01
-9.031920512951008284e-02
3.085647547213286046e-01
5.549985417999325765e-01
-8.213592853765296908e-01
2.210344439216020973e-01
6.411738590291067297e-01
-8.215754009274309766e-01
-6.900550626356716233e-01
3.917653865332331176e-01
-6.787973766485100313e-02
6.601564636826042776e-01
5.524767106047125953e-01
3.133709528205730344e-02
3.321651740319979673e-01
-7.749115358370441964e-01
-9.011750964933451513e-04
3.119375872313434606e-02
1.752942977366147570e-01
-6.373295252027408875e-01
5.353630580919244153e-01
-2.692742528956182380e-01
3.957796027613926793e-01
1.755491450650719099e-01
2.640938768346801080e-01
-8.824168726862446910e-01
-6.375409297792264951e-01
8.136477685511820379e-01
-3.804107269291983062e-01
-3.719772315204186164e-01
-9.642233788486589408e-01
2.333244672222980487e-01
-4.775042455561098187e-01
-1.928101045514862832e-02
4.936034242808602368e-01
6.609397116084738677e-01
-6.258463562660558921e-01
-1.813126097340589382e-02
8.389827116400987439e-01
1.207874170619160914e-02
-4.135022796434917325e-02
-4.067479723952074355e-01
-7.802926582641522835e-01
-1.428113937472199613e-01
-9.121943390149005459e-01
-6.512064560858650264e-01
5.465492123450281792e-01
5.002112380674617054e-01
9.392874619696067739e-02
1.814269269925889994e-01
7.810688198113022729e-01
7.681197440586291503e-01
-9.949422916625527691e-02
4.626248304192321914e-01
-1.736191108882647605e-01
9.103839594983309524e-01
-2.342135031262373435e-01
2.872708216385431168e-01
2.245041788669053240e-01
-4.212882933318171652e-01
-3.051056041099540206e-01
7.402561726766132555e-01
4.954797299191953108e-01
5.858993003661292498e-01
-1.193710097811455650e-01
-9.512259771533948527e-01
-9.751554824727153292e-01
5.760720581975011800e-01
1.584587176619585147e-01
3.896652753910914146e-01
2.574516958171899628e-01
9.437382532723834760e-01
2.292386396605936572e-01
8.351517499146490220e-01
9.575552289806452677e-01
5.629967420427250957e-01
-1.681977544800490332e-01
-9.644929088385267857e-01
-6.356090766673894166e-02
-8.171768078578269812e-01
9.062168960421472796e-01
8.704191184020475536e-01
7.469630092385792786e-02
-9.155137623327902485e-01
5.442015500968526709e-01
7.610892399640114547e-01
8.549215483864271992e-01
-1.840870046387954595e-02
-8.695476423506030006e-01
-1.067556829858098411e-01
8.316259535363490496e-01
-4.666515509603770262e-01
-9.447121529258046824e-01
-3.176556960752328074e-01
-2.564293475710737180e-01
-8.133513703987311771e-01
-3.155932026710643878e-01
3.694118769252485723e-01
5.256011757857281808e-03
5.004047076268165473e-01
