2.846377863147618870e-01
3.962854860754791986e-01
4.752472597111926933e-01
-1.286241446812290135e-01
5.702985627191273776e-01
1.113366413070338290e-01
-3.362482008486983309e-01
1.611569287264006944e-01
3.547555466641510447e-01
2.310522768655808856e-01
6.838980609408121247e-02
-4.345488593367714536e-01
3.917100370558412314e-01
-1.118678406132338349e-01
-5.114161595663355708e-01
4.255810079301454441e-02
-7.717688587679617795e-02
1.495172031665149004e-01
1.725729051676498649e-01
-3.049971680457045919e-01
-3.608714111702496230e-01
2.773404543617354889e-01
7.564505542760531220e-01
2.197011040856726161e-01
-2.613196474928729529e-01
5.325436101148163237e-01
-2.535707344464653290e-01
3.415305199816154325e-01
1.019480124877799876e-01
-3.783641692065574103e-01
6.895963505757187750e-01
2.789381071976790305e-02
6.031917902727486069e-01
4.069467118163626052e-01
-4.660488771339543201e-01
5.854980460105962264e-02
-6.730360367309609626e-02
-1.547318821654046495e-01
1.808083261187921342e-01
-7.580979704579720035e-01
-4.040720198907363225e-01
-1.673038214233814880e-01
2.231705522818658860e-01
6.578496650703125059e-02
-7.312561624723995513e-01
4.926999818386703645e-01
-1.279757466687526102e-01
-1.694567242060164569e-01
-2.555180421651152556e-01
-4.409518107450409730e-01
5.756487766015564445e-01
-1.797113119327677921e-01
3.057915861185488415e-01
-5.933142858027079525e-01
3.451523787023755840e-01
7.551259496286500950e-01
3.684997639452891605e-01
-4.064147467368394717e-01
2.962096975971483248e-01
5.323332699061273932e-01
-3.170180385650624155e-03
5.842215868217408570e-01
1.345035256268182766e-01
-1.643409368531106168e-02
-5.897762368429038116e-01
-9.262517223573332181e-01
-4.861428624815251065e-01
5.655018344263600394e-01
-5.123919392515907667e-01
4.943270817167977338e-01
-5.571547267918433577e-02
-4.407111336962930837e-02
3.341817010210841321e-01
3.671741415052172108e-01
6.625417205384603880e-02
1.977557847971859462e-01
4.707214634872267656e-01
-7.093156098085025008e-01
1.475025027095523134e-01
7.518053575880202510e-01
-2.177016382542930062e-01
-7.308236722769256843e-01
-4.661285645561638602e-02
5.408821522253612901e-01
-3.513203886027088663e-01
1.366518970995329596e-01
-1.469547517046276564e-01
-1.736049785604616980e-01
2.697560602571810739e-01
7.076641174684240587e-01
2.324296360551554863e-01
6.658466540498660102e-02
-9.766807482652928307e-02
1.997925987508149537e-01
-7.774793932020092058e-01
2.786470331947125678e-01
7.459899658712071391e-02
-3.125037091553887203e-01
5.857719199516062125e-02
7.038742778516091647e-01
-3.556533725167196902e-01
1.387271883501202396e-02
-2.319087384734927482e-02
-1.061450084823992168e-01
-2.253852707595973004e-01
-3.369469279491049130e-01
-3.710342571426442637e-01
-9.054311136626883583e-01
7.048745478391627017e-01
6.047283578289859296e-01
-2.947057032814652811e-01
9.519202421968724070e-02
-4.691649826939953138e-01
-1.819981220000407851e-01
-6.506683708288172330e-01
-2.217518077154413680e-02
6.586931956798509902e-02
-7.434935545232779219e-02
-9.033322574428810370e-01
3.061098521222305191e-01
-8.927899460951123356e-02
-9.270909142633698696e-01
-3.601699319994938753e-02
-1.287858026394930744e-03
6.573136253823655406e-02
-4.086039032531159076e-01
6.926152034549540315e-02
-5.380201639350217224e-01
-7.252378472075128590e-02
-3.439621653998179984e-01
-1.273593363157776159e-01
-5.573106712791869866e-01
-6.543287179773192852e-01
4.601418296750160453e-01
-3.315096760641463025e-03
-6.486491558058353757e-01
1.259651842106255526e-01
3.490019430189835181e-01
3.737804967297460035e-01
4.198990773680935651e-01
1.995757051067444943e-01
3.734346312179785410e-01
-6.631731136808141081e-01
2.662458580155911692e-02
5.764886147332954902e-01
-6.179212276386343294e-01
-3.233028696143543934e-01
4.124628264150007606e-01
-3.572690552172548550e-02
8.821201991346104831e-01
-7.466790263694572660e-02
5.538769441919421110e-01
1.941779020598503602e-01
-3.598196609543007907e-01
-5.538631437779159561e-02
1.369576992174457719e-01
-5.058118277903405069e-01
-6.044067307021746410e-02
-5.624249782198479375e-01
-4.724286872987305541e-01
1.394463215065142037e-02
-4.830538568045972259e-01
-1.468284940909891922e-01
2.958951063775525636e-01
4.690788236493328989e-01
1.855118215130797665e-01
2.860674327435629993e-01
3.476422148561805758e-01
6.515573470195386296e-03
-1.852489458668939437e-01
3.961650462390455818e-01
-7.718612996433766860e-01
2.836286198528020774e-01
9.838666925634093063e-03
-2.743999121799595153e-02
5.243126739208009424e-01
2.304219969039133509e-01
6.081592807667082212e-01
9.720071018284821840e-02
4.687706991018120162e-01
-5.317000945520029553e-01
-4.416585924789691031e-01
2.557856323707886625e-01
2.557022326613195284e-01
3.987204148073761889e-01
-5.568473861172515971e-01
-1.054469969384230210e-01
2.881021099525920004e-01
-4.070015286283228395e-01
-7.388499983682186301e-01
2.820046882308029912e-01
1.708035827607504720e-01
-4.093841842364813188e-01
-5.425546973958158548e-01
5.530335792881189150e-01
-7.033403959109779668e-01
3.541879157280256041e-02
4.523929453258016542e-01
-2.419691441995271974e-01
5.070115098161896983e-01
-4.824390014303100438e-01
3.603888051035980533e-01
6.247229291045723887e-01
1.925006721773132035e-01
3.855144734743951029e-01
1.726784466263528162e-01
-2.848333243141200344e-02
2.929388946218769996e-01
-1.895421597999730479e-01
-4.040998847259325011e-01
-3.396608389218465085e-01
-2.580961643099761726e-01
-4.095297648808561841e-01
8.267508830347132243e-01
7.761123864002646144e-02
6.089236483176087011e-01
-2.896375849159700255e-01
1.882936987151513919e-01
-4.743525707337009623e-02
8.682197319992007722e-01
-2.380832973804288683e-02
-8.197098930752972912e-01
4.282682661493242282e-01
1.336738239936043349e-01
7.624489861261717349e-01
-8.193704666858112051e-02
2.132549162052549407e-03
5.181293665745900778e-01
2.865450751329650103e-01
2.087720011046395041e-01
-5.580774265469494733e-01
5.257121745519331979e-01
1.869645903061935011e-01
4.772026900504063862e-01
-1.382154599698386943e-01
3.709916683115355718e-01
-2.914891821883718870e-01
4.134566219058946057e-01
7.665988845659087447e-01
3.600105830925935946e-01
-7.007015355497721032e-01
-3.763218179578563527e-01
-9.812011352032015687e-02
4.313806339848177962e-02
4.044815806929274449e-01
-6.573198790058334962e-02
3.683184341551478114e-01
4.699479741851402270e-01
4.074908541699621689e-01
-1.312731969905535645e-01
1.403222293022061695e-01
7.082088358860062494e-01
-6.783311736159589600e-01
2.665402861796711820e-01
-2.625297515973928908e-02
3.653790667119009017e-01
4.591759240924690733e-02
-9.104919301598408954e-02
-5.170338820261575208e-01
-2.581767152737864945e-01
-3.322259190961592834e-01
-8.078905659734496314e-02
-2.489192011524434811e-01
1.631824226385380772e-01
-8.914969055680957433e-02
