2.158852247883467967e+00
9.617796927703444743e-01
-2.378984160590523200e-01
-5.611889058152475657e-02
3.910063049751079656e-01
1.152468979366760848e-02
-8.818815829554328412e-01
2.492164138361117887e-01
-6.144051782899873082e-02
2.355018600305335552e-01
-9.893780468060003885e-01
-8.770149560114505194e-01
7.501382601394396277e-01
9.993351044349199075e-01
-8.296537190533551098e-02
-5.382704703469838314e-01
1.202604083092842779e-01
-1.009570390579126009e+00
-7.472724946239379662e-01
3.592995676807532179e-01
4.097155909267283791e-01
1.553362011779301222e-01
-4.339834476024079235e-02
-9.499930957566931067e-01
-6.163427442699427328e-01
-3.512074577005218079e-01
-2.814023556348931310e-01
-1.059450840260037552e+00
8.165212320449799499e-01
-1.747737112394203568e-02
-6.165595717488337596e-02
3.130778584536791920e-01
-3.365847825428976980e-01
6.063227057224688243e-01
-2.864317149995099787e-01
-3.309852538712470538e-01
3.633056212605456636e-01
9.858379499389562373e-01
-5.884200260428685825e-01
-5.307710195978501133e-01
2.467456620043300963e-01
-7.940273781009679066e-01
4.031667291399994024e-01
4.930835930167625225e-01
-1.773818839586167040e-01
-7.761913040017417997e-02
-9.221312239717414094e-01
-4.304714961223078951e-01
-8.566343561427265385e-01
6.862641968976609386e-01
3.182147758878195454e-02
-5.433004151293847617e-01
2.306715845371805906e-01
-3.274271038139584533e-01
-8.051937811997844641e-01
-5.813476482188698613e-01
1.029619230638799954e-01
9.300759873901933705e-01
2.417787558997414876e-01
-6.933808965536800706e-01
3.009810249196891996e-01
-1.982170837761544069e-01
-6.026198804142470777e-01
5.911046118369355229e-01
1.283404008827244036e+00
1.066756013755880250e+00
2.214311263911749872e-01
-5.835875026650851893e-01
8.510434285645037678e-01
-9.472062899043204309e-02
-9.715402011758811351e-01
-3.280315488074635188e-02
-3.251823281838625568e-01
3.278126859066823329e-01
6.720742881136598790e-01
-1.771641253303232466e-01
-2.664544655440918564e-01
-1.197260014632994807e-01
5.882045906899747711e-01
-5.627017675110874695e-01
-3.010149636935745554e-01
6.172882378289018535e-01
4.919684487303206955e-01
-4.929590099901104416e-02
-7.116394902942152489e-01
2.174118783083303641e-01
-5.191933117812956855e-01
5.060913211564026515e-01
4.564172976218146549e-01
1.718508527163210287e-01
7.559799474493860139e-01
-2.245288009028015563e-01
-8.374479237206532423e-01
-3.293352352367052982e-02
-3.329775014611068007e-02
-1.095501211971937616e+00
-4.535625608161532041e-01
-3.936261373919336393e-01
7.402501766436629937e-01
1.393449365160119024e-01
-1.027567378852698665e+00
7.379739214035042627e-01
-3.527414429840992210e-03
-5.933910569595853834e-01
-3.438635319093711340e-01
7.610306050808433032e-01
6.719779328714927669e-01
4.246001592780478395e-01
2.177268375912445597e-01
-8.842480758840263189e-01
3.376886101143130592e-01
-5.605530769531119617e-01
-3.384868528343811245e-01
3.845604883274451047e-01
-9.968433886403693656e-01
-9.962898811738335469e-02
-9.535585160080337630e-01
4.453325686067813871e-01
6.544172564439239004e-01
2.069153849015959445e-01
-5.594925787831039887e-01
-1.028819304074234608e+00
-1.142538987582397247e+00
5.890955194727692801e-01
1.058668866318767110e+00
3.549909471863653687e-01
1.529725227824209055e+00
-6.407202587840574726e-01
1.322535793663942028e-01
5.110657933180631218e-01
1.466333753695365782e-01
-5.159732146116852158e-01
-1.083823963926361600e+00
7.347010334225890782e-01
1.057847526581888520e+00
1.871838520988342025e-01
-5.393595735277838532e-01
9.111702947544064735e-01
-6.324797630133491833e-01
-6.938535478593413908e-01
-2.173708616076447664e-01
-7.333773735094668567e-01
4.907395718089665460e-01
-4.467863136649673217e-02
3.546919112151572517e-01
-7.696236303912933341e-01
4.790308602173336538e-01
-1.383910022588005218e+00
4.430385790678574298e-01
5.015531095433864994e-01
1.461429602960426510e-01
1.051127439383102047e+00
-7.591200516246489061e-01
3.809228247484280905e-01
7.764076217130972957e-01
-5.366591201493260410e-01
4.156108829498130208e-01
-7.128933718475104486e-01
4.216755221922791064e-02
7.350556994290335933e-01
4.861483919193390069e-01
-2.764778058774988723e-01
-4.269853820247589415e-01
8.856973030439247996e-01
-1.162048189312500507e-01
-2.188452743872217054e-01
1.806754744111450650e-01
-7.894313040006676330e-01
3.081560405348365284e-01
-6.399331021382895779e-01
-7.984592406383596019e-01
1.630867306579258380e-01
5.345024156329860610e-01
8.254166806728363559e-01
-6.057975572860572200e-01
1.243020986833330621e+00
-5.281745387122053215e-01
-1.123671149055729956e-01
1.385250284882441063e+00
-2.608514429883979635e-01
-6.591771827383834381e-01
-8.340999860384882281e-01
-6.184926926351763665e-02
3.476166890358183270e-01
-4.148059390043455363e-01
4.368824428688413697e-01
-3.064183167204598268e-01
7.882516281607367947e-01
-2.315608404204593240e-01
4.241447959428791270e-01
-3.484685489018973237e-01
8.290869475705509029e-01
-7.281016779954920803e-01
-7.130487168966603839e-01
1.305067015858929202e-01
-2.930900450743167962e-01
7.242604152467950751e-01
-7.166332636022710867e-01
-3.460527440809640920e-02
1.588529737314524182e+00
-7.806291879801107170e-01
-6.278839753539815494e-01
-6.924233401196090709e-02
7.714978213085772474e-01
-6.548728843897251295e-01
-8.684299419216490179e-01
8.938741018785624215e-01
-3.422662729630704392e-01
9.018986599509173363e-01
-3.221208692399806228e-01
-1.155692473513492968e-01
9.380420839421071966e-01
-2.250294379244081044e-01
4.887225891500375785e-01
9.870710476270190548e-02
6.745960137825327552e-01
6.496173332630529318e-01
5.237579517598530687e-01
6.593310839021846448e-01
9.032754110227397826e-01
7.574937768588048126e-01
-5.297612631700336916e-01
-4.070322858003041500e-01
-9.141055929329926499e-01
3.712862994805236072e-01
9.025336959478590382e-01
6.770131796385183698e-01
6.796149451572665035e-01
9.981724724736643073e-02
-2.031072019883798097e-01
-3.193704912362991255e-01
6.029003588273548764e-02
4.512302052536635855e-01
-2.508029276029726251e-01
1.441170040243105133e+00
7.678412269783075894e-01
7.559059673742341001e-02
-8.392717390275181710e-01
-5.534414102277460459e-03
-4.455758355499605528e-01
-7.328422863421577005e-02
5.767996242526736150e-01
5.954707333678400244e-02
1.011825391227115123e+00
9.761167111604582280e-02
5.342023310769489219e-01
3.095255031708649129e-01
2.127775380582247119e-02
-7.908879952491837395e-01
-1.124438903708795845e+00
6.822974383928084308e-01
-9.884375160887427514e-01
1.844126854594291265e+00
3.613054911872684571e-01
4.579686247402638133e-02
-1.695738808814214460e+00
-1.194300986637094608e+00
-2.364895820892162215e-01
1.035285036118591462e+00
-3.398015714704715751e-01
-1.660550776609405754e-01
4.285609286532550133e-01
-7.730397844464838020e-01
5.369239673174704963e-01
-6.329805239997872146e-01
