8.907215443772348307e-01
-5.188833286229848074e-01
-2.956959017117151145e-01
-7.405171788089977003e-01
-6.879994328207207355e-01
-5.996214532971485545e-01
4.020266351820181439e-02
8.238853185373912202e-01
-2.496255002192003525e-01
-8.819462419729779956e-01
5.055527867706208905e-02
3.215668150907984302e-01
-4.533569777871194750e-01
-9.856681849955747365e-01
2.478268088113873557e-01
6.817044492485507812e-01
-2.994000482079943737e-01
-6.774651094105960114e-01
-2.787142667612915181e-01
-9.537603250613808648e-01
6.336108078557443068e-01
-4.167745742926948216e-02
-8.834704592270297141e-01
4.274229214672722876e-01
7.082194337405010170e-03
5.424027486932760933e-01
-9.513982484146489282e-01
-1.671441669683985942e-02
-3.826008004375122118e-01
3.741993938802012920e-01
2.557388228907142569e-01
6.500181285518575880e-01
-1.572728944223377168e-01
-8.068185340615449119e-01
-9.657292253278095817e-01
1.863528293803448088e-01
5.069467758366822709e-03
-8.247818132460181806e-01
-1.545852982584456636e-01
-7.374100989531042760e-01
9.185046692032143856e-01
-8.804991785580394970e-01
8.774781482192808291e-01
-1.192102540452171788e-01
5.618465877604972292e-01
-5.094511628299046302e-02
-3.157941662167231267e-01
-4.918730810425814837e-01
-3.396876463812048552e-01
4.015400203272543322e-01
-8.777177087780450859e-02
-4.013410617980130990e-01
8.059437362923489445e-01
4.042361835949398463e-02
-2.108350859455137005e-01
1.302789022197833602e-01
5.268237424266617452e-01
6.981237487492165938e-02
-1.979350351357603566e-01
-6.107683156392282875e-01
-3.995223605062001582e-01
6.987591161041736276e-01
5.421289474692831956e-01
5.594442523285584334e-01
-1.987837555985589866e-01
1.226062450053347491e-01
7.534168814252593105e-01
6.400564891066622408e-01
6.729923887438958863e-01
4.046482363345623723e-01
7.780973111854955215e-01
6.538843882857411360e-01
7.067522892127027223e-01
5.892845858568832584e-01
2.023774512798750397e-02
8.600178442857971950e-01
-5.548125617052040992e-01
1.042501663773226506e+00
-1.575803268350851882e-01
-2.616937970373763855e-01
3.513001754043850178e-01
-6.409819572470706328e-01
-3.113073512710133883e-01
1.554791565002444087e-01
-3.545624148129155606e-01
-2.354174993431758789e-01
-4.389517730633736292e-01
-6.124176356611732430e-01
4.100834835391568012e-01
1.497849414889586006e-01
-2.303397530054492326e-01
-2.701242168939620436e-01
-7.842223212766848972e-01
5.779539348635549523e-01
-9.143789955904313427e-01
-4.100669413009151998e-01
2.448245542451895074e-01
-1.210785614295241536e-01
4.052417359146390785e-01
-1.581372850374575534e-01
-6.972056208549836098e-01
-8.835118617936322805e-01
-8.758208301299339471e-01
-2.478710881755904760e-01
1.368615604541336961e-01
-4.298709062091992106e-01
7.407952274923553793e-01
-6.215918311315700162e-01
9.110247133845266188e-01
-7.926464780116183606e-01
4.162118895820364761e-01
1.155595632260063843e-01
2.205967198842285482e-01
-1.895379604511013283e-02
2.697837699735859962e-01
-4.758105882876644682e-02
-7.104165611430549587e-01
2.501554839298882893e-01
8.303810302508274344e-02
-3.773337455647181315e-03
-2.444219595937134337e-01
9.118989775771402240e-01
9.642899953889300102e-02
7.624115691343870127e-01
-7.489179521540904050e-01
2.028674910064096754e-02
-7.162407015158858137e-01
2.233667033637263821e-01
7.588903176252714822e-02
6.633264186887881664e-01
-4.706873477696054131e-01
-4.430858112104587576e-01
7.574722334097454546e-01
4.025391666748019404e-01
9.116181509896564839e-01
-7.986991813148677233e-01
-2.767982005755491026e-01
-4.850544559994044436e-01
-4.230261918419778722e-01
5.522526659759926515e-01
1.235438988469100829e-01
1.326071206397165803e-01
5.038918681369963792e-01
3.640689926315200386e-01
-1.068814146265582715e-01
-2.719510904673114182e-02
-2.023532489824361735e-02
6.051323553648308984e-01
-5.652958598747575003e-01
-1.000843642456979543e+00
7.696296586870754464e-01
-1.101249781034594477e+00
2.044057145333265380e-01
-7.523172650188155730e-01
-2.885915196418459838e-01
-5.045406189091308224e-01
6.391462666341515275e-01
2.331821763135423775e-01
-7.768490160539872624e-01
-5.615244160528691797e-01
-2.921402972577950563e-01
-3.449046517505905962e-01
7.967903094086600246e-01
6.704186669818259503e-01
-6.931937085500095019e-01
4.850561888999006532e-01
-1.035880031650715960e+00
-3.082163769112161722e-01
4.020678057674528239e-01
2.518483216905763600e-01
4.741369743996755315e-02
-6.601474238031080910e-01
1.385444175154166013e-01
9.123504364185343052e-01
3.173796960346954021e-01
-5.655282456134146374e-01
8.753594053326202440e-01
-5.138122959227239273e-01
1.028871561221115782e-01
-4.394069775033832559e-01
9.765490362241309175e-01
-5.597827812070014231e-01
-3.577964320936204423e-01
-5.957315652862262834e-01
5.062822987829815879e-01
-1.149788920719419794e-01
7.144674126373674605e-01
-8.541669591814482487e-01
-3.030752594605405914e-01
6.460340724209487906e-01
7.137382182273244169e-01
-8.778742671280204135e-01
5.052497368724290228e-01
-6.425298439599932965e-02
2.616665118414291391e-01
2.323737455293205245e-01
-5.981285013662136496e-01
4.540469167549028295e-01
6.021774654605360766e-01
1.324316363821266274e-01
-3.407573894337998510e-01
-3.919446642898432032e-01
-1.005518979653357237e+00
6.327115112271748665e-02
-7.036754374966892600e-01
8.595553416965614479e-01
9.340278664230794448e-01
5.036365376049650733e-01
-3.301759228600885665e-01
-8.266688410981481994e-02
-6.935031513255935920e-01
9.123025901817714001e-01
1.959370007359906019e-01
8.548084299899945115e-01
-4.182744040052388534e-01
-1.211776788824823203e-01
-5.960385027973313932e-01
3.201121884702708142e-02
-1.762211870414462367e-02
5.428597778624187631e-02
6.027402144016794638e-01
6.665251865265715558e-01
-1.157882758761549918e-01
4.573305215555252823e-01
5.893067582016409123e-01
4.333506619449260799e-02
1.420076186400309748e-02
-1.481814785760243725e-02
-3.896913830700210468e-01
1.000331664647953422e+00
-3.971369376180406557e-02
7.187325846663108475e-01
4.361067201086280543e-01
-1.925090153087746503e-01
-9.321756565612692169e-01
2.446775446879384530e-01
-4.811872791191931786e-01
3.162969985827649988e-01
5.199749932331479974e-01
3.540775534343003628e-01
-3.043871194032495842e-01
1.449577744405212698e-01
-6.423515529222141307e-01
1.039519303885177992e-01
1.020835045952327436e+00
6.290583979409979376e-01
-5.572805990595020020e-01
-1.427488042244575983e-01
-6.417374853799554524e-01
-8.891944244305104439e-01
-3.773667264394110488e-01
-8.408483015240868497e-01
9.715023885373751389e-01
7.488431484091756518e-03
3.873726322892255824e-01
6.412349849773775201e-01
-1.011259032652648493e+00
-4.338145986463676218e-01
1.824731561044306283e-01
7.753874379541951800e-01
-1.044715827627810345e+00
9.684695129365891164e-01
4.709733653388995522e-01
-4.098557334057231216e-01
-4.041388006107700104e-01
